X, P, T, M, alpha, eta, rhou_x, rho, P_tot, T_tot
-0.049, 151995.220395, 306.281931041, 0.167472162505, 4.78915917605e-12, -0.00013752605833, 101.574923981, 1.72877658151, 154979.339696, 307.999996825
-0.0481672240803, 151995.265574, 306.281921845, 0.16747258782, 5.14328914376e-12, -0.000252933643724, 101.57513504, 1.7287771838, 154979.402185, 307.999997048
-0.0473344481605, 151995.310752, 306.281912649, 0.167473013133, 5.49741763981e-12, -0.000368340749516, 101.575346099, 1.72877778608, 154979.464675, 307.99999727
-0.0465016722408, 151995.287936, 306.28191176, 0.167473086777, 6.59603409052e-12, -0.000328071167326, 101.575286396, 1.72877757518, 154979.445715, 307.999998868
-0.0456688963211, 151995.210291, 306.281917569, 0.167472876841, 8.29500311683e-12, -0.000162265693877, 101.575008354, 1.72877670853, 154979.361074, 308.000001577
-0.0448361204013, 151995.132645, 306.281923379, 0.167472666904, 9.99398144438e-12, 3.54068729732e-06, 101.574730312, 1.72877584188, 154979.276432, 308.000004286
-0.0440033444816, 151995.054999, 306.281929188, 0.167472456966, 1.16929690732e-11, 0.000169347976203, 101.57445227, 1.72877497523, 154979.191791, 308.000006994
-0.0431705685619, 151995.09207, 306.281918089, 0.167472941028, 1.08440946077e-11, 6.30576084447e-05, 101.574647926, 1.72877543925, 154979.24916, 308.000007201
-0.0423377926421, 151995.17012, 306.281900949, 0.167473672994, 9.08509273205e-12, -0.000140429243511, 101.575012795, 1.7287763786, 154979.357258, 308.000006513
-0.0415050167224, 151995.248168, 306.28188381, 0.167474404954, 7.32610349346e-12, -0.000343914633576, 101.575377664, 1.72877731795, 154979.465355, 308.000005826
-0.0406722408027, 151995.30438, 306.281868921, 0.16747502013, 5.73942202431e-12, -0.000498773867693, 101.575653041, 1.72877800021, 154979.547108, 308.000005051
-0.0398394648829, 151995.176085, 306.281873042, 0.167474648579, 5.60855142358e-12, -0.000242777269054, 101.575172257, 1.7287765102, 154979.406269, 308.000003541
-0.0390066889632, 151995.047789, 306.281877162, 0.167474277024, 5.47767958395e-12, 1.32217530057e-05, 101.574691472, 1.72877502018, 154979.26543, 308.00000203
-0.0381739130435, 151994.919491, 306.281881283, 0.167473905465, 5.3468065054e-12, 0.000269223198521, 101.574210688, 1.72877353015, 154979.124589, 308.00000052
-0.0373411371237, 151994.964033, 306.281862974, 0.167474587279, 5.57510496187e-12, 0.000125254440855, 101.574455047, 1.7287741228, 154979.197931, 307.999998333
-0.036508361204, 151995.100537, 306.281832732, 0.167475829548, 5.99450365925e-12, -0.000231523337539, 101.575085232, 1.72877582357, 154979.385233, 307.999995786
-0.0356755852843, 151995.237039, 306.28180249, 0.167477071801, 6.41389715265e-12, -0.000588296688968, 101.575715418, 1.72877752432, 154979.572532, 307.999993238
-0.0348428093645, 151995.241332, 306.281789808, 0.167477606786, 5.88291697424e-12, -0.000637754360323, 101.575807374, 1.72877764558, 154979.600285, 307.999994095
-0.0340100334448, 151995.020329, 306.281807049, 0.167476936543, 3.73241138666e-12, -0.000163523712284, 101.574982148, 1.72877507527, 154979.356159, 308.000000753
-0.0331772575251, 151994.799322, 306.28182429, 0.167476266291, 1.58187085607e-12, 0.000310714641408, 101.574156921, 1.72877250491, 154979.11203, 308.000007412
-0.0323444816054, 151994.690359, 306.281825537, 0.167476277009, 1.12131123297e-12, 0.000520897420066, 101.573805929, 1.72877128945, 154979.006742, 308.000012168
-0.0315117056856, 151994.917932, 306.281778744, 0.167478333072, 5.73675643319e-12, -6.20414442821e-05, 101.574879331, 1.72877414358, 154979.31848, 308.000011211
-0.0306789297659, 151995.1455, 306.281731952, 0.167480389092, 1.03521040861e-11, -0.000644967988237, 101.575952733, 1.72877699764, 154979.630211, 308.000010254
-0.0298461538462, 151995.204495, 306.281703498, 0.167481510016, 1.28525624424e-11, -0.000849345946735, 101.576320255, 1.72877781908, 154979.737073, 308.000008773
-0.0290133779264, 151994.84179, 306.281720918, 0.167480291763, 1.00625392126e-11, -0.000106753897942, 101.574921935, 1.72877355573, 154979.331438, 308.000005981
-0.0281806020067, 151994.479075, 306.281738339, 0.167479073475, 7.27243916461e-12, 0.000635858596763, 101.573523614, 1.72876929226, 154978.925792, 308.00000319
-0.027347826087, 151994.469003, 306.281711874, 0.167480014379, 5.75521727218e-12, 0.000568546885576, 101.573636695, 1.72876934518, 154978.957419, 308.000000972
-0.0265150501672, 151994.855846, 306.281636016, 0.16748338549, 5.6707464296e-12, -0.000410363530897, 101.575450928, 1.72877425635, 154979.481212, 307.999999401
-0.0256822742475, 151995.242675, 306.28156016, 0.167486756481, 5.58627860442e-12, -0.00138923897948, 101.577265161, 1.72877916735, 154980.004987, 307.999997829
-0.0248494983278, 151994.838686, 306.281574435, 0.167485676799, 5.35140890182e-12, -0.000578812884646, 101.575756069, 1.7287743883, 154979.565577, 307.999996839
-0.024016722408, 151994.234411, 306.281611536, 0.167483469982, 5.07844055178e-12, 0.000684771994388, 101.5734054, 1.72876715511, 154978.882229, 307.999995996
-0.0231839464883, 151993.964097, 306.281609029, 0.167483264761, 1.5184837682e-12, 0.00118773825146, 101.572467672, 1.72876400899, 154978.611201, 307.999996614
-0.0223511705686, 151994.635595, 306.281494827, 0.167488704104, -1.13103016473e-11, -0.000454329938984, 101.575514455, 1.72877238894, 154979.502962, 308.000001355
-0.0215183946488, 151995.307054, 306.281380633, 0.167494143121, -2.41383174805e-11, -0.00209629962388, 101.578561239, 1.72878076838, 154980.394669, 308.000006095
-0.0206856187291, 151994.537227, 306.281423772, 0.167491523093, 5.94782036414e-11, -0.000499991917869, 101.575625394, 1.72877175911, 154979.53198, 308.000005264
-0.0198528428094, 151993.524883, 306.281493383, 0.16748754715, 1.5932535391e-10, 0.00164119050737, 101.571683176, 1.72875982397, 154978.374095, 308.000003496
-0.0190200668896, 151993.749515, 306.281413901, 0.16749087829, 9.67548003912e-11, 0.000957201650842, 101.572934906, 1.72876284223, 154978.73925, 308.000002516
-0.0181872909699, 151994.888757, 306.281224189, 0.167499611995, -8.59022772686e-11, -0.00181567815285, 101.578027208, 1.72877691689, 154980.230518, 308.000002119
-0.0173545150502, 151994.869853, 306.281166376, 0.167501820761, -4.40732432248e-10, -0.00196849933218, 101.578302285, 1.72877701366, 154980.309622, 308.000001318
-0.0165217391304, 151993.204506, 306.281296062, 0.167494754015, -1.04039927426e-09, 0.00160336709158, 101.571729196, 1.72875723927, 154978.381185, 307.999999943
-0.0156889632107, 151992.847462, 306.281270057, 0.167495358991, 2.08818563358e-10, 0.00219367346799, 101.570643167, 1.72875327561, 154978.061397, 308.000000111
-0.014856187291, 151994.767616, 306.28097308, 0.167509316352, 4.67563215851e-09, -0.00240557562164, 101.579107393, 1.72877683157, 154980.541542, 308.000002964
-0.0140234113712, 151994.708599, 306.280904849, 0.167512062572, 1.74444683499e-09, -0.00251643549521, 101.579332145, 1.72877659274, 154980.605351, 308.000006594
-0.0131906354515, 151991.979013, 306.28114525, 0.167499682202, -1.11700269888e-08, 0.00342897387661, 101.568439393, 1.72874424688, 154977.408754, 308.000011271
-0.0123578595318, 151992.758597, 306.280958563, 0.167507754774, -1.34936585894e-08, 0.00134595136697, 101.572240018, 1.72875415974, 154978.521959, 308.000007853
-0.011525083612, 151995.972192, 306.280475672, 0.167530012668, -8.46980944416e-09, -0.00630561402539, 101.586233939, 1.72879338371, 154982.624456, 307.999998821
-0.0106923076923, 151992.631695, 306.280767053, 0.167514976058, 1.03937860722e-07, 0.000961267857743, 101.57291905, 1.72875373736, 154978.717788, 308.000004908
-0.00985953177258, 151990.264483, 306.28093843, 0.167505727556, 6.46341801365e-08, 0.00599638938829, 101.563703799, 1.72872584959, 154976.011513, 308.000010097
-0.00902675585284, 151995.601245, 306.280181333, 0.167541231542, -6.01185900849e-07, -0.00656411510923, 101.586739295, 1.72879083943, 154982.759957, 308.000002487
-0.00819397993311, 151992.587903, 306.280401391, 0.167529038717, 1.78646460467e-07, -0.000148572156621, 101.574940606, 1.72875528099, 154979.296128, 308.000000067
-0.00736120401338, 151988.528713, 306.28073961, 0.167511118241, 1.62101892861e-06, 0.00862996595775, 101.558814854, 1.72870713744, 154974.564126, 308.000000414
-0.00652842809365, 151997.359449, 306.279552767, 0.167567804116, 2.76880601828e-06, -0.0119386447109, 101.596585037, 1.72881424094, 154985.639944, 308.00000128
-0.00569565217391, 151989.313435, 306.280338072, 0.16752794233, -1.72197682158e-05, 0.00583677540854, 101.563976944, 1.72871840256, 154976.068292, 308.000005448
-0.00486287625418, 151991.06639, 306.279958382, 0.167544831175, 2.47612958138e-05, 0.00128392600668, 101.572324181, 1.72874047326, 154978.515747, 308.000005616
-0.00403010033445, 151995.917863, 306.279198704, 0.167580028924, 4.32685756894e-05, -0.0103671666651, 101.593682123, 1.7287998132, 154984.779977, 308.00000236
-0.00319732441472, 151982.374861, 306.280585322, 0.167510106358, -0.000175755962683, 0.0197636915046, 101.538390859, 1.72863790641, 154968.544704, 308.000002305
-0.00236454849498, 152003.766649, 306.27785591, 0.16764184883, -0.000342104694196, -0.0295866338633, 101.629174885, 1.72889672501, 154995.127012, 308.000006092
-0.00153177257525, 151973.505983, 306.281018085, 0.167484506295, 0.00352452971, 0.0379433190707, 101.508621401, 1.7285346607, 154958.742801, 308.00000532
-0.000698996655518, 151978.639972, 306.269736198, 0.168030399095, -0.0104046250155, -0.00875339693735, 101.836680674, 1.72865657554, 154983.656538, 307.999996724
0.000133779264214, 151812.75796, 306.170558364, 0.17280901735, 0.0227477941014, -0.0206387659981, 104.637903655, 1.72732922159, 154987.568636, 307.999996558
0.000966555183946, 151634.360425, 306.082499564, 0.176946005874, 0.0861719821956, 0.0278529865186, 107.032930425, 1.72579572201, 154959.056546, 307.999999798
0.00179933110368, 151480.319223, 305.989189586, 0.181225272412, 0.167735032736, 0.0133505166451, 109.523676384, 1.72456808364, 154964.287614, 308.000001374
0.00263210702341, 151214.681052, 305.830945327, 0.188214773845, 0.282480524221, -0.00257862414956, 113.510734146, 1.72243461171, 154968.125271, 307.999996138
0.00346488294314, 150870.042482, 305.622276309, 0.197198423861, 0.497361407674, -0.0330653521656, 118.783012889, 1.71968227948, 154977.99821, 307.999995734
0.00429765886288, 150533.525026, 305.476923003, 0.203179392817, 0.738723090747, 0.129607852853, 122.127626372, 1.71666369189, 154885.17236, 308.000002004
0.00513043478261, 150418.666988, 305.31148529, 0.209815704065, 1.10979336353, -0.195244009709, 126.072515405, 1.71628281357, 155054.492934, 308.000004831
0.00596321070234, 149953.375874, 305.192167957, 0.214474639733, 1.54721318521, 0.301099432379, 128.490160308, 1.7116430205, 154781.976407, 308.000001622
0.00679598662207, 150110.130764, 305.170866722, 0.215291246486, 1.94150298233, -0.0689084498099, 129.087100838, 1.71355192125, 154980.78439, 308.000006769
0.00762876254181, 149758.252493, 304.990573674, 0.222064660747, 2.36805350652, 0.0113933594061, 132.784758708, 1.71054463122, 154929.894182, 308.000002126
0.00846153846154, 149416.156818, 304.796734627, 0.229193923725, 2.98657757523, 0.0288150081032, 136.726039467, 1.70772315018, 154912.030257, 308.000004218
0.00929431438127, 149169.061853, 304.639049248, 0.234862195656, 3.72569261571, -0.016003123465, 139.849835735, 1.7057818793, 154929.030347, 308.000008803
0.010127090301, 148926.495906, 304.550281018, 0.237979131154, 4.39352291341, 0.15834806937, 141.381285411, 1.70350445784, 154830.695155, 307.999998287
0.0109598662207, 148799.726394, 304.42675552, 0.242234833887, 5.3062460413, -0.00487424134919, 143.594503271, 1.7027450363, 154912.635195, 308.000002546
0.0117926421405, 148627.877599, 304.312782862, 0.246126651296, 6.23235790736, -0.0491317694472, 145.541378086, 1.70141520585, 154930.757404, 308.000004527
0.0126254180602, 148332.98947, 304.224791288, 0.249084628423, 7.11580363331, 0.230340711773, 146.760552152, 1.69853069639, 154775.37013, 307.999997324
0.0134581939799, 148239.047668, 304.112839404, 0.252782417825, 8.10852945604, 0.0422521865575, 148.500576232, 1.69808012499, 154870.776863, 307.999999821
0.0142909698997, 148106.970656, 303.987301343, 0.256884830737, 9.15470886531, -0.116359970205, 150.395032725, 1.69726720713, 154949.39447, 308.000003916
0.0151237458194, 147710.873669, 303.827872518, 0.26199466106, 10.3478160807, 0.125544434103, 152.450006475, 1.6936157797, 154809.70246, 308.000006969
0.0159565217391, 147479.502735, 303.692472511, 0.266278059073, 11.6211726506, 0.12724414286, 154.063548208, 1.69171760337, 154800.750825, 308.000007301
0.0167892976589, 147373.999894, 303.575183795, 0.269937632789, 12.9592471143, -0.0554210613111, 155.327157401, 1.69116047998, 154892.126995, 308.000005545
0.0176220735786, 147097.904907, 303.440707138, 0.274047403887, 14.6012640229, 0.0381884608681, 156.262918013, 1.68873920126, 154833.086675, 308.000003778
0.0184548494983, 146801.283202, 303.305245007, 0.278167581625, 16.276066091, 0.168674033621, 157.111371973, 1.68608735844, 154754.010254, 308.000002264
0.0192876254181, 146654.162441, 303.188570895, 0.281639475593, 17.7576586687, 0.0700258370019, 157.634803393, 1.68504537608, 154799.37652, 308.000004208
0.0201204013378, 146471.641388, 303.06437769, 0.285309144919, 19.2806678714, 0.0160490924407, 158.118961275, 1.68363751643, 154820.024144, 308.000005812
0.0209531772575, 146182.640001, 302.916356614, 0.289611275099, 20.9468207438, 0.0924082955852, 158.486850546, 1.68113592225, 154768.420536, 308.000006439
0.0217859531773, 145915.035089, 302.765906649, 0.293935912255, 22.5852949558, 0.119192563819, 158.777916152, 1.67889218995, 154743.124451, 308.000006512
0.022618729097, 145675.424686, 302.611687079, 0.298305069349, 24.1917839787, 0.0791732050666, 158.964769392, 1.67698904762, 154753.242233, 308.000005836
0.0234515050167, 145363.874502, 302.421108739, 0.303598946919, 26.0971226487, 0.0612769729675, 158.903865197, 1.67445559975, 154748.13343, 308.00000527
0.0242842809365, 145003.581367, 302.20578407, 0.309523705834, 28.2070024508, 0.0579879662905, 158.678802927, 1.67149574685, 154732.912379, 308.000004776
0.0251170568562, 144601.614407, 301.975852882, 0.315686187334, 30.3314051276, 0.0909021715085, 158.020916823, 1.66812895202, 154696.003598, 308.000004416
0.0259498327759, 144184.757949, 301.739572889, 0.321973982711, 32.4766093963, 0.132854551601, 157.24433493, 1.66462345708, 154653.412486, 308.000004118
0.0267826086957, 143742.520005, 301.465222923, 0.329040187454, 34.5856032581, 0.101756058721, 156.248673054, 1.66102459219, 154645.334668, 308.000005923
0.0276153846154, 143266.834071, 301.177381882, 0.336373611144, 36.6863514741, 0.0938868234874, 155.178538017, 1.65710910864, 154622.903787, 308.000007269
0.0284481605351, 142715.683425, 300.860681432, 0.344251805498, 38.732007378, 0.143991192202, 153.926866752, 1.65246961348, 154565.100753, 308.000007454
0.0292809364548, 142168.677396, 300.535920343, 0.352162974771, 40.7448914245, 0.161960856711, 152.370289892, 1.64791237891, 154522.379296, 308.0000078
0.0301137123746, 141617.140694, 300.201915344, 0.360192513582, 42.7581529415, 0.160250324015, 150.625889588, 1.64334679831, 154488.394315, 308.000008236
0.0309464882943, 141001.378376, 299.834412718, 0.368748953124, 44.6297601291, 0.182177086961, 148.769749892, 1.63820126619, 154435.528036, 308.000007517
0.031779264214, 140377.802367, 299.465081647, 0.37722934136, 46.4840913386, 0.216829096917, 146.674403479, 1.63296582642, 154374.372129, 308.00000697
0.0326120401338, 139743.835917, 299.092887878, 0.385636685798, 48.3216905936, 0.266509257172, 144.30961161, 1.62761457427, 154303.351928, 308.000006626
0.0334448160535, 139100.95498, 298.690680149, 0.394468265391, 49.9962504783, 0.239822454753, 142.037805502, 1.62230291468, 154266.859754, 307.999999849
0.0342775919732, 138431.839368, 298.296531512, 0.402997739026, 51.6322038131, 0.298513500614, 139.502232857, 1.61662931367, 154183.970653, 307.999999501
0.035110367893, 137756.812097, 297.901724241, 0.411398202786, 53.2061175679, 0.371269843451, 136.859224085, 1.61087723694, 154091.582234, 308.000001616
0.0359431438127, 137135.497132, 297.48885788, 0.420025325507, 54.6467985457, 0.275834109343, 134.482048389, 1.60583609927, 154084.884441, 307.999995828
0.0367759197324, 136438.615938, 297.113854127, 0.427712064992, 56.0159735313, 0.472856004754, 131.647975543, 1.59968764815, 153924.456615, 307.99999745
0.0376086956522, 135832.842269, 296.719917311, 0.435666308478, 57.2348395717, 0.417556273419, 129.331963912, 1.59469740487, 153894.670756, 308.000004285
0.0384414715719, 135143.383188, 296.299591059, 0.444022135973, 58.2292874901, 0.455890439654, 127.683108381, 1.58884936573, 153808.636687, 308.000004672
0.0392742474916, 134467.920374, 295.901479406, 0.451825893663, 59.1571444246, 0.543646691388, 125.946651113, 1.58303380788, 153697.661093, 307.999999124
0.0401070234114, 133973.869625, 295.587307371, 0.457905417051, 60.2444068098, 0.533634187039, 123.154058826, 1.5788922646, 153651.185284, 307.999997982
0.0409397993311, 133537.858228, 295.35254638, 0.462407261313, 61.3560211938, 0.671566610794, 119.775902283, 1.57500376559, 153537.905273, 308.000000826
0.0417725752508, 133231.98714, 295.13135558, 0.466609314918, 62.2500884948, 0.577232974225, 117.172984602, 1.5725728464, 153550.370609, 308.00000454
0.0426053511706, 132958.443119, 294.990909071, 0.469270366517, 63.3217205617, 0.689314040381, 113.290440669, 1.57009107428, 153466.257282, 308.00000895
0.0434381270903, 133227.8413, 295.211350104, 0.465118509472, 65.1656883542, 0.857899450117, 105.221172417, 1.57210070544, 153414.652717, 308.000002869
0.04427090301, 133542.456702, 295.366664554, 0.462165170474, 65.9987005571, 0.708440557544, 101.545588809, 1.57498646265, 153521.094339, 308.000002404
0.0451036789298, 133510.083277, 295.360356047, 0.462277318114, 65.9944204296, 0.757038070498, 101.573159296, 1.57463697404, 153493.882523, 308.000002815
0.0459364548495, 133505.807454, 295.357359246, 0.462326803648, 66.0012007955, 0.756437083045, 101.560897724, 1.57460135538, 153493.548987, 308.000002203
0.0467692307692, 133500.280788, 295.353481597, 0.462393481964, 66.0021928719, 0.755431226276, 101.573052102, 1.57455583088, 153493.282681, 308.000000766
0.047602006689, 133495.321128, 295.350866237, 0.462436638698, 66.0081238013, 0.757574593881, 101.558808201, 1.57451009125, 153491.568346, 308.000002904
0.0484347826087, 133491.274057, 295.347112951, 0.462501784673, 66.0074654723, 0.753749671646, 101.575394474, 1.57448155257, 153492.84693, 308.000002204
0.0492675585284, 133485.328365, 295.345032485, 0.462535738948, 66.013402199, 0.759812141103, 101.556055608, 1.57442168885, 153489.151426, 308.000003948
0.0501003344482, 133483.751941, 295.341397262, 0.46259949753, 66.0110848438, 0.751005201376, 101.578886209, 1.57442183458, 153493.132065, 308.000006236
0.0509331103679, 133476.045597, 295.340017904, 0.462621059343, 66.0176505993, 0.763229944696, 101.551602156, 1.57433744841, 153486.273091, 308.000001656
0.0517658862876, 133477.977713, 295.336385802, 0.462685482906, 66.0131848871, 0.746798737934, 101.584618918, 1.57437914727, 153494.33813, 308.000001505
0.0525986622074, 133467.458554, 295.335976178, 0.462689827943, 66.0213872074, 0.768384307678, 101.544305159, 1.57425651744, 153482.677894, 308.000004153
0.0534314381271, 133474.313082, 295.332119686, 0.462759290432, 66.0138106173, 0.740484378263, 101.593918293, 1.57435759106, 153496.852771, 308.00001028
0.0542642140468, 133459.390522, 295.33304576, 0.462738919403, 66.0250933421, 0.776133217496, 101.532599151, 1.57417578516, 153477.882707, 307.9999817
0.0550969899666, 133473.264633, 295.3285449, 0.462822457319, 66.0129168445, 0.730778815125, 101.608652783, 1.57436346693, 153501.393125, 308.000058182
0.0559297658863, 133451.397375, 295.331399136, 0.462764835256, 66.0292948654, 0.788028386546, 101.514200111, 1.57408958269, 153471.067592, 307.99991594
0.056762541806, 133475.545555, 295.325847594, 0.462863845793, 66.0095306561, 0.716770533901, 101.631565592, 1.57440441354, 153507.804682, 307.999713329
0.0575953177258, 133442.775817, 295.329725875, 0.462842891222, 66.0387698731, 0.801125613295, 101.486189316, 1.57399619672, 153468.079612, 308.002685659
0.0584280936455, 133481.812321, 295.329265984, 0.462597100524, 65.9868903788, 0.714917774508, 101.668856157, 1.57446025996, 153491.468277, 307.988289664
0.0592608695652, 133388.534658, 295.313925761, 0.463665210813, 66.0818561232, 0.864326077391, 101.448816148, 1.5734394085, 153478.467302, 308.032704623
0.0600936454849, 133209.461588, 295.122217893, 0.466157961829, 64.9242068986, 0.597496213587, 106.407534571, 1.57234727539, 153486.310828, 307.967751791
0.0609264214047, 132762.758566, 294.912899634, 0.468359484069, 63.5884315644, 0.849905049411, 111.933911646, 1.56818593295, 153158.472159, 307.867204198
0.0617591973244, 132370.963669, 294.639692865, 0.471655873788, 62.0724334733, 0.766102202885, 118.291032268, 1.56500850833, 152990.938717, 307.762074985
0.0625919732441, 132023.4772, 294.343296408, 0.47544031621, 60.5543272151, 0.511028081663, 125.020929777, 1.56246911518, 152917.532214, 307.661193005
0.0634247491639, 131356.530196, 294.151906526, 0.477523069439, 59.5535538084, 1.31243651679, 128.840457161, 1.55558521035, 152324.858544, 307.575852118
0.0642575250836, 131524.991736, 294.011839988, 0.478356347405, 58.729794514, 0.463882917759, 132.362353085, 1.55832585678, 152592.422233, 307.474302938
0.0650903010033, 131124.17069, 293.858844071, 0.479710504201, 57.9340093665, 0.819306307925, 135.346298851, 1.55438211895, 152244.779971, 307.389187813
0.0659230769231, 130841.698503, 293.742033073, 0.480362847703, 57.2670170803, 1.03828008724, 137.767884281, 1.551651401, 151973.210387, 307.302523236
0.0667558528428, 131043.871073, 293.688062524, 0.479640380386, 56.782536566, 0.408417375229, 139.580493172, 1.5543380236, 152144.053503, 307.204022076
0.0675886287625, 130685.94247, 293.605002118, 0.479649202639, 56.2478591615, 0.91082560011, 141.164976298, 1.55052939006, 151728.726531, 307.116820476
0.0684214046823, 130574.338253, 293.555345713, 0.478996342899, 55.8154228109, 0.985490402809, 142.441148744, 1.54946885265, 151541.784781, 307.02747271
0.069254180602, 130748.670599, 293.542221351, 0.477600963052, 55.4910474557, 0.555969889245, 143.389477323, 1.55161016675, 151622.158132, 306.934682369
0.0700869565217, 130506.750726, 293.462646789, 0.476921747775, 54.8916218834, 0.815940972249, 145.05903406, 1.54915813217, 151282.611689, 306.813074595
0.0709197324415, 130353.385654, 293.413640348, 0.475720669459, 54.3938124621, 0.985403192958, 146.317132685, 1.5475968023, 151000.790598, 306.694539
0.0717525083612, 130486.813908, 293.448233542, 0.473086994746, 54.1700845994, 0.809067588423, 146.432219152, 1.54900125249, 150927.868968, 306.583867629
0.0725852842809, 130499.037278, 293.452564784, 0.47089523628, 53.8416760379, 0.796257711264, 146.905615274, 1.54912559086, 150753.804843, 306.466823165
0.0734180602007, 130428.670078, 293.436266176, 0.469019656233, 53.4443127172, 0.894850566301, 147.625095229, 1.5483776779, 150512.112538, 306.346260935
0.0742508361204, 130457.327581, 293.449037783, 0.466054986513, 53.0592017512, 0.874943573318, 148.028235664, 1.54865228121, 150293.601825, 306.197499337
0.0750836120401, 130508.257742, 293.468335936, 0.462852612078, 52.6779106244, 0.828344180856, 148.359267778, 1.54915692746, 150080.921711, 306.042780057
0.0759163879599, 130513.232456, 293.4818496, 0.459982822877, 52.3215224138, 0.863070037983, 148.628722484, 1.54914640185, 149846.394732, 305.902137265
0.0767491638796, 130516.470483, 293.495169217, 0.457130690164, 51.9673256697, 0.900957181794, 148.892933925, 1.54911626612, 149611.564746, 305.762395149
0.0775819397993, 130560.270503, 293.517874451, 0.453709573924, 51.5958319876, 0.881838608133, 149.026017561, 1.54951786256, 149379.167855, 305.604256726
0.0784147157191, 130603.941715, 293.540524838, 0.450294012458, 51.2248616453, 0.862816531885, 149.159217462, 1.54991821662, 149147.090191, 305.446361691
0.0792474916388, 130616.722655, 293.554410956, 0.446551768839, 50.7698770253, 0.881761393791, 149.363196427, 1.54999803801, 148857.494857, 305.265233101
0.0800802675585, 130629.468734, 293.568259198, 0.442819732526, 50.3161334167, 0.900654581881, 149.567175392, 1.55007764169, 148568.689419, 305.084598555
0.0809130434783, 130642.839069, 293.574552059, 0.438724208314, 49.7831872536, 0.892402685611, 149.819952524, 1.55020425863, 148256.579346, 304.880796675
0.081745819398, 130656.224383, 293.580134266, 0.434608343798, 49.244677192, 0.88169471665, 150.077212928, 1.55033477561, 147943.321134, 304.675518174
0.0825785953177, 130643.188864, 293.575136811, 0.430296616512, 48.6326698208, 0.892908380487, 150.374991292, 1.5502074627, 147590.160853, 304.452857278
0.0834113712375, 130622.400127, 293.567034074, 0.425940139307, 48.0008328839, 0.910553766368, 150.684789028, 1.55000448967, 147226.298094, 304.225741866
0.0842441471572, 130590.021688, 293.544770651, 0.421501401406, 47.2885048559, 0.905269580002, 151.10110682, 1.54973857657, 146847.709561, 303.982816309
0.0850769230769, 130549.445118, 293.512437721, 0.417017312315, 46.5207271099, 0.883586596877, 151.594298931, 1.5494284167, 146459.733758, 303.729313433
0.0859096989967, 130496.635147, 293.477509407, 0.412365107463, 45.7236483177, 0.879994553252, 152.027794287, 1.54898650406, 146048.878907, 303.467117633
0.0867424749164, 130421.691425, 293.437727838, 0.407382673478, 44.8691049053, 0.908592080993, 152.354109867, 1.54830705457, 145594.557989, 303.187702735
0.0875752508361, 130350.053871, 293.39841493, 0.402325372046, 44.0103785538, 0.931517239488, 152.640720504, 1.54766438902, 145139.960702, 302.906183165
0.0884080267559, 130300.133382, 293.361334264, 0.396582438423, 43.0966234302, 0.914280848806, 152.640403189, 1.54726782432, 144670.180873, 302.601344927
0.0892408026756, 130250.212685, 293.324253444, 0.390839480923, 42.1828645074, 0.89704438646, 152.640085874, 1.54687125797, 144200.399091, 302.29650542
0.0900735785953, 130178.203986, 293.281781596, 0.384513322452, 41.1867101507, 0.910178398328, 152.353591433, 1.54624038395, 143678.886538, 301.968189804
0.0909063545151, 130103.402806, 293.238529072, 0.378095817111, 40.1772425816, 0.926810129575, 152.034759936, 1.54558041694, 143149.429142, 301.635903867
0.0917391304348, 130039.494096, 293.198329052, 0.371195130195, 39.1417721401, 0.92989325335, 151.385280911, 1.54503363368, 142612.238554, 301.293759397
0.0925719063545, 129979.927659, 293.159173584, 0.364026557263, 38.0867509704, 0.926984515281, 150.590690317, 1.54453287778, 142067.461338, 300.944592534
0.0934046822742, 129915.429523, 293.119600867, 0.35658988208, 37.0080852963, 0.933609682884, 149.559388168, 1.54397557275, 141511.528744, 300.591034852
0.094237458194, 129846.103968, 293.07942034, 0.348867803137, 35.9017782057, 0.948877166277, 148.318799545, 1.5433639795, 140942.280228, 300.231448482
0.0950702341137, 129775.03692, 293.035370829, 0.341003620882, 34.7628368823, 0.954758037472, 146.939882595, 1.54275192711, 140372.387322, 299.868507135
0.0959030100334, 129701.74848, 292.986067098, 0.332963965246, 33.5817280439, 0.947575512063, 145.374076834, 1.5421409521, 139803.196133, 299.501919848
0.0967357859532, 129620.279123, 292.935896484, 0.324753454418, 32.3793068814, 0.95562301802, 143.638111906, 1.54143704054, 139224.758391, 299.133934578
0.0975685618729, 129525.990929, 292.88473474, 0.316332769268, 31.1522445382, 0.988804394816, 141.630716105, 1.54058554599, 138636.131577, 298.766888805
0.0984013377926, 129426.468675, 292.823127712, 0.307929200494, 29.8628380972, 0.997808038502, 139.594389707, 1.53972646291, 138053.114058, 298.396195045
0.0992341137124, 129320.392151, 292.746951934, 0.299641923323, 28.4964921331, 0.971441862035, 137.517655953, 1.53886564482, 137484.61535, 298.024207686
0.100066889632, 129181.195955, 292.660857721, 0.291469597404, 27.0721165464, 0.984900226552, 135.362921129, 1.53766205623, 136899.463922, 297.653667479
0.100899665552, 129010.217719, 292.565025338, 0.283364638975, 25.5861984335, 1.03581109451, 133.13834845, 1.53613071678, 136295.776534, 297.282647489
0.101732441472, 128836.686061, 292.455270147, 0.275395742293, 24.0031957776, 1.04494473567, 130.824801446, 1.53464084968, 135711.792809, 296.911401171
0.102565217391, 128658.170679, 292.337230642, 0.267303614999, 22.3439600722, 1.03686404839, 128.476040827, 1.53313462943, 135122.836794, 296.531676382
0.103397993311, 128353.974742, 292.1315857, 0.26282485263, 20.4883102866, 1.00959607344, 127.634911659, 1.5305857079, 134589.223832, 296.183850468
0.104230769231, 128050.057276, 291.940615908, 0.257776089422, 18.6432707471, 1.0327630231, 126.385776821, 1.52796168525, 134033.253281, 295.835850868
0.105063545151, 127750.786908, 291.783368108, 0.251393470523, 16.8250720146, 1.16271188541, 124.255378008, 1.52521327709, 133427.557437, 295.485890164
0.10589632107, 127505.775702, 291.601542036, 0.24554251739, 14.8615099971, 1.0871184932, 122.316188669, 1.52323802138, 132910.971975, 295.131606879
0.10672909699, 127229.918997, 291.40326383, 0.239875388768, 12.7761023624, 1.02537673967, 120.375988447, 1.52097737916, 132375.714908, 294.769003212
0.10756187291, 126803.510217, 291.184310023, 0.234390909434, 10.5158127591, 1.23345549023, 118.238356919, 1.51702078293, 131698.997385, 294.394819044
0.108394648829, 126429.226072, 290.889774216, 0.23184426149, 8.11233527901, 1.06487541748, 117.495524403, 1.51407479564, 131202.284256, 294.026277763
0.109227424749, 126000.66475, 290.616072849, 0.22876447767, 5.7263971248, 1.0940532708, 116.204655441, 1.51036432977, 130631.23509, 293.666423727
0.110060200669, 125499.358069, 290.381633685, 0.22405699596, 3.31668955912, 1.42640483033, 113.828405773, 1.50557199602, 129921.559271, 293.304274
0.110892976589, 125261.728322, 290.080376641, 0.221074536998, 0.648242543823, 0.927271339372, 112.353789586, 1.50428255937, 129557.456134, 292.921984121
0.111725752508, 124619.707302, 289.762363793, 0.219001067646, -2.02589313765, 1.30122297786, 110.747304223, 1.49821363601, 128812.069869, 292.546896138
0.112558528428, 124298.584318, 289.54843549, 0.214370332971, -4.51688784956, 1.29830631425, 107.860679388, 1.49546000027, 128305.302569, 292.214710368
0.113391304348, 123982.240183, 289.290591741, 0.209774974699, -7.40910213784, 1.1350796605, 104.778551506, 1.49298240191, 127807.461763, 291.840353807
0.114224080268, 123561.093676, 289.058830019, 0.207344187106, -9.70523315394, 1.30584281476, 102.725840055, 1.4891063758, 127284.335503, 291.547220528
0.115056856187, 123480.227009, 289.073197261, 0.205604945769, -9.99994017897, 1.54369546643, 101.673333813, 1.48805792658, 127139.126361, 291.520369479
0.115889632107, 123733.732726, 289.110936598, 0.20390076278, -10.1018916348, 1.08610298662, 100.988512527, 1.49091838542, 127339.566477, 291.517950502
0.116722408027, 123579.434039, 289.086455223, 0.204918972354, -10.0593387716, 1.35924356278, 101.385424657, 1.48918511759, 127217.008657, 291.5175076
0.117555183946, 123560.115095, 289.083229896, 0.20504939537, -10.0564380055, 1.39282427598, 101.433393247, 1.48896896521, 127201.845631, 291.517406403
0.118387959866, 123673.85167, 289.100756287, 0.204302753241, -10.0945711911, 1.18956620578, 101.135105837, 1.49024934463, 127292.473852, 291.517389936
0.119220735786, 123558.771534, 289.082455139, 0.205076787664, -10.0597944901, 1.39317593408, 101.439421762, 1.48895697746, 127201.601749, 291.517378056
0.120053511706, 123599.238524, 289.088798182, 0.204805476427, -10.0749284184, 1.32122144841, 101.327630847, 1.48941201106, 127233.69911, 291.517382515
0.120886287625, 123623.849116, 289.092471427, 0.204647607288, -10.0844780165, 1.27681841286, 101.262286673, 1.48968970242, 127253.500031, 291.517386423
0.121719063545, 123564.204464, 289.082596235, 0.205064702123, -10.0663160173, 1.38099910797, 101.427373469, 1.48902186211, 127206.993696, 291.517382478
0.122551839465, 123610.570096, 289.090284185, 0.204735987556, -10.0838528713, 1.30003160009, 101.290963137, 1.48954078651, 127243.110994, 291.517374099
0.123384615385, 123603.266045, 289.088684371, 0.204801907202, -10.0822368937, 1.31142775652, 101.316497839, 1.48946104047, 127237.994737, 291.51736645
0.124217391304, 123586.239511, 289.085638408, 0.204929432338, -10.0775454218, 1.3403778155, 101.366380789, 1.48927163721, 127225.053786, 291.517360343
0.125050167224, 123610.271826, 289.090260257, 0.204731520768, -10.0884547969, 1.30062244538, 101.280494998, 1.48953736552, 127242.812821, 291.517357018
0.125882943144, 123596.443427, 289.086945897, 0.204870938894, -10.0828336586, 1.32121641965, 101.339679375, 1.48938778311, 127233.574934, 291.517354036
0.126715719064, 123594.774339, 289.086882075, 0.204872430104, -10.0838145327, 1.32486741763, 101.337219545, 1.48936795732, 127231.947468, 291.517350993
0.127548494983, 123602.292535, 289.088864627, 0.204787191309, -10.0888684274, 1.31429363424, 101.297315937, 1.48944831528, 127236.691137, 291.517349259
0.128381270903, 123596.287534, 289.086046695, 0.204906275042, -10.0836753421, 1.31844652329, 101.352981026, 1.48939060407, 127234.770604, 291.517353648
0.129214046823, 123596.543815, 289.087483892, 0.204844306184, -10.0876987827, 1.32284303896, 101.319743997, 1.48938629496, 127232.847535, 291.517342933
0.130046822742, 123598.267898, 289.087761559, 0.204831832, -10.0886310688, 1.31980282771, 101.313863523, 1.48940564023, 127234.194403, 291.51733706
0.130879598662, 123599.524999, 289.085705925, 0.204918868778, -10.0837860922, 1.30974097745, 101.359835077, 1.48943140523, 127238.598737, 291.517340573
0.131712374582, 123594.305955, 289.088105468, 0.204816743648, -10.0886649991, 1.33019754357, 101.302111415, 1.48935615713, 127229.586179, 291.517330674
0.132545150502, 123598.710995, 289.086827388, 0.204871284265, -10.0966413423, 1.3155273615, 101.329620806, 1.48941585062, 127236.052407, 291.517331105
0.133377926421, 123600.36467, 289.086344989, 0.204891440893, -10.0797788393, 1.31001207862, 101.348761808, 1.48943829009, 127238.485608, 291.517331333
0.134210702341, 123588.257937, 289.09060661, 0.204708519384, -10.0102054759, 1.35293634827, 101.27825101, 1.48927045322, 127219.575965, 291.517322334
0.135043478261, 123558.661684, 289.06600822, 0.205750952124, -10.2552852553, 1.33621796848, 101.654346589, 1.48904033186, 127226.128137, 291.517278395
0.135876254181, 123295.389326, 288.862648477, 0.214153878625, -9.23543984406, 1.2414995259, 106.124259397, 1.48691359553, 127260.330121, 291.516579979
0.1367090301, 123015.500426, 288.726683141, 0.219597715705, -8.31570105951, 1.42069573749, 109.008777976, 1.48423710043, 127175.475423, 291.516190035
0.13754180602, 122836.38855, 288.565771017, 0.225811892811, -7.4545523852, 1.27910334937, 112.237175163, 1.48290146128, 127231.470732, 291.515787444
0.13837458194, 122386.716094, 288.263080173, 0.237285243698, -6.31778581795, 1.27740610144, 118.090178285, 1.4790249486, 127218.714511, 291.514792717
0.13920735786, 122043.870027, 288.094429381, 0.243404921973, -5.4371887634, 1.49439131812, 121.102288485, 1.47574548918, 127114.59764, 291.514306814
0.140040133779, 121880.936904, 287.861962586, 0.251652277597, -4.40564909101, 1.06707321324, 125.407583014, 1.47496512415, 127292.373989, 291.513663066
0.140872909699, 121415.549376, 287.717880367, 0.256629347073, -3.39457969799, 1.6621389916, 127.658989205, 1.47006918388, 127021.345773, 291.513279814
0.141705685619, 121536.473043, 287.682596756, 0.257826003468, -2.64097017433, 1.25313510949, 128.508334606, 1.47171382158, 127200.655906, 291.513275038
0.142538461538, 121185.766602, 287.46038995, 0.265251903448, -1.61352519749, 1.30690309731, 131.975891822, 1.46860000245, 127164.552354, 291.512696613
0.143371237458, 120879.578184, 287.284414978, 0.271077363264, -0.619119853, 1.41732209464, 134.715753718, 1.46578794273, 127105.812227, 291.512276197
0.144204013378, 120683.788003, 287.150046392, 0.275399634065, 0.32568446609, 1.41263034892, 136.69970451, 1.46409827429, 127100.033511, 291.512005064
0.145036789298, 120429.372709, 286.931020369, 0.282358381816, 1.2998355832, 1.25174450132, 139.94023355, 1.46212740916, 127158.038537, 291.511489195
0.145869565217, 120035.148073, 286.693770099, 0.289675926024, 2.58931619042, 1.36241560439, 143.044676073, 1.45854597737, 127093.955014, 291.51098362
0.146702341137, 119776.643388, 286.53882098, 0.294416974114, 3.83261945714, 1.43758722568, 144.996289487, 1.4561931101, 127050.713471, 291.51068697
0.147535117057, 119656.820946, 286.460742999, 0.296765481332, 5.02527980021, 1.45104610213, 145.821617932, 1.4551328337, 127039.62765, 291.510582654
0.148367892977, 119436.616922, 286.279288189, 0.302131388482, 6.2236657198, 1.34333929843, 147.911378539, 1.45337520069, 127074.857243, 291.510255012
0.149200668896, 119157.361239, 286.084803405, 0.307802653885, 7.58680945372, 1.33288597666, 149.956004224, 1.45096221611, 127065.828186, 291.50994287
0.150033444816, 118815.087297, 285.875945317, 0.313814681444, 9.12783592372, 1.42456171758, 151.951222263, 1.4478522763, 127010.273091, 291.509645906
0.150866220736, 118617.719436, 285.743236694, 0.317567140373, 10.5408937769, 1.43530756169, 152.87652306, 1.44611841347, 126995.749726, 291.509528093
0.151698996656, 118431.084381, 285.612903474, 0.32121832388, 11.9523885077, 1.42893516314, 153.692680673, 1.44450199502, 126988.805001, 291.509422114
0.152531772575, 118207.719673, 285.450630475, 0.325699502469, 13.4461020586, 1.40000365604, 154.657865942, 1.44259690752, 126989.049656, 291.509267421
0.153364548495, 117943.102773, 285.266532501, 0.330714745039, 15.0049946622, 1.39544804568, 155.649780186, 1.44029579077, 126976.456862, 291.509111581
0.154197324415, 117636.280088, 285.06010461, 0.336276412392, 16.6305838903, 1.41583023036, 156.669569469, 1.43758949243, 126950.730548, 291.508954568
0.155030100334, 117328.461825, 284.847927696, 0.341881552124, 18.3911654795, 1.42022910613, 157.339549255, 1.4348946684, 126930.954478, 291.508846939
0.155862876254, 117021.079988, 284.634125538, 0.34748838571, 20.1984422606, 1.41853568696, 157.87454329, 1.43221134618, 126913.494475, 291.508758387
0.156695652174, 116681.06576, 284.402562391, 0.353409174978, 22.0802164958, 1.43696717329, 158.046077888, 1.4292104361, 126884.684905, 291.508739598
0.157528428094, 116331.572798, 284.163030648, 0.359497236394, 23.9736896499, 1.45123641679, 158.182410826, 1.42613154755, 126856.738867, 291.50872623
0.158361204013, 115922.420619, 283.867128501, 0.366820659155, 25.9317843813, 1.41690447463, 158.281028055, 1.42259417292, 126843.642863, 291.508709013
0.159193979933, 115492.545482, 283.564821881, 0.374227544035, 27.8968310221, 1.41305260904, 158.213464575, 1.41882967232, 126815.877578, 291.50871744
0.160026755853, 115010.785845, 283.245410916, 0.381879210018, 29.8907700013, 1.48150012008, 157.752656819, 1.4145024875, 126753.129527, 291.50878676
0.160859531773, 114521.873881, 282.902484848, 0.389951978441, 31.9146983857, 1.48769562419, 157.11079712, 1.4101952422, 126714.135478, 291.5088798
0.161692307692, 114023.975657, 282.534352514, 0.39848276182, 33.9762162546, 1.4302980266, 156.286176403, 1.40589359505, 126699.281487, 291.508997395
0.162525083612, 113439.307195, 282.132803789, 0.407551782662, 35.9314076214, 1.47937571883, 155.303806266, 1.40066992252, 126631.370743, 291.509147294
0.163357859532, 112819.945534, 281.715645712, 0.416887068354, 37.8754816235, 1.56303429999, 154.223967236, 1.39508870419, 126545.509065, 291.509316812
0.164190635452, 112244.126264, 281.291531952, 0.426086316335, 40.1452740803, 1.52064594876, 151.792013034, 1.39005415508, 126511.216497, 291.509708394
0.165023411371, 111579.500437, 280.811684685, 0.436341778717, 42.3368048042, 1.51185221028, 149.583074658, 1.38418028522, 126453.070775, 291.510060192
0.165856187291, 110780.183626, 280.248983834, 0.448136371463, 44.3354338005, 1.5609629747, 147.740878798, 1.37702254605, 126355.531519, 291.510334329
0.166688963211, 109965.027664, 279.674254403, 0.459861487023, 46.2333804637, 1.62189474536, 145.592411363, 1.36969033009, 126246.526899, 291.510646753
0.16752173913, 109129.273706, 279.077584912, 0.471840332725, 48.0881356786, 1.66640850717, 143.348615275, 1.36218589627, 126138.599977, 291.510977663
0.16835451505, 108275.340058, 278.448004483, 0.484190756578, 49.8361664529, 1.65382914308, 141.067954214, 1.35457915026, 126046.170593, 291.51132041
0.16918729097, 107388.743329, 277.822587187, 0.496175495656, 51.4749045489, 1.7589652395, 138.541991775, 1.34650187504, 125897.669419, 291.511693337
0.17002006689, 106502.574247, 277.178213981, 0.508315317694, 53.0370640861, 1.80580801179, 136.046306976, 1.33849116054, 125767.585921, 291.512069788
0.170852842809, 105629.84939, 276.514859018, 0.520599283901, 54.5019565432, 1.76119243074, 133.64100935, 1.33070662044, 125670.091953, 291.512440701
0.171685618729, 104694.976156, 275.890942211, 0.531907539559, 55.8501349479, 2.04724680254, 130.94351193, 1.32190378287, 125429.747067, 291.512842278
0.172518394649, 103755.936502, 275.114964193, 0.545684597033, 56.7899171933, 1.80742982673, 130.066322018, 1.31373042909, 125383.786857, 291.512938214
0.173351170569, 102780.547318, 274.446864877, 0.557381643757, 57.8356752972, 2.08158015354, 128.028976417, 1.30453934022, 125130.930718, 291.513229204
0.174183946488, 101976.654491, 273.844050867, 0.567759574244, 58.9660332684, 2.12643253686, 125.441124334, 1.29718118322, 124986.255062, 291.513618789
0.175016722408, 101304.727886, 273.289922731, 0.577185525437, 60.0671583063, 1.99433962741, 122.70418851, 1.29123774259, 124925.997886, 291.514033888
0.175849498328, 100585.523789, 272.861400956, 0.584392835477, 61.1902970997, 2.46426333211, 119.227784828, 1.28407954956, 124628.361431, 291.514584669
0.176682274247, 100210.817203, 272.444731864, 0.59133009629, 62.0833584542, 2.00392636252, 116.846626858, 1.28124412764, 124735.15851, 291.514920754
0.177515050167, 99672.5730887, 272.177076366, 0.59576395996, 63.1660173159, 2.5647059173, 112.854677551, 1.27561040609, 124431.695048, 291.515539709
0.178347826087, 99904.1119357, 272.313103377, 0.593537138091, 64.6689801232, 2.39873082996, 106.817624625, 1.27793907778, 124535.939065, 291.516413185
0.179180602007, 99951.2092654, 272.396803422, 0.59216047403, 65.5440234203, 2.57187825614, 103.153800191, 1.27814969367, 124480.603892, 291.516986505
0.180013377926, 100125.320714, 272.511483761, 0.590259087455, 65.983274553, 2.49557240128, 101.261679791, 1.27983655157, 124539.978152, 291.517421513
0.180846153846, 100105.234146, 272.50185273, 0.59040719786, 65.9865450794, 2.51926613411, 101.260451943, 1.27962115602, 124527.170672, 291.517420409
0.181678929766, 100079.578194, 272.489959506, 0.590593101949, 65.9795770793, 2.55051692596, 101.29782761, 1.27934531952, 124510.57385, 291.517413758
0.182511705686, 100101.643324, 272.488256972, 0.590610400569, 66.0059696556, 2.48224087631, 101.216527039, 1.2796320578, 124539.46078, 291.51742323
0.183344481605, 100042.217389, 272.469131443, 0.590916691462, 65.973266379, 2.58381224133, 101.337978875, 1.27895838958, 124490.764079, 291.517417516
0.184177257525, 100091.053372, 272.473110108, 0.590840145527, 66.0177498053, 2.45955809366, 101.189646085, 1.27956098309, 124545.226503, 291.51742327
0.185010033445, 100034.75417, 272.454748699, 0.591134334424, 65.9859994651, 2.55488264857, 101.303507547, 1.27892387271, 124499.426175, 291.517418874
0.185842809365, 100036.660513, 272.448822234, 0.591222556533, 65.9955651435, 2.52884257247, 101.272425863, 1.27897292923, 124509.073635, 291.517415666
0.186675585284, 100038.012987, 272.442850216, 0.591311816364, 66.0043119842, 2.50419173759, 101.243000088, 1.27901513457, 124518.119726, 291.517417631
0.187508361204, 100006.34223, 272.429968, 0.591516048507, 65.9888662496, 2.5488697385, 101.296351214, 1.27866740371, 124495.555776, 291.517427754
0.188341137124, 100007.266648, 272.424108031, 0.591604049987, 65.9962822343, 2.52578365976, 101.2688042, 1.27870394855, 124503.967085, 291.517426637
0.189173913043, 100003.367043, 272.417314515, 0.591707698635, 65.9999497642, 2.51308133525, 101.253644625, 1.27868319544, 124507.666857, 291.517424082
0.190006688963, 99983.7043092, 272.40733293, 0.591864496284, 65.9918648381, 2.53384885131, 101.278401555, 1.27847576608, 124496.136299, 291.517421134
0.190839464883, 99975.9848825, 272.400015505, 0.591977444865, 65.9919323264, 2.53010114065, 101.274003206, 1.278408773, 124495.85007, 291.517417037
0.191672240803, 99973.3332851, 272.393826214, 0.592071822505, 65.9954613023, 2.51594287015, 101.257225288, 1.27840138029, 124500.337986, 291.51741245
0.192505016722, 99960.2489446, 272.385742724, 0.592198252704, 65.9909643803, 2.52469098884, 101.267494682, 1.27826964322, 124494.489424, 291.517416251
0.193337792642, 99947.7583297, 272.37782864, 0.59232194574, 65.9867989322, 2.53234748747, 101.276501433, 1.27814471773, 124489.154467, 291.517419775
0.194170568562, 99942.4137375, 272.371642372, 0.592417308454, 65.9872461087, 2.52579423717, 101.268902101, 1.27810311273, 124490.378498, 291.517418973
0.195003344482, 99936.2401372, 272.36535282, 0.592514513581, 65.9870161433, 2.52122780939, 101.263584109, 1.27805143642, 124490.72209, 291.517419087
0.195836120401, 99926.2952334, 272.358597169, 0.592620043312, 65.9837024625, 2.52571297381, 101.268655095, 1.27795392802, 124487.055708, 291.517423372
0.196668896321, 99916.8813363, 272.351993974, 0.592723098461, 65.9806954113, 2.52922490252, 101.272647087, 1.27786251887, 124483.846516, 291.517426515
0.197501672241, 99911.0628369, 272.346420418, 0.592809438251, 65.979766156, 2.52613789579, 101.269320024, 1.27781241843, 124483.736216, 291.517421921
0.198334448161, 99905.2439552, 272.340846495, 0.592895783714, 65.9788368396, 2.52305068621, 101.265992961, 1.27776231471, 124483.625909, 291.517417326
0.19916722408, 99897.8030058, 272.335394552, 0.592980853822, 65.9763988968, 2.5250028716, 101.267940115, 1.27769104331, 124481.385697, 291.517419231
0.2, 99890.3001819, 272.329947519, 0.593065871373, 65.9739032143, 2.52714819609, 101.270089498, 1.27761896335, 124479.063916, 291.517421385
