X, P, T, M, alpha, eta, rhou_x, rho, P_tot, T_tot
-0.049, 151982.301395, 306.274492758, 0.16783652295, -8.13435494603e-13, -1.15508990764e-06, 101.788504503, 1.72867170321, 154979.164679, 308.000000396
-0.0481672240803, 151982.296538, 306.274487175, 0.16783666233, 4.48509075279e-12, -1.02116555763e-05, 101.788502022, 1.72867167776, 154979.165807, 307.999998335
-0.0473344481605, 151982.291137, 306.274483022, 0.167836808892, 1.3070971531e-11, -1.35460159496e-05, 101.788502062, 1.72867166202, 154979.166888, 307.999997984
-0.0465016722408, 151982.285226, 306.274480206, 0.16783696217, 2.47314641137e-11, -1.15284850179e-05, 101.788504462, 1.72867165537, 154979.167925, 307.999999232
-0.0456688963211, 151982.274527, 306.274475484, 0.167837124716, 1.08176873744e-11, -6.70372843443e-06, 101.788509355, 1.72867154118, 154979.165266, 307.999999317
-0.0448361204013, 151982.264165, 306.274471538, 0.167837298192, 7.23582216597e-12, 3.25452721302e-08, 101.788510067, 1.72867146879, 154979.163041, 308.000000195
-0.0440033444816, 151982.254306, 306.274468518, 0.167837483821, 1.60158711696e-11, 8.86349397189e-06, 101.788505976, 1.72867144655, 154979.1614, 308.000002
-0.0431705685619, 151982.24324, 306.274464438, 0.167837692257, 7.43512684268e-12, 1.65089302149e-05, 101.788509031, 1.72867133435, 154979.16004, 308.000003698
-0.0423377926421, 151982.232538, 306.274455694, 0.167837912013, 3.58053880422e-12, 8.17497138732e-06, 101.788511207, 1.72867121619, 154979.159549, 308.000001034
-0.0415050167224, 151982.222625, 306.274443855, 0.167838144049, 4.24766286729e-12, -1.1792467345e-05, 101.788511816, 1.72867110341, 154979.160332, 307.999995554
-0.0406722408027, 151982.216335, 306.274439188, 0.167838397549, 7.05061087307e-12, -1.50651185647e-05, 101.788506662, 1.72867106594, 154979.165234, 307.999997465
-0.0398394648829, 151982.204455, 306.27443206, 0.167838672407, 5.2561071962e-12, -1.58417544919e-05, 101.78850263, 1.72867094181, 154979.165611, 307.99999762
-0.0390066889632, 151982.18918, 306.27442378, 0.167838964084, 5.27690148377e-12, -1.39759303184e-05, 101.788502601, 1.72867081133, 154979.163617, 307.999997227
-0.0381739130435, 151982.171703, 306.274415155, 0.167839271649, 1.20577407126e-11, -9.06517687806e-06, 101.788509154, 1.72867073224, 154979.160559, 307.9999971
-0.0373411371237, 151982.158821, 306.274406473, 0.167839606791, 1.59975388967e-11, -1.30047220851e-05, 101.788503853, 1.72867056549, 154979.162906, 307.99999748
-0.036508361204, 151982.137387, 306.274400332, 0.167839968172, 9.63079315222e-12, 7.55759865731e-06, 101.788506475, 1.72867046752, 154979.158072, 308.000001132
-0.0356755852843, 151982.11808, 306.274391276, 0.167840354132, 5.73146259984e-12, 1.45538849245e-05, 101.788507567, 1.72867033579, 154979.156429, 308.000002523
-0.0348428093645, 151982.10613, 306.274376017, 0.167840765431, 1.07624068897e-11, -1.26721989037e-05, 101.788501803, 1.72867011398, 154979.163078, 307.99999835
-0.0340100334448, 151982.084046, 306.274359982, 0.167841215949, 4.91273004371e-12, -2.32865373953e-05, 101.788500952, 1.7286699356, 154979.161278, 307.99999434
-0.0331772575251, 151982.055931, 306.274348905, 0.167841692087, 7.4437853619e-13, -6.22702018211e-06, 101.788499919, 1.72866972339, 154979.155122, 307.999996299
-0.0323444816054, 151982.032122, 306.274339819, 0.167842213872, -3.99348219589e-13, 9.25681809496e-06, 101.788506572, 1.72866956769, 154979.155143, 308.000001283
-0.0315117056856, 151982.007987, 306.274324891, 0.167842764875, 6.9171490073e-12, 6.21260974191e-06, 101.78850913, 1.72866938687, 154979.156282, 308.000001296
-0.0306789297659, 151981.98123, 306.274305065, 0.167843351085, 1.57872279858e-11, -7.92047988125e-06, 101.788509021, 1.72866915652, 154979.1565, 307.999997454
-0.0298461538462, 151981.953996, 306.274289143, 0.167843994102, 1.01438119953e-11, -8.31976801581e-06, 101.788514981, 1.72866892102, 154979.158521, 307.99999885
-0.0290133779264, 151981.923042, 306.274272505, 0.16784465372, -3.43835821796e-12, -4.01550721811e-06, 101.788497667, 1.72866860156, 154979.157669, 308.000000118
-0.0281806020067, 151981.900402, 306.274258654, 0.167845410163, 4.00420845223e-12, -6.23831779559e-06, 101.788522713, 1.72866840565, 154979.169777, 308.000006745
-0.027347826087, 151981.847013, 306.274234451, 0.167846170656, 4.99171115933e-13, 1.56898681066e-05, 101.788495113, 1.72866803003, 154979.150864, 308.000003065
-0.0265150501672, 151981.809771, 306.274213417, 0.167847042455, -3.75537659828e-13, 1.75523533469e-05, 101.788511856, 1.72866781511, 154979.153013, 308.000005243
-0.0256822742475, 151981.766631, 306.274185398, 0.167847921153, 9.62623724227e-12, 7.68164561624e-06, 101.788496281, 1.72866739795, 154979.150476, 308.00000136
-0.0248494983278, 151981.734462, 306.274154908, 0.167848931966, -6.3635619386e-12, -3.09783946535e-05, 101.788517831, 1.72866706301, 154979.163939, 307.999997845
-0.024016722408, 151981.674386, 306.274122653, 0.16784993797, 5.56330084495e-13, -2.26745582659e-05, 101.788487156, 1.72866661545, 154979.149811, 307.999992885
-0.0231839464883, 151981.629932, 306.274097829, 0.167851109191, -3.34378766423e-12, -1.94526517209e-05, 101.78852778, 1.72866625365, 154979.158792, 307.99999961
-0.0223511705686, 151981.55982, 306.274064776, 0.167852240461, -1.40655645691e-12, 5.2873846897e-06, 101.788481929, 1.72866567065, 154979.141089, 307.999997767
-0.0215183946488, 151981.513182, 306.274029207, 0.16785362736, 5.412491248e-14, -2.25073818406e-05, 101.788547495, 1.72866543504, 154979.156771, 307.999998801
-0.0206856187291, 151981.431763, 306.273996081, 0.167854890172, 1.90474296282e-12, 2.34626085859e-05, 101.788446284, 1.72866454033, 154979.133224, 308.00000041
-0.0198528428094, 151981.386521, 306.273953055, 0.167856517353, 1.13656098408e-12, -3.13104591337e-05, 101.788545846, 1.72866427705, 154979.161502, 308.000000539
-0.0190200668896, 151981.288882, 306.273908696, 0.167858014986, 2.41914751064e-12, 8.58013533979e-06, 101.788468241, 1.72866346557, 154979.132826, 307.9999973
-0.0181872909699, 151981.217877, 306.273863841, 0.167859778109, 1.02615527273e-11, -3.38552848651e-06, 101.788503641, 1.7286629184, 154979.142199, 307.999999917
-0.0173545150502, 151981.145094, 306.273810921, 0.167861689167, 1.74435037363e-12, -3.83796562223e-05, 101.788546735, 1.72866236683, 154979.155808, 307.999997981
-0.0165217391304, 151981.008034, 306.2737628, 0.167863415537, 4.68933746768e-11, 6.38568868215e-05, 101.788371497, 1.7286611072, 154979.0994, 307.999998297
-0.0156889632107, 151980.971969, 306.273704328, 0.167865907163, 4.4725492573e-11, -5.85369638409e-05, 101.788630822, 1.72866104739, 154979.174388, 308.000004624
-0.014856187291, 151980.833554, 306.273638713, 0.167868014366, 2.8289782421e-11, -1.09338586824e-05, 101.788505053, 1.72865979433, 154979.133668, 307.999997369
-0.0140234113712, 151980.670007, 306.273579968, 0.167870156273, 1.41211880074e-12, 0.000106774317888, 101.788281152, 1.72865818549, 154979.069784, 307.999998531
-0.0131906354515, 151980.657374, 306.273494168, 0.167873438406, 1.04360742017e-11, -0.000149213967196, 101.788752797, 1.72865858843, 154979.202605, 307.999997063
-0.0123578595318, 151980.503237, 306.273425247, 0.167876158338, 9.67413099876e-12, -8.24317854648e-05, 101.788666394, 1.72865726522, 154979.173026, 308.000002241
-0.011525083612, 151980.181091, 306.273359493, 0.167878127864, 4.11400339104e-12, 0.000312200714519, 101.787894214, 1.72865389354, 154978.947426, 307.999996581
-0.0106923076923, 151980.110633, 306.273269566, 0.167881877914, 2.69383689701e-11, 0.000152283332167, 101.788244865, 1.72865362583, 154979.045148, 308.000004976
-0.00985953177258, 151980.198381, 306.273143829, 0.167886821797, 7.00925453706e-12, -0.000423777967981, 101.789285321, 1.72865535227, 154979.348461, 308.000002941
-0.00902675585284, 151980.088575, 306.273032925, 0.167890968989, 4.90369393424e-12, -0.000577880495303, 101.789565733, 1.7286546992, 154979.425623, 308.000001747
-0.00819397993311, 151979.676268, 306.2729462, 0.167893686604, 7.80066984419e-12, -8.11357629997e-05, 101.788606899, 1.72865037379, 154979.146377, 307.99999747
-0.00736120401338, 151979.092815, 306.272875469, 0.167895897928, 5.22042835825e-12, 0.000791514870911, 101.787045031, 1.72864425347, 154978.676743, 308.000000007
-0.00652842809365, 151978.350864, 306.272815558, 0.167897532227, 2.2549428627e-12, 0.00199924158909, 101.784842874, 1.72863614321, 154978.02888, 308.00000411
-0.00569565217391, 151977.64676, 306.272728264, 0.167899883687, 7.74256000746e-12, 0.00304586150449, 101.782905253, 1.72862863967, 154977.449326, 307.999997897
-0.00486287625418, 151976.857675, 306.272648663, 0.167902169633, -5.70787111212e-10, 0.00427848039553, 101.780636437, 1.72862008246, 154976.784167, 308.000000211
-0.00403010033445, 151975.966037, 306.272567851, 0.167904398181, 2.46577321068e-09, 0.00570111293927, 101.778027055, 1.72861039337, 154976.016789, 308.000002787
-0.00319732441472, 151976.43821, 306.27230547, 0.167915050837, 2.82998966212e-08, 0.00395249008219, 101.781211733, 1.72861716312, 154976.946131, 307.999999201
-0.00236454849498, 151979.442126, 306.271733126, 0.167940894705, 1.78911351518e-06, -0.0035943771651, 101.795088758, 1.72865455463, 154981.005153, 307.999999517
-0.00153177257525, 151986.146191, 306.27070875, 0.167988662357, 3.05242950945e-05, -0.0196118643964, 101.824534935, 1.72873656175, 154989.62602, 307.999999585
-0.000698996655518, 151970.986987, 306.272176586, 0.167914318877, 0.00113056860522, 0.013841556725, 101.764260218, 1.72855585233, 154971.600703, 308.00000048
0.000133779264214, 151787.316506, 306.163584345, 0.173142076379, 0.0149701906294, 0.0047246940778, 104.825296985, 1.72707911267, 154973.781255, 307.999999738
0.000966555183946, 151622.378196, 306.075427897, 0.17728209913, 0.0756950133813, 0.0274533430799, 107.238894344, 1.72569932101, 154959.164742, 308.000001092
0.00179933110368, 151473.298804, 305.979459982, 0.181678460386, 0.171281182773, -0.00522940987037, 109.808619118, 1.72454330216, 154974.131838, 308.000003344
0.00263210702341, 150939.863702, 305.683007005, 0.194655459935, 0.312185938684, 0.0337675603736, 117.309250805, 1.72013653812, 154944.047163, 308.000001939
0.00346488294314, 150719.880252, 305.594261928, 0.198385328741, 0.546154853583, 0.160501746501, 119.406120051, 1.71812846653, 154872.646992, 307.999999864
0.00429765886288, 150631.12763, 305.514822642, 0.201659096173, 0.804509229121, 0.0683755324791, 121.312711851, 1.71756328303, 154919.615281, 308.000000843
0.00513043478261, 150218.107456, 305.272964005, 0.211334401687, 1.12129114618, 0.0609050548263, 126.832789571, 1.71421092705, 154914.76319, 308.000000022
0.00596321070234, 150104.349101, 305.205033951, 0.213976430782, 1.53746786698, 0.0547367814561, 128.316579182, 1.71329399636, 154915.442355, 308.000001044
0.00679598662207, 149968.162589, 305.136683599, 0.216600892441, 1.95212744092, 0.0902627904186, 129.758314759, 1.71212301014, 154893.539639, 307.999999054
0.00762876254181, 149530.768917, 304.910501746, 0.225080975744, 2.47971151105, 0.183723355643, 134.453702799, 1.70839589527, 154833.660861, 308.00000168
0.00846153846154, 149437.62245, 304.840102586, 0.227657301192, 3.09740657339, 0.130581333533, 135.852567172, 1.70772594694, 154859.223757, 307.999997742
0.00929431438127, 149194.026507, 304.660370093, 0.234098644679, 3.67026973142, 0.00641432208978, 139.413313747, 1.70594781074, 154917.964957, 307.999998312
0.010127090301, 148986.118219, 304.550098431, 0.237989323811, 4.44981745504, 0.0429096492377, 141.437974102, 1.70418758039, 154893.046216, 308.000001113
0.0109598662207, 148784.535523, 304.429444172, 0.242152331265, 5.20009809381, 0.033481646195, 143.575120291, 1.70255619336, 154892.149845, 307.999999711
0.0117926421405, 148473.951091, 304.277865623, 0.24731032177, 6.12330294636, 0.132953913016, 146.142337805, 1.69984861837, 154830.760911, 308.000003632
0.0126254180602, 148401.728059, 304.222291281, 0.249170840787, 7.09165708467, 0.0891347691164, 146.892981746, 1.69933192787, 154851.464472, 308.000000643
0.0134581939799, 148152.352697, 304.053169213, 0.254754848329, 8.10899173236, 0.013295126457, 149.614473628, 1.69741992023, 154883.214741, 307.999998424
0.0142909698997, 148019.255763, 303.972328937, 0.257386109008, 9.20426588246, 0.00405915584301, 150.606871486, 1.69634611077, 154883.681837, 308.00000584
0.0151237458194, 147654.633321, 303.780363883, 0.263525713503, 10.4166678572, 0.0774187542567, 153.2964119, 1.69323656394, 154832.975034, 307.999997049
0.0159565217391, 147533.304846, 303.70099228, 0.266027035932, 11.7867712977, 0.0508465712628, 153.920290129, 1.69228745453, 154842.574555, 307.999998187
0.0167892976589, 147335.485007, 303.590374404, 0.269468947369, 13.0107548465, 0.0700412296436, 154.988821968, 1.69063391166, 154825.451831, 308.00000065
0.0176220735786, 147078.05127, 303.455577625, 0.273617573746, 14.485549827, 0.125927199236, 156.145944571, 1.68842941165, 154786.876233, 308.000001768
0.0184548494983, 146947.772003, 303.356602428, 0.276619415636, 15.8611073456, 0.0526056487475, 156.710770865, 1.68748407557, 154820.020965, 307.999999597
0.0192876254181, 146646.987636, 303.195381322, 0.281452214017, 17.4007074518, 0.106737956572, 157.884324681, 1.68492531147, 154780.177189, 308.000004002
0.0201204013378, 146394.501903, 303.029262401, 0.286349681201, 19.080547692, 0.0508307933239, 158.850846152, 1.68294622425, 154798.945319, 307.99999543
0.0209531772575, 146119.496198, 302.885720302, 0.290515351539, 20.870047537, 0.114661837268, 159.060070199, 1.68058039344, 154754.390345, 307.99999936
0.0217859531773, 145861.810251, 302.732094572, 0.29491384251, 22.690063761, 0.111757269678, 159.177673324, 1.67846750731, 154744.793194, 308.00000007
0.022618729097, 145583.158386, 302.567866494, 0.299547427722, 24.5037638253, 0.115624697022, 159.179586189, 1.67616998389, 154730.401986, 307.999996481
0.0234515050167, 145215.949161, 302.350599747, 0.305574437042, 26.4854865639, 0.119139176339, 159.354702737, 1.67314275811, 154711.654868, 307.9999978
0.0242842809365, 144842.480114, 302.131665039, 0.311548441771, 28.2599755596, 0.130695149303, 159.532061183, 1.67004844749, 154687.848321, 307.999995067
0.0251170568562, 144495.119099, 301.927052388, 0.317024737546, 30.3561651994, 0.139610729986, 158.670852919, 1.66717147139, 154665.951744, 307.99999614
0.0259498327759, 144133.683107, 301.716459058, 0.322579955888, 32.4788805728, 0.15774803892, 157.48004627, 1.66416136368, 154638.06024, 308.000003532
0.0267826086957, 143682.808098, 301.446135018, 0.329576167091, 34.4416641151, 0.157008237096, 156.837271927, 1.66044177289, 154614.235132, 307.999997143
0.0276153846154, 143195.214691, 301.143694106, 0.337248317814, 36.5752251256, 0.124652859135, 155.808300167, 1.65646748343, 154603.412631, 307.999998836
0.0284481605351, 142644.465458, 300.839347998, 0.344814356451, 38.4918534196, 0.215475023184, 154.707469967, 1.65176430797, 154524.868411, 308.000002744
0.0292809364548, 142127.768353, 300.526191756, 0.352445436593, 40.4888517247, 0.211345376825, 153.166413001, 1.64749438653, 154495.286378, 308.000000026
0.0301137123746, 141597.867092, 300.202204109, 0.360179676902, 42.5716072728, 0.200521665748, 151.04361538, 1.64312127342, 154466.763813, 308.000003466
0.0309464882943, 141017.716712, 299.878654869, 0.367769503373, 44.6631989161, 0.296190613709, 148.401959655, 1.63815296768, 154379.732913, 308.000007348
0.031779264214, 140287.879161, 299.436701056, 0.377905538736, 46.2715720148, 0.305081980691, 147.519320247, 1.63207665026, 154324.005216, 307.999999602
0.0326120401338, 139743.368616, 299.087260741, 0.385754117818, 48.2000890332, 0.248862982157, 144.688638035, 1.62763921138, 154312.117401, 307.99999902
0.0334448160535, 139115.183938, 298.72245562, 0.393805127686, 50.0681969301, 0.316622535316, 141.665856263, 1.62229913068, 154230.110558, 307.999999691
0.0342775919732, 138322.202937, 298.255382489, 0.40390982869, 51.4671746234, 0.386478340112, 140.304254291, 1.61557479673, 154131.725332, 308.000003308
0.035110367893, 137710.280861, 297.862208111, 0.412245735326, 53.0679044664, 0.334685293649, 137.589097068, 1.61054818598, 154106.05637, 307.999996561
0.0359431438127, 137044.56032, 297.49086079, 0.419989183595, 54.6283037007, 0.473314994115, 134.452204543, 1.60476055008, 153979.390695, 308.000006693
0.0367759197324, 136260.574923, 297.017721803, 0.429676649351, 55.6859349212, 0.522233104453, 133.277025502, 1.59811827664, 153883.909812, 307.999999032
0.0376086956522, 135717.552993, 296.664932088, 0.436783843383, 57.0789052633, 0.475107971343, 130.149266923, 1.59364029069, 153855.727186, 308.000000314
0.0384414715719, 135095.158843, 296.275787427, 0.44450705688, 58.2044057089, 0.476840087471, 127.893365174, 1.58841231045, 153793.939164, 307.999998443
0.0392742474916, 134457.100095, 295.902328157, 0.451819437625, 59.2532730755, 0.569511691295, 125.597148943, 1.58290289596, 153684.214308, 307.999998311
0.0401070234114, 133853.216042, 295.530086898, 0.459006907933, 60.1186968158, 0.597929547116, 123.857454266, 1.57777560502, 153607.297185, 308.00000293
0.0409397993311, 133444.23919, 295.279373898, 0.463797921043, 61.1707422131, 0.624326912223, 120.800172115, 1.5742885867, 153550.69188, 307.999994949
0.0417725752508, 133009.858985, 295.085415351, 0.4674795304, 62.2846970204, 0.900739460386, 117.077936085, 1.57019431596, 153369.659986, 308.000002602
0.0426053511706, 133041.353604, 295.037918084, 0.468383971458, 63.6753295744, 0.670634070342, 111.808149343, 1.57081985971, 153484.514177, 307.999999728
0.0434381270903, 133099.564168, 295.089439013, 0.467428727243, 64.8310157529, 0.719449035267, 107.08150984, 1.57123580872, 153467.688507, 308.000000253
0.04427090301, 133420.856106, 295.289417772, 0.463640472878, 66.010842631, 0.707398792612, 101.742403314, 1.57396385491, 153508.639073, 308.000000536
0.0451036789298, 133360.037856, 295.278283947, 0.463844319458, 65.9774192309, 0.800788619487, 101.886059233, 1.57330448269, 153456.645368, 308.000003713
0.0459364548495, 133381.062913, 295.278348082, 0.463835167998, 65.9998538309, 0.756120580891, 101.817002892, 1.57355100545, 153480.376236, 307.999998139
0.0467692307692, 133382.592602, 295.275854137, 0.463875276807, 66.0081025287, 0.74469421145, 101.799287877, 1.57358129003, 153485.918833, 307.999999124
0.047602006689, 133369.319511, 295.27145771, 0.463952173943, 66.0053764331, 0.758630424838, 101.821033448, 1.57344710281, 153477.591243, 308.000004072
0.0484347826087, 133365.755163, 295.268503161, 0.464001838821, 66.0088526595, 0.756558524188, 101.81778104, 1.57341979294, 153478.061106, 307.999998877
0.0492675585284, 133363.076006, 295.265824361, 0.464046773768, 66.0124767825, 0.753499740671, 101.812498344, 1.5734015927, 153479.119979, 307.999996721
0.0501003344482, 133357.730133, 295.262904362, 0.464096982142, 66.0134793913, 0.755331503497, 101.816051742, 1.57335334164, 153477.547483, 308.000003989
0.0509331103679, 133353.718236, 295.260328439, 0.464140926955, 66.0149890014, 0.755442271755, 101.816567863, 1.57331902833, 153476.948897, 308.000002678
0.0517658862876, 133350.195165, 295.258072751, 0.464179241286, 66.016737586, 0.755575156896, 101.814798819, 1.57328878651, 153476.39989, 307.999999548
0.0525986622074, 133347.030042, 295.255927763, 0.464216029997, 66.0177249137, 0.755280343, 101.815713189, 1.57326229453, 153476.117444, 308.000003162
0.0534314381271, 133344.527156, 295.253948887, 0.464249942206, 66.0183243643, 0.754094897195, 101.81788103, 1.57324279807, 153476.333434, 307.999997873
0.0542642140468, 133341.263205, 295.252483517, 0.464274757181, 66.0197727288, 0.75630464336, 101.814112193, 1.57321157669, 153474.841835, 307.999996281
0.0550969899666, 133339.060287, 295.251121228, 0.464298181105, 66.0204972051, 0.756538227007, 101.813768016, 1.57319249842, 153474.443733, 308.000002174
0.0559297658863, 133339.446303, 295.249560651, 0.464325578772, 66.0193967409, 0.750439296969, 101.823548007, 1.57320509135, 153477.391615, 308.000004747
0.056762541806, 133336.013355, 295.249114087, 0.464332482819, 66.0214402462, 0.756445963738, 101.813921507, 1.57316663842, 153474.066707, 307.999995519
0.0575953177258, 133332.088622, 295.249120886, 0.464331452547, 66.0240585222, 0.765056327449, 101.800255912, 1.57312016125, 153469.450836, 307.99999147
0.0584280936455, 133339.273759, 295.247382332, 0.46435803743, 66.0179497171, 0.743484585991, 101.835404026, 1.57321434332, 153480.182339, 307.999696459
0.0592608695652, 133323.585288, 295.24581928, 0.464433219568, 66.0207224718, 0.772052474224, 101.828994264, 1.57303740847, 153468.740539, 308.002317974
0.0600936454849, 132868.884404, 294.983532965, 0.4682572144, 64.5305514938, 0.860989851516, 108.309836315, 1.56906365869, 153274.645895, 307.937629803
0.0609264214047, 132638.074893, 294.845136457, 0.468965814095, 63.4973015698, 0.887695096763, 112.427570194, 1.56707583061, 153065.941934, 307.828435672
0.0617591973244, 132335.255349, 294.653120115, 0.470795132459, 62.3230922252, 0.889143066338, 117.187142125, 1.56451712642, 152872.92048, 307.726676136
0.0625919732441, 131568.070301, 294.209327724, 0.47731822707, 60.2558988769, 1.04661747122, 126.2871873, 1.55778656987, 152553.727506, 307.625932302
0.0634247491639, 131508.60623, 294.142331717, 0.476949597508, 59.6876400084, 0.946067736837, 128.328383371, 1.55744066743, 152450.377434, 307.532571124
0.0642575250836, 131111.980653, 293.840961172, 0.480930994521, 58.3435209362, 0.784028381185, 134.167956428, 1.5543326765, 152339.362201, 307.440663135
0.0650903010033, 131072.594312, 293.799121406, 0.480142408841, 57.9050600887, 0.726269297506, 135.566533976, 1.55408953962, 152222.802897, 307.350489659
0.0659230769231, 130948.375026, 293.738454205, 0.479786920644, 57.4289292181, 0.790702256668, 137.123835414, 1.5529385252, 152046.36627, 307.265626345
0.0667558528428, 130620.757085, 293.550229145, 0.481588997022, 56.532581766, 0.866797687938, 140.637698175, 1.55004386811, 151823.718376, 307.169818063
0.0675886287625, 130646.291115, 293.547575433, 0.480015122381, 56.2322493089, 0.800501771516, 141.305984576, 1.55036393073, 151714.79131, 307.077121003
0.0684214046823, 130621.48009, 293.526382916, 0.4788774674, 55.8956398643, 0.781833877638, 142.170461603, 1.55018323443, 151586.174675, 306.990160398
0.069254180602, 130443.081234, 293.430158378, 0.478819149117, 55.2886512481, 0.844990219642, 144.166009568, 1.54857318756, 151374.045629, 306.885847974
0.0700869565217, 130447.574758, 293.430569124, 0.476967889694, 54.9766881258, 0.83571062985, 144.729696536, 1.54862672657, 151218.054329, 306.781970117
0.0709197324415, 130369.295298, 293.374051696, 0.476109695395, 54.4910389658, 0.814249659737, 146.115040202, 1.54799616956, 151052.981923, 306.674646713
0.0717525083612, 130331.782487, 293.36595168, 0.474135933115, 54.1194427915, 0.868728220816, 146.776490889, 1.54759484889, 150839.019928, 306.556000942
0.0725852842809, 130351.60976, 293.378357671, 0.471864665676, 53.8251604694, 0.86682168542, 147.12062494, 1.54776701737, 150666.627678, 306.442786362
0.0734180602007, 130343.926681, 293.365601172, 0.469752615291, 53.414230617, 0.839541488623, 147.875864922, 1.54774453637, 150477.073609, 306.312830261
0.0742508361204, 130364.592757, 293.387293713, 0.466930102614, 53.0991410966, 0.86770442065, 148.085182451, 1.54787744078, 150260.638083, 306.18050276
0.0750836120401, 130357.741712, 293.384105787, 0.464381393767, 52.686399121, 0.871382808148, 148.668782329, 1.54781440665, 150037.010615, 306.038046283
0.0759163879599, 130386.104442, 293.405151917, 0.461120840779, 52.312784325, 0.880398666761, 148.903737527, 1.54804191895, 149795.420596, 305.883275019
0.0767491638796, 130404.469439, 293.415865694, 0.458077601727, 51.9175979241, 0.876102900492, 149.248179625, 1.54820499274, 149562.332049, 305.730683941
0.0775819397993, 130430.525947, 293.437702152, 0.454348159421, 51.4922092737, 0.892964913619, 149.448456906, 1.54840087358, 149282.789931, 305.554188147
0.0784147157191, 130480.305594, 293.468098506, 0.450732596421, 51.139092751, 0.886878502391, 149.451118356, 1.54883318711, 149042.106338, 305.394252163
0.0792474916388, 130500.017992, 293.483439233, 0.446732799386, 50.6529220174, 0.895544942772, 149.686516364, 1.54898769878, 148738.229344, 305.200213675
0.0800802675585, 130525.25076, 293.501654608, 0.442739360616, 50.1911852977, 0.901911162634, 149.81962522, 1.54919259506, 148443.780338, 305.011257687
0.0809130434783, 130528.042159, 293.50294575, 0.438860324003, 49.6562060764, 0.899796658959, 150.157004927, 1.54922006495, 148135.790984, 304.812479353
0.081745819398, 130528.050004, 293.508096709, 0.43442087208, 49.0740501582, 0.917038391376, 150.397623953, 1.54919413717, 147782.906261, 304.590902189
0.0825785953177, 130541.295637, 293.515951045, 0.43031546174, 48.5604529829, 0.914382948912, 150.519359809, 1.5493111456, 147474.736777, 304.391283966
0.0834113712375, 130509.921113, 293.49478088, 0.425987265037, 47.8607077479, 0.910654350717, 151.007707149, 1.5490510887, 147102.155597, 304.15256789
0.0842441471572, 130490.712583, 293.489785422, 0.421321240541, 47.215801763, 0.935520496211, 151.170549858, 1.54885042861, 146720.714007, 303.916052692
0.0850769230769, 130446.477345, 293.455750686, 0.417204670147, 46.4864711661, 0.916109379189, 151.681059961, 1.54850558834, 146356.895074, 303.678822781
0.0859096989967, 130353.84991, 293.404688416, 0.41299906975, 45.6564035049, 0.945118553087, 152.321840024, 1.54767556691, 145935.298346, 303.421598999
0.0867424749164, 130294.339078, 293.357044593, 0.408235348039, 44.7829315998, 0.912837211866, 152.820594796, 1.54722075296, 145512.893201, 303.143403572
0.0875752508361, 130213.387592, 293.323959358, 0.402583131572, 43.8880031006, 0.977841995629, 152.918601135, 1.54643438082, 145005.96373, 302.841021976
0.0884080267559, 130205.18812, 293.301291128, 0.397428369337, 43.1221792129, 0.917904746737, 152.875200946, 1.54645740973, 144621.973191, 302.57633394
0.0892408026756, 130109.489871, 293.253883436, 0.391473010485, 42.128864171, 0.966468680619, 152.879462951, 1.54557091953, 144089.144745, 302.252682246
0.0900735785953, 130045.507713, 293.208050495, 0.38567219808, 41.1721701252, 0.950441179347, 152.779992157, 1.54505283973, 143609.427496, 301.94201099
0.0909063545151, 129976.130962, 293.165626396, 0.378788464841, 40.1131374723, 0.958046529903, 152.352257461, 1.5444525799, 143055.249362, 301.590549828
0.0917391304348, 129885.205695, 293.113938346, 0.372498432165, 39.0812650906, 0.981663196835, 151.960751664, 1.54364472234, 142526.274768, 301.260795512
0.0925719063545, 129862.624779, 293.092380446, 0.364825242609, 38.0657105834, 0.957313495248, 150.900197879, 1.54349098348, 141988.63202, 300.90797434
0.0934046822742, 129772.09791, 293.042119744, 0.358000998386, 36.9947793422, 0.985017356679, 150.110898201, 1.54268004058, 141441.906287, 300.56750711
0.094237458194, 129744.798804, 293.027839405, 0.349182842307, 35.9094890545, 0.996110165035, 148.400447927, 1.54243165711, 140847.866466, 300.188753233
0.0950702341137, 129626.349001, 292.944180677, 0.342295972666, 34.6534297237, 0.971304311428, 147.605581316, 1.54146394263, 140287.496816, 299.824298066
0.0959030100334, 129557.218689, 292.921867618, 0.333773763527, 33.5733239902, 1.04760107293, 145.666240502, 1.54076021131, 139692.151352, 299.465299375
0.0967357859532, 129493.827687, 292.837472505, 0.326208109778, 32.2394422222, 0.898242527369, 144.460246659, 1.54045089714, 139170.059702, 299.085987183
0.0975685618729, 129291.581453, 292.758516583, 0.319131629807, 30.9936460903, 1.07598504652, 142.987588419, 1.53846013572, 138540.635219, 298.738861974
0.0984013377926, 129299.773356, 292.740134343, 0.309577963682, 29.8299741897, 0.994218982528, 140.34186399, 1.53865549125, 138006.248792, 298.368821988
0.0992341137124, 129209.689827, 292.711398662, 0.299955721354, 28.6055677424, 1.09533258701, 137.479179388, 1.5377354531, 137380.358314, 297.996794235
0.100066889632, 129042.694454, 292.567963957, 0.293349579489, 27.0015160916, 0.974007389821, 136.289554478, 1.53650137251, 136847.369018, 297.620676518
0.100899665552, 128867.160746, 292.485292155, 0.285056977037, 25.5746504165, 1.08045991482, 133.860663381, 1.53484593407, 136229.404365, 297.256752542
0.101732441472, 128698.733738, 292.351917934, 0.277861042316, 23.9324071751, 0.997380523444, 132.071983876, 1.53353998046, 135684.103002, 296.883005074
0.102565217391, 128492.926782, 292.247361951, 0.270109338294, 22.3895978674, 1.09710720036, 129.641399233, 1.53163627148, 135085.379273, 296.528931525
0.103397993311, 128283.652751, 292.089532819, 0.263512653262, 20.6097437894, 1.0220111419, 127.86487016, 1.52996874007, 134546.651804, 296.161638874
0.104230769231, 128013.14856, 291.941795701, 0.256811204786, 18.8502916242, 1.11933299835, 125.728197088, 1.52751614632, 133949.901661, 295.808040659
0.105063545151, 127724.041693, 291.735903141, 0.251515234121, 16.8430752236, 1.05935308009, 124.310569471, 1.52514251152, 133403.973696, 295.440757696
0.10589632107, 127466.340581, 291.582627572, 0.244417900833, 14.9174334416, 1.11066773868, 121.731423942, 1.5228666208, 132819.330273, 295.079549099
0.10672909699, 127055.044218, 291.318218912, 0.240889952439, 12.6623144633, 1.12677205215, 120.827193138, 1.51933095122, 132235.980416, 294.710741404
0.10756187291, 126685.364884, 291.083225746, 0.236621261088, 10.4674921657, 1.15206491095, 119.32819709, 1.51613434258, 131668.882678, 294.353466571
0.108394648829, 126333.666994, 290.833378785, 0.232246878398, 8.11097073815, 1.08710104784, 117.661765187, 1.51322496947, 131119.417292, 293.98003587
0.109227424749, 125970.724505, 290.603546139, 0.2270528756, 5.70517015406, 1.11824565154, 115.332519752, 1.51007198759, 130530.561157, 293.608050729
0.110060200669, 125460.671162, 290.270321679, 0.225576732307, 3.12030392174, 1.12981670936, 114.632624263, 1.50568526496, 129941.171807, 293.231303441
0.110892976589, 125065.660612, 290.025369251, 0.220914864149, 0.565104719721, 1.1865051914, 112.119249352, 1.50221314783, 129348.243516, 292.862211203
0.111725752508, 124535.17649, 289.677904923, 0.220113044243, -2.07979048776, 1.20199894255, 111.283485339, 1.49763628881, 128767.018267, 292.489830352
0.112558528428, 124257.042634, 289.513706162, 0.212458385108, -4.80010971797, 1.27384616009, 106.853995758, 1.4951397722, 128190.349634, 292.131720072
0.113391304348, 123860.608811, 289.250641626, 0.210038085249, -7.28649750545, 1.27754307989, 104.893613809, 1.4917257645, 127691.413566, 291.806354242
0.114224080268, 123556.226549, 289.085479895, 0.205952701574, -9.46130808139, 1.40980433566, 102.05070078, 1.48891049651, 127229.971213, 291.541124769
0.115056856187, 123608.467212, 289.103641159, 0.20502994995, -9.53436368754, 1.35159623435, 101.603353652, 1.48944650936, 127250.885185, 291.537465103
0.115889632107, 123627.520004, 289.106302605, 0.204912268461, -9.54308241749, 1.31657712247, 101.553026112, 1.48966238514, 127266.430499, 291.537426514
0.116722408027, 123635.631715, 289.107312002, 0.204866211312, -9.54823939686, 1.3012335917, 101.530869037, 1.48975494776, 127273.261287, 291.537427846
0.117555183946, 123638.560745, 289.107527431, 0.204853856242, -9.55173107545, 1.29516897631, 101.522036198, 1.48978910654, 127275.952262, 291.537428435
0.118387959866, 123639.134423, 289.107385733, 0.204856580446, -9.55439360882, 1.29333421836, 101.519254212, 1.48979677786, 127276.749673, 291.537424115
0.119220735786, 123638.738969, 289.107100347, 0.204865298515, -9.55662850247, 1.29325165573, 101.518998558, 1.48979349264, 127276.757942, 291.53741442
0.120053511706, 123638.022091, 289.106788459, 0.204875847488, -9.55862042025, 1.29382426066, 101.519633599, 1.48978640265, 127276.493989, 291.537417378
0.120886287625, 123637.246502, 289.106469731, 0.20488630163, -9.56046252002, 1.29451024087, 101.520403621, 1.48977872722, 127276.159801, 291.537406763
0.121719063545, 123636.522198, 289.106179775, 0.204895931874, -9.56218356685, 1.29517783093, 101.521039018, 1.48977153619, 127275.843727, 291.53740198
0.122551839465, 123635.881945, 289.105923517, 0.204904492322, -9.56379731859, 1.29576798662, 101.521422267, 1.48976521039, 127275.568845, 291.537400827
0.123384615385, 123635.273619, 289.105681765, 0.204912504125, -9.56527510819, 1.29633505712, 101.521803676, 1.48975914248, 127275.300463, 291.537396739
0.124217391304, 123634.781713, 289.10546068, 0.204919585063, -9.56663615391, 1.29670418885, 101.522072618, 1.48975429761, 127275.113337, 291.537387797
0.125050167224, 123634.407548, 289.105277157, 0.204925541783, -9.56789197637, 1.29693098467, 101.522107597, 1.48975072065, 127274.99997, 291.537384916
0.125882943144, 123634.116753, 289.105117357, 0.204930693173, -9.56902733079, 1.29704715646, 101.522071591, 1.48974809261, 127274.937647, 291.537382563
0.126715719064, 123633.894877, 289.104975956, 0.204935264203, -9.57003224137, 1.29706773795, 101.52206329, 1.48974617602, 127274.918857, 291.537380426
0.127548494983, 123633.756341, 289.104846799, 0.20493947491, -9.57089701281, 1.29693781822, 101.522206207, 1.48974514164, 127274.96586, 291.53737728
0.128381270903, 123633.709111, 289.104732221, 0.204943550255, -9.57161079948, 1.29664702217, 101.522635705, 1.48974525125, 127275.095249, 291.537380825
0.129214046823, 123633.819829, 289.104607141, 0.204947825525, -9.57217546524, 1.29595348062, 101.523576742, 1.48974713103, 127275.38789, 291.537374429
0.130046822742, 123634.141013, 289.104473633, 0.204952848214, -9.57256771365, 1.29474245885, 101.525359297, 1.48975181305, 127275.9166, 291.53737202
0.130879598662, 123634.804316, 289.104302798, 0.204959479874, -9.57274709906, 1.29260787725, 101.528537931, 1.4897606347, 127276.848767, 291.537366389
0.131712374582, 123636.008796, 289.104066913, 0.204969069147, -9.57263420146, 1.28899123806, 101.533959814, 1.48977631993, 127278.435361, 291.537360017
0.132545150502, 123638.028929, 289.103723517, 0.204983620993, -9.5721053418, 1.28310783608, 101.542931902, 1.48980245022, 127281.03197, 291.537358734
0.133377926421, 123640.139488, 289.103391703, 0.204998068618, -9.57158246509, 1.27705547913, 101.552189405, 1.48982965599, 127283.711367, 291.537362068
0.134210702341, 123641.408396, 289.103061769, 0.205012541373, -9.57864930673, 1.27296489441, 101.557706059, 1.48984659319, 127285.50916, 291.53735763
0.135043478261, 123595.589769, 289.076588199, 0.206122280087, -9.57805030424, 1.28737491897, 102.067105044, 1.48943083745, 127278.127262, 291.537268446
0.135876254181, 123327.975546, 288.879554725, 0.214262196851, -8.58997899508, 1.22446909257, 106.395962787, 1.48721972619, 127298.39229, 291.536553511
0.1367090301, 123097.48581, 288.751380755, 0.219385945758, -7.73835358544, 1.31554917213, 109.120696124, 1.48509914563, 127252.803202, 291.536128179
0.13754180602, 122575.006953, 288.371938103, 0.233979995898, -6.6111418589, 1.21553532315, 116.451339395, 1.48074144687, 127280.705241, 291.53489244
0.13837458194, 122341.260265, 288.263637083, 0.237980578305, -5.76456070983, 1.38598517214, 118.52237238, 1.47847300079, 127200.123588, 291.534568116
0.13920735786, 122170.032805, 288.156939841, 0.24186100358, -4.93866553978, 1.4159357047, 120.550111883, 1.47695061391, 127181.770075, 291.534260959
0.140040133779, 121739.229359, 287.843977425, 0.252947645029, -3.96649680557, 1.33826857158, 125.98069056, 1.47334241947, 127200.572333, 291.533351572
0.140872909699, 121613.522774, 287.760658995, 0.255816723256, -3.08910620317, 1.34391485649, 127.471977465, 1.47224738578, 127193.721673, 291.533139586
0.141705685619, 121464.617624, 287.673165567, 0.258797897258, -2.24603591633, 1.39006725469, 128.953249084, 1.47089201585, 127168.634556, 291.532920481
0.142538461538, 120979.448628, 287.376197009, 0.268712093916, -1.2214185387, 1.5013105671, 133.578918456, 1.46653063106, 127102.943618, 291.532128692
0.143371237458, 120871.481497, 287.287695894, 0.271596907893, -0.240855930331, 1.44809264004, 134.977891991, 1.46567323198, 127121.404066, 291.531915514
0.144204013378, 120559.447992, 287.02940463, 0.279860321066, 0.71484451083, 1.28646704367, 138.820620748, 1.46320477034, 127177.555581, 291.531285064
0.145036789298, 120364.810332, 286.906873547, 0.283715554086, 1.80916332109, 1.32121140581, 140.516314632, 1.46146671342, 127154.672745, 291.531029203
0.145869565217, 120189.276766, 286.806035924, 0.286842978794, 2.88049727961, 1.38696557576, 141.795016592, 1.45984837268, 127119.239539, 291.530837391
0.146702341137, 119842.279765, 286.557642341, 0.294422790903, 3.9954980849, 1.34648542582, 145.050429413, 1.45689545552, 127121.017919, 291.530286021
0.147535117057, 119732.708036, 286.470155364, 0.29704959142, 5.16881889496, 1.30223327789, 146.009604586, 1.45600797755, 127134.807775, 291.530152782
0.148367892977, 119332.636597, 286.225340828, 0.304289870997, 6.49360449206, 1.4040402166, 148.804665715, 1.4523841785, 127072.913451, 291.529676467
0.149200668896, 119194.926027, 286.125212827, 0.307206888833, 7.86502785316, 1.38398355696, 149.642213217, 1.45121565838, 127074.80104, 291.529556352
0.150033444816, 118892.973199, 285.897811592, 0.313733782135, 9.14071061241, 1.31329632552, 152.004331981, 1.44869063284, 127089.573494, 291.529159592
0.150866220736, 118624.555188, 285.748538715, 0.31795885654, 10.6298344008, 1.43739503727, 153.057161456, 1.44617527729, 127023.665111, 291.529004071
0.151698996656, 118340.666931, 285.540721298, 0.323747594508, 12.0796067847, 1.39432315419, 154.750103558, 1.44376421316, 127026.8226, 291.528727758
0.152531772575, 118133.241496, 285.408379535, 0.32738968973, 13.7319630217, 1.43217055245, 155.221384069, 1.44190188992, 126999.849434, 291.528655503
0.153364548495, 117864.402251, 285.211849184, 0.332724119633, 15.316580488, 1.39421186756, 156.325059033, 1.4396115324, 127000.907349, 291.528469671
0.154197324415, 117571.654804, 285.0260944, 0.337699330224, 17.0718317566, 1.45360221164, 156.914212754, 1.43697168971, 126959.486014, 291.528380016
0.155030100334, 117274.140771, 284.809131742, 0.343419192955, 18.7447481672, 1.41604076119, 157.726319823, 1.43442686807, 126957.769261, 291.528250546
0.155862876254, 116925.914839, 284.58380374, 0.349280194772, 20.6371400782, 1.47457032594, 158.12656574, 1.43129998327, 126912.441436, 291.528194462
0.156695652174, 116634.459853, 284.373373689, 0.354664063247, 22.4144270235, 1.44807993772, 158.252686804, 1.42878806365, 126905.382762, 291.528170227
0.157528428094, 116281.378004, 284.138383639, 0.360599798393, 24.2825736153, 1.48795866519, 158.24127573, 1.42564057396, 126866.283915, 291.528172716
0.158361204013, 115854.372458, 283.83204771, 0.368190725271, 26.2792472861, 1.46076388236, 158.408525212, 1.42193707592, 126849.108768, 291.52814105
0.159193979933, 115370.803692, 283.501777439, 0.376230755198, 28.1253603025, 1.4919658407, 158.629768216, 1.41765092348, 126802.683708, 291.528113412
0.160026755853, 114935.43483, 283.198635459, 0.383480143085, 30.2240092199, 1.50274529875, 157.884065851, 1.41381212238, 126767.000256, 291.528229498
0.160859531773, 114479.177339, 282.882351762, 0.39090834532, 32.2534520232, 1.52243371742, 156.944612558, 1.40977273521, 126724.832911, 291.528382142
0.161692307692, 113937.120604, 282.492881465, 0.399896334988, 34.2363002662, 1.50107295252, 156.320258443, 1.40503087131, 126691.363441, 291.528480059
0.162525083612, 113331.948515, 282.073488007, 0.409358510496, 36.4152183105, 1.53822613504, 154.99941914, 1.39964310678, 126626.649147, 291.528694628
0.163357859532, 112607.903931, 281.587386331, 0.420118654943, 38.2470561102, 1.64592884143, 154.38257576, 1.39310033791, 126520.672136, 291.528781266
0.164190635452, 112024.004104, 281.148713312, 0.429608740663, 40.3639128104, 1.57321523936, 152.444043501, 1.38803561531, 126497.540099, 291.529101534
0.165023411371, 111343.175521, 280.671882342, 0.439746174851, 42.4355248664, 1.61837570603, 150.337229726, 1.38194185839, 126415.395127, 291.529451302
0.165856187291, 110591.88578, 280.148413172, 0.450634150392, 44.3731118216, 1.68797654914, 148.289098703, 1.37517807373, 126313.10398, 291.529787599
0.166688963211, 109773.815525, 279.531015653, 0.463191621273, 46.142640796, 1.60466779583, 146.800262389, 1.36801554251, 126260.815733, 291.530008636
0.16752173913, 109012.690297, 278.996499694, 0.473860040608, 48.0487189054, 1.67965920189, 144.013117455, 1.36113098371, 126147.929578, 291.530470942
0.16835451505, 108146.491558, 278.398059293, 0.485553075696, 49.7840179064, 1.81466246628, 141.498476816, 1.35321266327, 125994.887881, 291.530873846
0.16918729097, 107209.024881, 277.692484439, 0.499041127199, 51.2335516069, 1.76737672098, 139.974959819, 1.3448834922, 125899.406023, 291.531106281
0.17002006689, 106409.052169, 277.100552924, 0.51014739649, 52.8984095743, 1.77501451443, 136.943063799, 1.33769537314, 125794.724223, 291.531606534
0.170852842809, 105552.948748, 276.490842244, 0.521387350391, 54.4507676706, 1.88282436661, 133.933379506, 1.32985391711, 125639.053789, 291.532096261
0.171685618729, 104564.630403, 275.769468443, 0.534438258311, 55.6078848705, 1.96148843144, 132.274508291, 1.32084139852, 125470.596123, 291.532347153
0.172518394649, 103693.756128, 275.102584602, 0.546276905573, 56.8049257268, 1.93314746931, 130.106924991, 1.31300760295, 125353.832175, 291.532691431
0.173351170569, 102865.53962, 274.490118202, 0.556983839259, 58.0300069126, 1.99861555487, 127.387818394, 1.30541972146, 125202.624683, 291.533125678
0.174183946488, 102008.687037, 273.873844179, 0.567601063628, 59.1303442519, 2.14499107093, 124.863241155, 1.29745102891, 125011.379661, 291.533530132
0.175016722408, 101153.810526, 273.229406636, 0.578535843804, 59.9808989252, 2.19795906651, 123.186088058, 1.28960257337, 124850.252715, 291.533789878
0.175849498328, 100534.629345, 272.755109755, 0.586486945336, 60.999833823, 2.21860063999, 120.365158452, 1.28392885265, 124737.090229, 291.534242062
0.176682274247, 99954.5510079, 272.379619183, 0.592730706041, 62.1255833921, 2.49910013192, 116.693082635, 1.27827311514, 124531.63485, 291.534851498
0.177515050167, 99788.7342023, 272.240698406, 0.59503461833, 63.5198526599, 2.46431783067, 111.465377238, 1.27680048015, 124516.021425, 291.535753597
0.178347826087, 99853.167973, 272.287993271, 0.594271528257, 64.6957398072, 2.45261562206, 106.825116074, 1.27740548953, 124533.061118, 291.53648848
0.179180602007, 100108.790064, 272.497981038, 0.590812222027, 65.9313128635, 2.49181753797, 101.544759911, 1.27969201781, 124564.931594, 291.537454273
0.180013377926, 100134.984233, 272.49940998, 0.590776605168, 65.9715000077, 2.42351534432, 101.413401889, 1.28001631534, 124594.530654, 291.537452597
0.180846153846, 100107.696149, 272.487247595, 0.590966782546, 65.9639278759, 2.45853042306, 101.455314536, 1.27972074688, 124576.242909, 291.537450563
0.181678929766, 100088.454899, 272.476752471, 0.591129528635, 65.961385677, 2.476557966, 101.476875522, 1.2795203442, 124565.709961, 291.537449473
0.182511705686, 100076.795566, 272.467850117, 0.591266188366, 65.9635925282, 2.47865939108, 101.479392068, 1.27940944338, 124562.459399, 291.537454335
0.183344481605, 100067.907414, 272.459528034, 0.59139335159, 65.9671398936, 2.47491128927, 101.47490653, 1.27933139233, 124561.8792, 291.537453959
0.184177257525, 100058.156819, 272.451043527, 0.591523444408, 65.9694620349, 2.47300242088, 101.472634277, 1.27924317098, 124560.468041, 291.53745061
0.185010033445, 100047.935698, 272.442513277, 0.591654787806, 65.9708823776, 2.47223876484, 101.471687542, 1.27914928452, 124558.572804, 291.537458799
0.185842809365, 100037.799485, 272.434043986, 0.591785063712, 65.9718331438, 2.47141724816, 101.470727648, 1.27905622065, 124556.703735, 291.537452477
0.186675585284, 100027.645571, 272.425650537, 0.591914398954, 65.9722679992, 2.47088813211, 101.470116791, 1.27896257787, 124554.734469, 291.537448496
0.187508361204, 100017.485173, 272.417351267, 0.592042538212, 65.9722435638, 2.47068736038, 101.469866579, 1.27886862943, 124552.659821, 291.537448921
0.188341137124, 100007.412956, 272.409160909, 0.592169006175, 65.9718611647, 2.47059863079, 101.469796908, 1.27877526264, 124550.558463, 291.537443189
0.189173913043, 99997.4259901, 272.401126737, 0.592293392921, 65.9710944146, 2.47079853036, 101.470014618, 1.27868247837, 124548.391404, 291.537447694
0.190006688963, 99987.6852618, 272.393256395, 0.592415266086, 65.9701446258, 2.47086111847, 101.470098755, 1.27859206916, 124546.325154, 291.537450975
0.190839464883, 99978.2247837, 272.385589021, 0.592534085579, 65.9690196046, 2.47082764878, 101.470031377, 1.27850450452, 124544.35672, 291.537453662
0.191672240803, 99968.9688549, 272.37808874, 0.592650243651, 65.9677238298, 2.47078765252, 101.469993368, 1.27841877113, 124542.425369, 291.537449048
0.192505016722, 99959.959421, 272.370807438, 0.592763175404, 65.9662455491, 2.47080678307, 101.470033565, 1.27833528731, 124540.530746, 291.537446745
0.193337792642, 99951.1935399, 272.363726199, 0.592873083155, 65.9646672597, 2.47082906811, 101.470035962, 1.27825406078, 124538.695172, 291.537450576
0.194170568562, 99942.7135214, 272.356866164, 0.592979607905, 65.9629967426, 2.47080922603, 101.470021025, 1.27817549969, 124536.933762, 291.53745288
0.195003344482, 99934.5048209, 272.350236021, 0.593082534871, 65.9612391446, 2.47081853738, 101.470034905, 1.27809951206, 124535.214562, 291.537449277
0.195836120401, 99926.5747378, 272.343826603, 0.593182050664, 65.9594345157, 2.47080660659, 101.470034091, 1.27802604309, 124533.561793, 291.537446692
0.196668896321, 99918.9284436, 272.337651999, 0.593278052583, 65.9575939668, 2.47081032445, 101.470036591, 1.27795520196, 124531.971634, 291.537449861
0.197501672241, 99911.5798138, 272.331716381, 0.593370338235, 65.9557321089, 2.47080400399, 101.470040851, 1.27788716531, 124530.443072, 291.537448502
0.198334448161, 99904.552693, 272.32604493, 0.593458566954, 65.9538680925, 2.47080966127, 101.470038858, 1.27782208819, 124528.982738, 291.537451132
0.19916722408, 99897.8241378, 272.3206137, 0.593543039016, 65.9520135691, 2.47080845594, 101.470038955, 1.2777597912, 124527.582382, 291.537449325
0.2, 99891.4027375, 272.315435995, 0.593623675111, 65.9501818083, 2.47082490124, 101.47004061, 1.27770034715, 124526.248244, 291.537453483
