X, P, T, M, alpha, eta, rhou_x, rho, P_tot, T_tot
-0.049, 152067.818942, 306.32697608, 0.165016344431, -4.134017499e-05, -0.00914114040628, 100.125657773, 1.72934793462, 154966.450187, 307.995271254
-0.0481672240803, 152071.193389, 306.326596256, 0.16503520852, -4.36121562958e-05, -0.0167563784305, 100.13929719, 1.7293884759, 154970.553508, 307.995271823
-0.0473344481605, 152074.566918, 306.326216535, 0.165054067471, -4.5883518778e-05, -0.0243695422788, 100.152936606, 1.72942900615, 154974.655711, 307.995272391
-0.0465016722408, 152077.939528, 306.325836917, 0.165072921287, -4.81542626894e-05, -0.0319806327985, 100.166576023, 1.72946952536, 154978.756798, 307.995272959
-0.0456688963211, 152081.311219, 306.325457403, 0.165091769968, -5.04243882826e-05, -0.0395896508365, 100.18021544, 1.72951003353, 154982.856767, 307.995273527
-0.0448361204013, 152084.681992, 306.325077992, 0.165110613518, -5.26938958102e-05, -0.0471965972391, 100.193854856, 1.72955053067, 154986.95562, 307.995274095
-0.0440033444816, 152088.051848, 306.324698684, 0.165129451938, -5.49627855246e-05, -0.0548014728522, 100.207494273, 1.72959101679, 154991.053358, 307.995274663
-0.0431705685619, 152091.420787, 306.32431948, 0.16514828523, -5.7231057678e-05, -0.0624042785213, 100.221133689, 1.7296314919, 154995.14998, 307.995275231
-0.0423377926421, 152094.788808, 306.323940378, 0.165167113397, -5.94987125224e-05, -0.0700050150915, 100.234773106, 1.72967195598, 154999.245487, 307.995275798
-0.0415050167224, 152098.155913, 306.32356138, 0.165185936441, -6.17657503099e-05, -0.0776036834071, 100.248412523, 1.72971240906, 155003.339879, 307.995276366
-0.0406722408027, 152101.522103, 306.323182485, 0.165204754363, -6.40321712923e-05, -0.0852002843124, 100.262051939, 1.72975285112, 155007.433158, 307.995276933
-0.0398394648829, 152104.887376, 306.322803693, 0.165223567167, -6.62979757213e-05, -0.092794818651, 100.275691356, 1.72979328219, 155011.525323, 307.9952775
-0.0390066889632, 152107.85462, 306.322469287, 0.165240165058, -6.71675689422e-05, -0.0994924238918, 100.287707988, 1.72982893455, 155015.134201, 307.995277999
-0.0381739130435, 152102.084353, 306.323109201, 0.165208141895, -3.73294308535e-05, -0.0865007718612, 100.264026852, 1.72975968517, 155008.134015, 307.995277001
-0.0373411371237, 152096.311359, 306.323749417, 0.165176103601, -7.47719462874e-06, -0.0735029814424, 100.240345716, 1.72969040306, 155001.130521, 307.995276003
-0.036508361204, 152090.535637, 306.324389936, 0.165144050166, 2.23891497262e-05, -0.0604990482837, 100.216664579, 1.72962108822, 154994.123718, 307.995275005
-0.0356755852843, 152084.757185, 306.325030758, 0.165111981579, 5.22696122148e-05, -0.0474889680297, 100.192983443, 1.72955174061, 154987.113603, 307.995274006
-0.0348428093645, 152078.976001, 306.325671882, 0.165079897829, 8.21642028502e-05, -0.0344727363206, 100.169302307, 1.72948236021, 154980.100173, 307.995273007
-0.0340100334448, 152073.192082, 306.32631331, 0.165047798906, 0.000112072931655, -0.0214503487925, 100.145621171, 1.729412947, 154973.083427, 307.995272007
-0.0331772575251, 152067.405428, 306.326955042, 0.165015684798, 0.000141995808661, -0.00842180107752, 100.121940034, 1.72934350095, 154966.063361, 307.995271006
-0.0323444816054, 152061.616035, 306.327597077, 0.164983555496, 0.00017193284391, 0.00461291119654, 100.098258898, 1.72927402205, 154959.039973, 307.995270006
-0.0315117056856, 152055.823903, 306.328239416, 0.164951410987, 0.000201884047453, 0.0176537924059, 100.074577762, 1.72920451026, 154952.013261, 307.995269004
-0.0306789297659, 152050.029029, 306.328882058, 0.164919251262, 0.00023184942935, 0.0307008469309, 100.050896626, 1.72913496557, 154944.983224, 307.995268003
-0.0298461538462, 152044.23141, 306.329525006, 0.164887076309, 0.000261828999671, 0.0437540791562, 100.027215489, 1.72906538794, 154937.949857, 307.995267
-0.0290133779264, 152038.431046, 306.330168257, 0.164854886119, 0.000291822768496, 0.0568134934704, 100.003534353, 1.72899577737, 154930.91316, 307.995265998
-0.0281806020067, 152032.627935, 306.330811814, 0.164822680679, 0.000321830745915, 0.0698790942663, 99.9798532168, 1.72892613382, 154923.873129, 307.995264994
-0.027347826087, 152026.822073, 306.331455675, 0.164790459979, 0.000351852942025, 0.0829508859411, 99.9561720805, 1.72885645727, 154916.829762, 307.995263991
-0.0265150501672, 152034.230403, 306.330572405, 0.164834022058, 0.000321857664766, 0.066070966759, 99.9869138912, 1.72894568113, 154925.92147, 307.995263715
-0.0256822742475, 152044.003902, 306.32941582, 0.164891147416, 0.000281117124407, 0.0438301492249, 100.027425679, 1.72906334601, 154937.90111, 307.99526357
-0.0248494983278, 152053.769487, 306.328260172, 0.16494822652, 0.000240409571081, 0.0216073397623, 100.067937467, 1.72918091561, 154949.871051, 307.995263426
-0.024016722408, 152063.527169, 306.327105459, 0.165005259427, 0.00019973496474, -0.000597483491266, 100.108449255, 1.72929839005, 154961.831304, 307.995263281
-0.0231839464883, 152073.276956, 306.32595168, 0.165062246193, 0.0001590932654, -0.0227843423629, 100.148961044, 1.72941576946, 154973.781881, 307.995263137
-0.0223511705686, 152083.018859, 306.324798834, 0.165119186873, 0.000118484433145, -0.0449532586443, 100.189472832, 1.72953305394, 154985.722793, 307.995262992
-0.0215183946488, 152092.752886, 306.32364692, 0.165176081523, 7.79084281202e-05, -0.0671042540921, 100.22998462, 1.72965024361, 154997.654053, 307.995262848
-0.0206856187291, 152102.479048, 306.322495937, 0.1652329302, 3.73652105369e-05, -0.0892373504277, 100.270496408, 1.72976733858, 155009.575671, 307.995262704
-0.0198528428094, 152112.197354, 306.321345884, 0.165289732959, -3.14525932976e-06, -0.111352569337, 100.311008196, 1.72988433898, 155021.487661, 307.99526256
-0.0190200668896, 152121.907814, 306.320196759, 0.165346489856, -4.36230211403e-05, -0.133449932472, 100.351519984, 1.7300012449, 155033.390032, 307.995262416
-0.0181872909699, 152130.590211, 306.319164576, 0.165397421455, -9.69283998283e-05, -0.153223071688, 100.387786603, 1.73010579994, 155044.040517, 307.995262328
-0.0173545150502, 152114.013155, 306.321004751, 0.165305260897, -0.000468690602677, -0.11589302049, 100.319013057, 1.72990689876, 155023.933777, 307.995263619
-0.0165217391304, 152097.413354, 306.322847452, 0.165212973891, -0.000840962877228, -0.0785117510607, 100.25023951, 1.72970772469, 155003.79945, 307.995264911
-0.0156889632107, 152080.790763, 306.324692682, 0.165120560177, -0.00121374627396, -0.0410791579167, 100.181465964, 1.72950827716, 154983.637479, 307.995266205
-0.014856187291, 152064.145333, 306.326540447, 0.165028019493, -0.00158704184623, -0.00359513528624, 100.112692417, 1.7293085556, 154963.447807, 307.995267501
-0.0140234113712, 152047.477018, 306.328390752, 0.164935351579, -0.0019608506503, 0.0339404228938, 100.043918871, 1.72910855945, 154943.230377, 307.995268799
-0.0131906354515, 152030.78577, 306.330243604, 0.164842556171, -0.00233517374534, 0.0715276229784, 99.9751453243, 1.72890828814, 154922.985131, 307.995270099
-0.0123578595318, 152014.071543, 306.332099006, 0.164749633005, -0.00271001219344, 0.109166571615, 99.9063717778, 1.72870774111, 154902.712012, 307.9952714
-0.011525083612, 151997.334288, 306.333956965, 0.164656581819, -0.00308536705959, 0.146857375746, 99.8375982313, 1.72850691778, 154882.410963, 307.995272703
-0.0106923076923, 152020.271019, 306.331171019, 0.164793741214, -0.0013569949288, 0.0944283782405, 99.9337841859, 1.72878348567, 154910.646749, 307.995270351
-0.00985953177258, 152048.103652, 306.327812232, 0.164959300004, 0.000629805959559, 0.0308790521044, 100.050575778, 1.7291189639, 154944.871739, 307.995267549
-0.00902675585284, 152075.871381, 306.324461279, 0.165124472721, 0.00261197376941, -0.0325220815185, 100.16736737, 1.72945365981, 154979.016919, 307.995264754
-0.00819397993311, 152103.574434, 306.32111813, 0.165289260717, 0.0045895246879, -0.0957755403859, 100.284158962, 1.72978757615, 155013.082567, 307.995261965
-0.00736120401338, 152131.213035, 306.317782759, 0.165453665332, 0.00656247482684, -0.158881839847, 100.400950553, 1.73012071563, 155047.068962, 307.995259182
-0.00652842809365, 152158.787409, 306.314455139, 0.165617687904, 0.00853084022317, -0.221841492854, 100.517742145, 1.73045308096, 155080.976378, 307.995256406
-0.00569565217391, 152119.644584, 306.318056643, 0.165437135813, 0.00786421379006, -0.136123622586, 100.377899497, 1.72998766295, 155034.797702, 307.995258271
-0.00486287625418, 152065.45818, 306.323218745, 0.165178971948, 0.00660685525816, -0.0168873960177, 100.180900237, 1.72934236878, 154970.564126, 307.995261179
-0.00403010033445, 152011.058247, 306.32840119, 0.164919790758, 0.00534454195459, 0.102818695162, 99.9839009775, 1.72869453174, 154906.07743, 307.995264098
-0.00319732441472, 151956.443522, 306.333604096, 0.164659586216, 0.00407724453422, 0.222997433773, 99.7869017177, 1.72804413679, 154841.336114, 307.995267028
-0.00236454849498, 151931.225017, 306.319849015, 0.165328412736, -0.00819252976016, 0.225476896256, 100.158411028, 1.72783503676, 154839.668005, 307.995269642
-0.00153177257525, 151957.225665, 306.273779347, 0.167580931914, -0.0391139970211, 0.0252338543115, 101.523897606, 1.72839078705, 154946.643834, 307.995271648
-0.000698996655518, 151982.536184, 306.228932497, 0.169773662908, -0.0692147217179, -0.169694175045, 102.889384184, 1.72893178617, 155050.780224, 307.9952736
0.000133779264214, 151950.303291, 306.172120431, 0.172487399374, -0.0724376911999, -0.294937065133, 104.514977493, 1.72888512252, 155116.932493, 307.995275618
0.000966555183946, 151631.223318, 306.051160701, 0.178015899255, 0.0566793933659, -0.0875684672982, 107.49962848, 1.72593441433, 155001.59413, 307.995278137
0.00179933110368, 151329.382764, 305.936736246, 0.183245702475, 0.178820473098, 0.108596312345, 110.484279466, 1.72314312852, 154892.487328, 307.99528052
0.00263210702341, 151043.421248, 305.828331362, 0.188200379504, 0.294536031895, 0.294441378906, 113.468930452, 1.72049868492, 154789.120347, 307.995282778
0.00346488294314, 150856.870077, 305.660760604, 0.195096325221, 0.618199611672, 0.0986235504601, 117.16307765, 1.71931432707, 154888.99924, 307.995280607
0.00429765886288, 150685.398429, 305.500703165, 0.201663026704, 0.931156924786, -0.101112186383, 120.888766103, 1.71825938497, 154991.224893, 307.995278384
0.00513043478261, 150524.180005, 305.350216432, 0.207837069342, 1.22540081574, -0.288904635733, 124.614454555, 1.7172675236, 155087.337918, 307.995276295
0.00596321070234, 150372.321858, 305.208466898, 0.213652649557, 1.50256102515, -0.465793931268, 128.340143007, 1.7163332493, 155177.870659, 307.995274327
0.00679598662207, 150086.950126, 305.111620899, 0.217271292392, 1.72157003852, -0.237389476581, 130.171835085, 1.71361636463, 155050.583857, 307.995273947
0.00762876254181, 149803.198344, 305.018996125, 0.22071108261, 1.93279914545, 0.00186385500985, 131.921926335, 1.71089408626, 154917.578543, 307.995273641
0.00846153846154, 149526.876561, 304.928796718, 0.224060802417, 2.13849724869, 0.234852372623, 133.672017585, 1.70824309037, 154788.055955, 307.995273343
0.00929431438127, 149257.696718, 304.840928646, 0.227323943815, 2.33887878355, 0.46181896118, 135.422108835, 1.70566061333, 154661.881067, 307.995273053
0.010127090301, 148995.385459, 304.755302678, 0.230503820598, 2.53414724199, 0.682994110358, 137.172200085, 1.70314403261, 154538.925746, 307.99527277
0.0109598662207, 148815.024849, 304.626973233, 0.23489726943, 3.34650418637, 0.606216173206, 139.244937337, 1.70180021777, 154573.986425, 307.995274185
0.0117926421405, 148711.017932, 304.460593644, 0.240366217058, 4.71684764168, 0.257557237966, 141.626255141, 1.70153940669, 154753.280273, 307.995277141
0.0126254180602, 148610.450744, 304.299716581, 0.245654294999, 6.04187093499, -0.0795708074346, 144.007572944, 1.70128722118, 154926.644493, 307.995279999
0.0134581939799, 148513.155423, 304.144073514, 0.250770329911, 7.32378574456, -0.405730684247, 146.388890748, 1.7010432403, 155094.368458, 307.995282765
0.0142909698997, 148418.974852, 303.993413106, 0.255722583308, 8.56466214209, -0.721449084516, 148.770208552, 1.70080707008, 155256.723014, 307.995285442
0.0151237458194, 148327.761819, 303.847499858, 0.260518796082, 9.76643974745, -1.02721950919, 151.151526355, 1.70057834135, 155413.961938, 307.995288034
0.0159565217391, 148239.378241, 303.706112884, 0.265166228874, 10.9309378453, -1.32350484213, 153.532844159, 1.70035670785, 155566.323263, 307.995290547
0.0167892976589, 148153.694475, 303.56904479, 0.269671698751, 12.0598645747, -1.61073968819, 155.914161962, 1.70014184449, 155714.030479, 307.995292982
0.0176220735786, 148070.588676, 303.436100664, 0.274041612571, 13.1548252891, -1.88933250033, 158.295479766, 1.69993344572, 155857.293628, 307.995295344
0.0184548494983, 147768.050894, 303.244181542, 0.27936466969, 15.1645896577, -1.93316631897, 158.206633937, 1.69751688567, 155865.849557, 307.995294842
0.0192876254181, 147451.677062, 303.048122791, 0.284763085901, 17.2348850866, -1.96359652964, 157.973112408, 1.6949634824, 155866.651179, 307.995294172
0.0201204013378, 147134.366495, 302.851483541, 0.290177486005, 19.3113103469, -1.99411683956, 157.739590879, 1.6924025189, 155867.455175, 307.9952935
0.0209531772575, 146816.115026, 302.654261208, 0.295607941096, 21.3938927033, -2.02472764947, 157.50606935, 1.68983396153, 155868.261555, 307.995292826
0.0217859531773, 146496.918464, 302.456453195, 0.301054522692, 23.4826595823, -2.05542936252, 157.272547821, 1.68725777646, 155869.070329, 307.99529215
0.022618729097, 146176.772594, 302.258056891, 0.306517302733, 25.5776385737, -2.08622238421, 157.039026292, 1.68467392967, 155869.881509, 307.995291472
0.0234515050167, 145855.673174, 302.059069665, 0.31199635359, 27.6788574314, -2.1171071225, 156.805504763, 1.68208238693, 155870.695105, 307.995290792
0.0242842809365, 145533.615936, 301.859488875, 0.317491748065, 29.786344075, -2.14808398776, 156.571983234, 1.67948311381, 155871.511128, 307.99529011
0.0251170568562, 145210.59659, 301.65931186, 0.323003559394, 31.9001265911, -2.17915339282, 156.338461705, 1.67687607565, 155872.329588, 307.995289426
0.0259498327759, 144886.610818, 301.458535945, 0.328531861254, 34.0202332341, -2.21031575298, 156.104940176, 1.67426123762, 155873.150498, 307.995288739
0.0267826086957, 144561.654276, 301.257158439, 0.334076727761, 36.1466924278, -2.24157148603, 155.871418647, 1.67163856466, 155873.973867, 307.995288051
0.0276153846154, 144037.915545, 301.015712317, 0.340094614767, 37.9688734823, -1.99399551145, 154.482678188, 1.66689858605, 155716.569666, 307.995284983
0.0284481605351, 143345.732983, 300.737360096, 0.346617023911, 39.5902366394, -1.52072829101, 152.203983361, 1.66038267067, 155430.725762, 307.995279968
0.0292809364548, 142632.509637, 300.450546598, 0.353337699541, 41.2608855691, -1.03307481756, 149.925288535, 1.6536686862, 155136.192849, 307.9952748
0.0301137123746, 141897.271312, 300.154880062, 0.360265821457, 42.9831022184, -0.530369002977, 147.646593708, 1.64674746198, 154832.568625, 307.995269473
0.0309464882943, 141138.982729, 299.849944165, 0.367411145048, 44.7593116158, -0.0119029944626, 145.367898881, 1.63960925233, 154519.425559, 307.995263979
0.031779264214, 140356.542663, 299.535296062, 0.374784047121, 46.5920932639, 0.523076151004, 143.089204054, 1.63224369078, 154196.30889, 307.99525831
0.0326120401338, 139548.778604, 299.210464245, 0.382395576181, 48.4841936387, 1.07537011506, 140.810509227, 1.62463973983, 153862.734418, 307.995252457
0.0334448160535, 138714.440899, 298.874946181, 0.390257507678, 50.4385399223, 1.64583332643, 138.5318144, 1.61678563574, 153518.186085, 307.995246412
0.0342775919732, 138200.969967, 298.49461641, 0.398408938686, 51.8460792754, 1.4261865658, 136.612677314, 1.61285200797, 153584.635455, 307.995251559
0.035110367893, 137776.901774, 298.093775919, 0.406793965975, 53.1107157869, 0.960046998227, 134.799225046, 1.61005228194, 153778.456241, 307.995260232
0.0359431438127, 137341.268023, 297.682003354, 0.415407677076, 54.4098425737, 0.481194463868, 132.985772777, 1.60717619933, 153977.563078, 307.995269143
0.0367759197324, 136893.589032, 297.25884531, 0.424259556625, 55.7448901158, -0.0108983061062, 131.172320508, 1.60422059326, 154182.175203, 307.995278299
0.0376086956522, 136433.358222, 296.823822955, 0.433359621106, 57.1173691077, -0.516788147164, 129.358868239, 1.60118211927, 154392.524149, 307.995287713
0.0384414715719, 135753.282892, 296.466090834, 0.440602700836, 58.2810205236, -0.28331470791, 126.830636325, 1.59511149963, 154214.235814, 307.99532027
0.0392742474916, 134890.528068, 296.158229025, 0.446615077993, 59.3146697661, 0.515139183716, 123.792063446, 1.58660090899, 153737.63602, 307.99537112
0.0401070234114, 133984.353491, 295.834873494, 0.452930039299, 60.4003393442, 1.35377676409, 120.753490566, 1.57766200693, 153237.050447, 307.995424529
0.0409397993311, 133031.396779, 295.494824422, 0.459571016553, 61.5420576576, 2.23570981555, 117.714917687, 1.56826162547, 152710.621663, 307.995480695
0.0417725752508, 132975.163208, 295.498377598, 0.459523783441, 62.6699296754, 2.36381269225, 113.057186399, 1.56758786392, 152642.220927, 307.995178131
0.0426053511706, 133413.160172, 295.692966294, 0.45575949704, 63.8646380247, 2.08178166307, 107.598295405, 1.57171543474, 152823.641413, 307.994656375
0.0434381270903, 133897.975065, 295.908354768, 0.451592842341, 65.1870499314, 1.76960405816, 102.139404411, 1.57628420569, 153024.454115, 307.994078847
0.04427090301, 134199.43034, 296.017228731, 0.449498936365, 65.9014619614, 1.49086136465, 99.5063644593, 1.57925755241, 153191.802524, 307.994655658
0.0451036789298, 134254.259204, 295.989358235, 0.450063609661, 65.8261663559, 1.27912199867, 99.9800694347, 1.58005049067, 153303.080338, 307.996541459
0.0459364548495, 134308.57096, 295.961750594, 0.450622957352, 65.7515808861, 1.06937961074, 100.45377441, 1.58083595049, 153413.308658, 307.998409475
0.0467692307692, 134323.589259, 295.944460479, 0.450970753601, 65.7125563533, 0.978906679551, 100.708926354, 1.58110387594, 153460.409728, 307.999503175
0.047602006689, 134234.834832, 295.954073858, 0.450766744619, 65.7667901416, 1.20226099519, 100.382397923, 1.58000682139, 153341.387224, 307.998572541
0.0484347826087, 134145.501113, 295.963749982, 0.450561404086, 65.8213779096, 1.42707312705, 100.055869492, 1.57890260646, 153221.587869, 307.997635832
0.0492675585284, 134055.58241, 295.973489469, 0.450354718923, 65.8763231342, 1.65335739442, 99.7293410612, 1.5777911608, 153101.004034, 307.99669299
0.0501003344482, 133965.072958, 295.983292943, 0.45014667588, 65.9316293382, 1.88112830478, 99.4028126302, 1.57667241317, 152979.627986, 307.995743953
0.0509331103679, 133891.057042, 295.99115133, 0.449963674926, 65.9750302329, 2.06687970347, 99.1415424392, 1.5757583144, 152879.274965, 307.994120593
0.0517658862876, 133994.989574, 295.978085313, 0.450055809772, 65.8906886433, 1.79948089659, 99.5626438863, 1.5770518683, 153006.1609, 307.985548326
0.0525986622074, 134098.04664, 295.965129357, 0.45014716853, 65.8070574965, 1.53433449632, 99.9837453335, 1.57833452609, 153131.978024, 307.977048266
0.0534314381271, 134200.239257, 295.952282076, 0.450237760964, 65.7241278536, 1.27141216265, 100.404846781, 1.57960642485, 153256.739785, 307.968619505
0.0542642140468, 134301.578255, 295.939542108, 0.450327596676, 65.6418909252, 1.010686029, 100.825948228, 1.58086769939, 153380.459407, 307.96026115
0.0550969899666, 134402.074285, 295.926908116, 0.450416685108, 65.5603380678, 0.752128692421, 101.247049675, 1.58211848227, 153503.149892, 307.951972323
0.0559297658863, 134262.077672, 295.92200658, 0.451151799689, 65.6832832536, 1.03641221256, 100.803131106, 1.58049446697, 153407.634141, 307.988416575
0.056762541806, 134094.142038, 295.917902592, 0.451965813484, 65.830027634, 1.38341989539, 100.264645247, 1.57853700472, 153287.106118, 308.030169147
0.0575953177258, 133924.392819, 295.913754284, 0.452788618051, 65.9783567495, 1.73417501482, 99.7261593876, 1.57655840326, 153165.276478, 308.072372618
0.0584280936455, 133752.800476, 295.909560933, 0.453620356563, 66.1282964105, 2.08873860491, 99.1876735283, 1.5745583183, 153042.124022, 308.11503433
0.0592608695652, 133579.334827, 295.905321803, 0.45446117532, 66.279872991, 2.44717303234, 98.649187669, 1.57253639805, 152917.627087, 308.158161789
0.0600936454849, 133511.865097, 295.746180129, 0.4564725885, 65.3275468296, 2.05043951624, 102.090750214, 1.57258997151, 153009.554321, 308.098466414
0.0609264214047, 133481.602621, 295.553217596, 0.458675087849, 64.1197018317, 1.45859365865, 106.819330812, 1.57326247, 153159.135253, 308.012657442
0.0617591973244, 133453.905834, 295.376614651, 0.460690856751, 63.0142593323, 0.916925178737, 111.547911411, 1.5738779533, 153296.03454, 307.934123454
0.0625919732441, 133428.461719, 295.214375421, 0.462542676336, 61.9987262182, 0.4193124322, 116.27649201, 1.57444337725, 153421.799345, 307.861976901
0.0634247491639, 133405.006192, 295.064816012, 0.464249766812, 61.0625621764, -0.0394093500463, 121.005072609, 1.57496461044, 153537.734991, 307.795468968
0.0642575250836, 133042.902198, 294.873628326, 0.466463812443, 60.0656915778, 0.0970322434934, 125.033854485, 1.57169493855, 153309.041076, 307.715916827
0.0650903010033, 132489.320129, 294.660681821, 0.468944225694, 59.045797176, 0.576052411799, 128.614934412, 1.56627231491, 152883.792005, 307.629784761
0.0659230769231, 131965.730214, 294.459272403, 0.471290254288, 58.0811589541, 1.0291200653, 132.196014339, 1.56114347999, 152481.58222, 307.548319187
0.0667558528428, 131469.759352, 294.26848721, 0.473512531287, 57.1674048167, 1.45828867327, 135.777094266, 1.55628518802, 152100.588759, 307.471150873
0.0675886287625, 130999.278365, 294.087507211, 0.475620596808, 56.3006120667, 1.86540063337, 139.358174193, 1.55167658261, 151739.176036, 307.397948539
0.0684214046823, 130552.371449, 293.915595455, 0.477623034926, 55.4772511106, 2.25211371177, 142.93925412, 1.54729889746, 151395.872375, 307.328414105
0.069254180602, 130367.835903, 293.833765677, 0.477526581606, 54.910328937, 2.37372518719, 145.053406384, 1.54555068619, 151175.200223, 307.23730223
0.0700869565217, 130482.004513, 293.853692547, 0.474972495307, 54.6186204697, 2.19071671666, 145.378742817, 1.54680045569, 151088.321568, 307.117023093
0.0709197324415, 130595.663279, 293.873530429, 0.472429814828, 54.3282146893, 2.00852550977, 145.70407925, 1.54804464406, 151001.830889, 306.997281088
0.0717525083612, 130708.815608, 293.893279918, 0.469898463938, 54.039102889, 1.82714610422, 146.029415683, 1.54928328863, 150915.725591, 306.878072625
0.0725852842809, 130821.464878, 293.912941603, 0.467378367081, 53.7512764395, 1.64657308627, 146.354752116, 1.55051642635, 150830.003106, 306.759394146
0.0734180602007, 130933.614435, 293.93251607, 0.464869449374, 53.4647267882, 1.46680109022, 146.680088549, 1.55174409388, 150744.660886, 306.641242125
0.0742508361204, 131045.267598, 293.952003896, 0.462371636596, 53.179445458, 1.28782479787, 147.005424982, 1.55296632752, 150659.696406, 306.523613067
0.0750836120401, 131156.427655, 293.971405656, 0.459884855179, 52.8954240467, 1.10963893798, 147.330761415, 1.55418316328, 150575.107163, 306.406503507
0.0759163879599, 131134.828509, 293.967977072, 0.456839641655, 52.4339368803, 1.14445656113, 147.754004652, 1.55394716914, 150302.043522, 306.243336958
0.0767491638796, 131106.548205, 293.963397964, 0.453782632464, 51.9659066513, 1.18999276665, 148.182303162, 1.55363805871, 150020.832847, 306.078711868
0.0775819397993, 131078.430909, 293.95884525, 0.450743243987, 51.5005741659, 1.23526649979, 148.610601672, 1.55333073001, 149741.24308, 305.915035683
0.0784147157191, 131050.475217, 293.954318704, 0.447721324313, 51.0379161663, 1.28028002338, 149.038900181, 1.55302516767, 149463.260249, 305.752300222
0.0792474916388, 131022.679739, 293.949818098, 0.44471672327, 50.5779096612, 1.32503557432, 149.467198691, 1.5527213565, 149186.870537, 305.590497399
0.0800802675585, 130995.043102, 293.945343212, 0.441729292405, 50.1205319223, 1.36953536392, 149.895497201, 1.55241928151, 148912.06029, 305.429619219
0.0809130434783, 130967.563948, 293.940893826, 0.438758884955, 49.66576048, 1.41378157833, 150.32379571, 1.55211892784, 148638.816007, 305.269657779
0.081745819398, 130940.240935, 293.936469721, 0.435805355826, 49.2135731203, 1.45777637881, 150.75209422, 1.55182028083, 148367.124341, 305.110605264
0.0825785953177, 130915.588121, 293.931270985, 0.432726318293, 48.7440694721, 1.4933013979, 151.163190199, 1.55155732302, 148090.313331, 304.945558677
0.0834113712375, 130943.834057, 293.909294254, 0.426669526935, 47.8585460852, 1.35608586988, 151.212951699, 1.55200911148, 147674.510555, 304.636212947
0.0842441471572, 130972.061408, 293.887331982, 0.42061672063, 46.9736053267, 1.21896062254, 151.262713198, 1.55246060269, 147258.981356, 304.327070751
0.0850769230769, 131000.270193, 293.865384156, 0.414567895448, 46.0892466217, 1.0819255668, 151.312474698, 1.55291179694, 146843.725464, 304.018131887
0.0859096989967, 131028.46043, 293.843450761, 0.408523047461, 45.2054693962, 0.94498061373, 151.362236198, 1.55336269452, 146428.742608, 303.709396156
0.0867424749164, 131056.632138, 293.821531782, 0.402482172748, 44.3222730768, 0.808125674477, 151.411997697, 1.55381329572, 146014.032521, 303.400863356
0.0875752508361, 131084.785335, 293.799627206, 0.396445267394, 43.439657091, 0.671360660325, 151.461759197, 1.55426360085, 145599.594932, 303.092533288
0.0884080267559, 131112.920038, 293.777737018, 0.390412327487, 42.557620867, 0.534685482671, 151.511520697, 1.55471361018, 145185.429575, 302.784405752
0.0892408026756, 131141.036268, 293.755861205, 0.38438334912, 41.6761638337, 0.398100053028, 151.561282196, 1.55516332402, 144771.536179, 302.476480549
0.0900735785953, 131169.13404, 293.733999752, 0.378358328395, 40.7952854208, 0.261604283025, 151.611043696, 1.55561274264, 144357.914479, 302.168757478
0.0909063545151, 131123.713207, 293.701558281, 0.371965419095, 39.8459437309, 0.250545320991, 151.073180224, 1.55524539044, 143870.948653, 301.854210083
0.0917391304348, 130975.232129, 293.653935696, 0.364973543637, 38.7883812221, 0.41413114396, 149.726384586, 1.55373492153, 143275.203806, 301.525905962
0.0925719063545, 130824.055617, 293.605448599, 0.357854741997, 37.7116203778, 0.58068660277, 148.379588949, 1.55219703251, 142668.644177, 301.191642012
0.0934046822742, 130670.109602, 293.556073235, 0.350605526307, 36.6151336372, 0.750293301514, 147.032793312, 1.55063096987, 142050.972578, 300.851254458
0.094237458194, 130513.317276, 293.505784969, 0.343222279726, 35.4983739317, 0.923035861845, 145.685997674, 1.54903595227, 141421.880838, 300.504573472
0.0950702341137, 130353.598965, 293.454558247, 0.33570125042, 34.3607737743, 1.09900206376, 144.339202037, 1.54741116919, 140781.049279, 300.151422886
0.0959030100334, 130190.871991, 293.402366552, 0.328038545207, 33.2017442982, 1.27828299432, 142.9924064, 1.54575577959, 140128.146182, 299.791619896
0.0967357859532, 130025.050534, 293.349182357, 0.320230122835, 32.0206742402, 1.46097320489, 141.645610762, 1.54406891041, 139462.82721, 299.424974744
0.0975685618729, 129856.045478, 293.294977082, 0.312271786878, 30.8169288659, 1.64717087743, 140.298815125, 1.5423496551, 138784.734807, 299.051290387
0.0984013377926, 129714.353382, 293.229642602, 0.304792393831, 29.5862735691, 1.73562054805, 138.610632078, 1.5410115356, 138199.208644, 298.705688608
0.0992341137124, 129612.168573, 293.148127981, 0.298002442948, 28.3157796578, 1.68240165523, 136.445633373, 1.5402251428, 137747.506186, 298.400573947
0.100066889632, 129506.688724, 293.063984849, 0.290993544115, 27.0043175506, 1.6274666723, 134.280634668, 1.53941339207, 137281.238184, 298.085620594
0.100899665552, 129397.751847, 292.977083985, 0.283754933532, 25.6498731917, 1.5707312338, 132.115635963, 1.53857503678, 136799.688575, 297.760344867
0.101732441472, 129285.185158, 292.887287556, 0.276275130096, 24.2502983071, 1.51210535207, 129.950637257, 1.53770874722, 136302.093576, 297.424230846
0.102565217391, 129168.804163, 292.794448389, 0.268541874629, 22.8032990351, 1.45149294103, 127.785638552, 1.53681310356, 135787.637645, 297.076727652
0.103397993311, 129048.411651, 292.698409163, 0.260542062837, 21.3064233805, 1.38879129065, 125.620639847, 1.53588658811, 135255.449016, 296.717246426
0.104230769231, 128923.796576, 292.599001524, 0.252261671203, 19.7570473488, 1.32389048614, 123.455641141, 1.53492757671, 134704.594773, 296.345157006
0.105063545151, 128589.132491, 292.382126981, 0.247447094147, 17.6603302838, 1.32921952015, 121.951640104, 1.53206680612, 134136.37542, 295.982797428
0.10589632107, 128194.8627, 292.131485257, 0.243465219703, 15.3904282656, 1.35292308772, 120.612982236, 1.52866884138, 133555.342595, 295.617686507
0.10672909699, 127791.742852, 291.875217451, 0.239393965292, 13.0695744233, 1.37715872231, 119.274324367, 1.52519460351, 132961.267495, 295.24438005
0.10756187291, 127379.471581, 291.613131984, 0.235230287327, 10.6960337332, 1.401944542, 117.935666499, 1.52164149525, 132353.706005, 294.862598978
0.108394648829, 126957.733683, 291.345028476, 0.230971002444, 8.26799149186, 1.42729949692, 116.59700863, 1.51800680006, 131732.193607, 294.472051399
0.109227424749, 126526.19931, 291.070697239, 0.226612779391, 5.78354868897, 1.45324341757, 115.258350762, 1.51428767519, 131096.244209, 294.07243186
0.110060200669, 126093.730702, 290.803925174, 0.22268420615, 3.23206652729, 1.51505834286, 113.259182411, 1.51049643092, 130488.817532, 293.698215151
0.110892976589, 125651.456291, 290.538329682, 0.219055679558, 0.56808739044, 1.6100144669, 110.703046874, 1.50656244613, 129894.115398, 293.338792484
0.111725752508, 125188.274887, 290.260179082, 0.215255626925, -2.22182214342, 1.70945931318, 108.146911338, 1.50244249583, 129271.300778, 292.962379355
0.112558528428, 124702.668145, 289.968561574, 0.211271591372, -5.14680762211, 1.8137188699, 105.590775801, 1.49812307447, 128618.332036, 292.56774185
0.113391304348, 124192.967047, 289.662474876, 0.207089879877, -8.21692214296, 1.9231514744, 103.034640265, 1.49358933632, 127932.964935, 292.153523611
0.114224080268, 123776.735975, 289.440018215, 0.204710571955, -10.317583582, 2.11029916855, 101.507615329, 1.48974057416, 127412.075332, 291.868695714
0.115056856187, 123555.504183, 289.381155376, 0.205681874694, -10.5565180385, 2.42090070924, 101.728773246, 1.48737874339, 127218.977947, 291.832671042
0.115889632107, 123335.233561, 289.32254832, 0.206648956917, -10.7944150632, 2.7301529791, 101.949928468, 1.48502717364, 127026.719459, 291.796802898
0.116722408027, 123115.917847, 289.264195382, 0.207611846108, -11.0312814121, 3.03806476487, 102.171080996, 1.4826857981, 126835.294404, 291.761090262
0.117555183946, 122897.550838, 289.206094911, 0.208570569515, -11.2671237824, 3.34464477717, 102.392230831, 1.48035455051, 126644.697367, 291.725532125
0.118387959866, 122754.861732, 289.166052497, 0.209086562402, -11.4653584518, 3.53771924405, 102.463465205, 1.47884195862, 126516.270843, 291.697603324
0.119220735786, 122870.957116, 289.187648651, 0.208082673886, -11.537363386, 3.34226480675, 102.017568131, 1.48012937997, 126600.230809, 291.695510906
0.120053511706, 122988.071062, 289.209434294, 0.207069976615, -11.6100000905, 3.14509559812, 101.571671335, 1.48142809642, 126684.927389, 291.693400144
0.120886287625, 123106.217041, 289.231411931, 0.206048354073, -11.6832769219, 2.94618893637, 101.125774817, 1.48273825736, 126770.370329, 291.691270797
0.121719063545, 123225.408766, 289.253584113, 0.205017687681, -11.757202385, 2.74552173794, 100.679878577, 1.48406001484, 126856.569542, 291.689122618
0.122551839465, 123345.660192, 289.275953438, 0.203977856749, -11.8317851356, 2.54307050856, 100.233982615, 1.48539352362, 126943.535123, 291.686955355
0.123384615385, 123466.985523, 289.298522546, 0.202928738432, -11.9070339843, 2.33881133403, 99.7880869319, 1.48673894123, 127031.277344, 291.684768753
0.124217391304, 123589.39922, 289.321294129, 0.201870207677, -11.9829579, 2.13271987086, 99.3421915263, 1.488096428, 127119.806662, 291.682562551
0.125050167224, 123667.853805, 289.335001921, 0.201214536835, -12.018650138, 1.99750048202, 99.0760811551, 1.48897102148, 127177.327955, 291.680771637
0.125882943144, 123588.727817, 289.316298843, 0.202000947608, -11.9112966259, 2.11662040917, 99.4418233656, 1.48811416907, 127123.623704, 291.680503477
0.126715719064, 123510.182212, 289.297732919, 0.202781591771, -11.8047296736, 2.2348664964, 99.8075660268, 1.48726360177, 127070.313405, 291.680237274
0.127548494983, 123432.210633, 289.279302647, 0.203556532477, -11.6989406672, 2.35224831382, 100.173309139, 1.48641925073, 127017.392743, 291.679973007
0.128381270903, 123354.806817, 289.261006547, 0.204325831962, -11.5939211181, 2.46877529227, 100.539052701, 1.48558104814, 126964.857467, 291.679710655
0.129214046823, 123277.964591, 289.24284316, 0.205089551558, -11.4896626608, 2.58445672591, 100.904796713, 1.48474892714, 126912.703387, 291.679450196
0.130046822742, 123201.677871, 289.224811048, 0.205847751712, -11.3861570505, 2.69930177464, 101.270541175, 1.48392282186, 126860.926373, 291.679191611
0.130879598662, 123125.940661, 289.206908795, 0.206600492001, -11.2833961613, 2.81331946655, 101.636286088, 1.48310266734, 126809.522355, 291.678934878
0.131712374582, 123077.211713, 289.19694222, 0.207020695241, -11.3196724175, 2.89203498796, 101.790328145, 1.48256706775, 126774.096949, 291.678748586
0.132545150502, 123123.87707, 289.215137033, 0.206260899207, -11.8557655657, 2.84651833929, 101.185648648, 1.48303585326, 126794.908232, 291.678809338
0.133377926421, 123171.102727, 289.233550297, 0.205491981095, -12.3983097776, 2.80045515272, 100.580967811, 1.48351026741, 126815.969426, 291.678870836
0.134210702341, 123218.898851, 289.252185978, 0.204713775353, -12.9474221258, 2.75383550936, 99.9762856329, 1.48399041234, 126837.285067, 291.678933092
0.135043478261, 123251.181664, 289.257835686, 0.204452958493, -13.397963212, 2.69828903892, 99.6318442345, 1.48435010284, 126862.050286, 291.678973371
0.135876254181, 123023.643847, 289.05092622, 0.212669192127, -12.1407474522, 2.51034129447, 103.650269425, 1.48266723048, 126937.217016, 291.678646588
0.1367090301, 122813.08989, 288.859460931, 0.220272146844, -10.9773800901, 2.33642252549, 107.668692821, 1.48110997066, 127006.77314, 291.678344244
0.13754180602, 122617.686581, 288.681772799, 0.227328019037, -9.89773127339, 2.17501846572, 111.687114421, 1.47966476495, 127071.324258, 291.6780637
0.13837458194, 122435.855377, 288.516426386, 0.233893809118, -8.89307838582, 2.0248252103, 115.705534225, 1.47831993846, 127131.391839, 291.677802685
0.13920735786, 122054.325816, 288.309081105, 0.241221930884, -7.60183503421, 2.20253887109, 119.100924071, 1.47476443877, 127042.915977, 291.677558332
0.140040133779, 121669.301066, 288.106991175, 0.248286663093, -6.34063217511, 2.40714168881, 122.422866323, 1.47113876183, 126942.634885, 291.677327319
0.140872909699, 121304.619107, 287.915578611, 0.254978130214, -5.14607119823, 2.60093410531, 125.744805504, 1.46770464787, 126847.652277, 291.677108547
0.141705685619, 120958.709155, 287.734018953, 0.261325154183, -4.01300630268, 2.78475085362, 129.066741614, 1.46444730523, 126757.559027, 291.676901072
0.142538461538, 120630.158087, 287.561570491, 0.267353664056, -2.93680817625, 2.95934288387, 132.388674652, 1.46135342689, 126671.987071, 291.676704042
0.143371237458, 120455.998814, 287.404135042, 0.272326227745, -1.82601304388, 2.82432696877, 134.560591469, 1.46004026809, 126722.33304, 291.676545211
0.144204013378, 120291.619492, 287.251864888, 0.277118478041, -0.747518835272, 2.68422440205, 136.696563225, 1.45881904591, 126775.179813, 291.676392292
0.145036789298, 120132.298219, 287.104280111, 0.281763268695, 0.297786263135, 2.54843264177, 138.832531984, 1.45763540179, 126826.400584, 291.676244101
0.145869565217, 119977.805064, 286.961167721, 0.286267302975, 1.31141097166, 2.41675572591, 140.968497746, 1.45648762747, 126876.069268, 291.676100421
0.146702341137, 119827.923825, 286.822327445, 0.290636883918, 2.29477393041, 2.28900939266, 143.10446051, 1.45537411673, 126924.255369, 291.675961051
0.147535117057, 119679.941688, 286.686383784, 0.294904217786, 3.26467152175, 2.16695855334, 145.229020135, 1.45426862234, 126970.04999, 291.675826195
0.148367892977, 119407.388274, 286.493157802, 0.300408092573, 5.00066134055, 2.14702775851, 146.764753661, 1.45192636925, 126964.901594, 291.675714844
0.149200668896, 119140.479946, 286.303933974, 0.305797968559, 6.70069403306, 2.12751006613, 148.300483958, 1.44963262813, 126959.859722, 291.675605814
0.150033444816, 118879.04311, 286.118589229, 0.311077351347, 8.36587532503, 2.10839277285, 149.836211023, 1.44738590715, 126954.921097, 291.675499036
0.150866220736, 118622.911218, 285.937005491, 0.316249604264, 9.99726606561, 2.08966369088, 151.371934857, 1.44518477507, 126950.082577, 291.675394439
0.151698996656, 118371.924414, 285.759069428, 0.321317955504, 11.5958844812, 2.0713111221, 152.90765546, 1.44302785813, 126945.341145, 291.675291959
0.152531772575, 118125.929201, 285.584672215, 0.326285504849, 13.1627082949, 2.05332383375, 154.44337283, 1.44091383724, 126940.693904, 291.675191533
0.153364548495, 117884.778126, 285.413709315, 0.331155229991, 14.6986767204, 2.03569103546, 155.979086967, 1.43884144522, 126936.138073, 291.675093099
0.154197324415, 117564.987025, 285.142226973, 0.338031574028, 16.7117183212, 1.86323059233, 156.423954543, 1.43628897607, 126987.622892, 291.675071662
0.155030100334, 117238.032777, 284.861189548, 0.345094430263, 18.7680073178, 1.6753385437, 156.754891099, 1.43369452239, 127044.725078, 291.675058212
0.155862876254, 116912.45693, 284.581336759, 0.35212751512, 20.8156313012, 1.48823795213, 157.085826122, 1.4311110076, 127101.586817, 291.675044822
0.156695652174, 116588.250781, 284.302661128, 0.359131016566, 22.8546449802, 1.3019238205, 157.41675961, 1.42853836264, 127158.209627, 291.675031492
0.157528428094, 116265.4057, 284.025155238, 0.366105120991, 24.8851026039, 1.11639119368, 157.747691564, 1.42597651903, 127214.595015, 291.675018221
0.158361204013, 115943.91313, 283.748811735, 0.37305001322, 26.9070579666, 0.931635158078, 158.078621982, 1.42342540886, 127270.744472, 291.675005009
0.159193979933, 115623.764584, 283.473623325, 0.379965876534, 28.9205644128, 0.747650841202, 158.409550867, 1.42088496478, 127326.659478, 291.674991855
0.160026755853, 115278.617822, 283.189461526, 0.38699232298, 30.9145593999, 0.596859083471, 158.543721661, 1.41807447681, 127365.951139, 291.67498967
0.160859531773, 114667.104916, 282.801309788, 0.395484478664, 32.818914083, 0.767919700361, 156.739903967, 1.41243453126, 127242.161162, 291.675096304
0.161692307692, 114041.353791, 282.404120566, 0.404174361882, 34.7676114859, 0.942963410693, 154.936086224, 1.40666326733, 127115.488839, 291.67520541
0.162525083612, 113400.861289, 281.997574488, 0.413068960021, 36.7622186124, 1.12213097088, 153.132268432, 1.40075604443, 126985.832311, 291.675317074
0.163357859532, 112745.100264, 281.581336957, 0.422175593623, 38.8043771806, 1.30556984856, 151.328450592, 1.39470800071, 126853.084864, 291.675431389
0.164190635452, 112073.51813, 281.155057227, 0.43150193648, 40.8958081291, 1.49343462737, 149.524632703, 1.3885140397, 126717.134635, 291.675548451
0.165023411371, 111385.535314, 280.718367423, 0.441056037206, 43.0383164542, 1.68588744145, 147.720814765, 1.38216881602, 126577.864296, 291.675668359
0.165856187291, 110680.543581, 280.270881479, 0.4508463424, 45.2337964053, 1.88309844212, 145.916996778, 1.37566671997, 126435.150718, 291.67579122
0.166688963211, 109886.711256, 279.699138611, 0.462060457169, 46.8240539245, 1.91985562423, 143.972258379, 1.36852984538, 126328.536916, 291.675915746
0.16752173913, 109051.629059, 279.080942211, 0.473904187344, 48.2793667262, 1.91280368238, 141.98988777, 1.36106766132, 126229.726985, 291.676043319
0.16835451505, 108192.900019, 278.44524053, 0.486083296654, 49.7758924418, 1.90555193278, 140.007515548, 1.35339417272, 126128.119185, 291.676174485
0.16918729097, 107309.505232, 277.791279293, 0.498612236069, 51.3154068729, 1.898091766, 138.025141712, 1.34550027477, 126023.592962, 291.6763094
0.17002006689, 106400.366399, 277.118260258, 0.511506298887, 52.8997893301, 1.89041407078, 136.042766262, 1.337376332, 125916.020733, 291.676448228
0.170852842809, 105464.341443, 276.425337968, 0.524781683013, 54.5310302859, 1.88250919693, 134.060389198, 1.32901213895, 125805.267367, 291.676591141
0.171685618729, 104607.595855, 275.861123622, 0.535023516519, 55.7943936337, 2.18290530847, 131.410561437, 1.32089790907, 125569.551295, 291.676753096
0.172518394649, 103768.934423, 275.349680541, 0.543935018178, 56.8970330912, 2.65648887651, 128.424176567, 1.3126874014, 125260.410414, 291.676929791
0.173351170569, 102890.340357, 274.813885408, 0.553270838947, 58.0521765152, 3.15262207643, 125.437789614, 1.30408595297, 124936.549913, 291.677114869
0.174183946488, 101968.891942, 274.251956476, 0.563062024624, 59.2636654194, 3.67295477807, 122.45140058, 1.29506496015, 124596.892816, 291.677308944
0.175016722408, 101001.375305, 273.661933835, 0.573342725386, 60.5357254441, 4.2193018277, 119.465009464, 1.28559295915, 124240.254453, 291.67751269
0.175849498328, 100543.004946, 273.373673072, 0.57832035277, 61.543208281, 4.4522295676, 116.262574041, 1.28113421031, 124079.783961, 291.677657854
0.176682274247, 100389.582222, 273.265694622, 0.580127335361, 62.4133007807, 4.49608911367, 112.935879616, 1.27967958896, 124037.248148, 291.677770449
0.177515050167, 100226.846407, 273.151161613, 0.582044006601, 63.3362101995, 4.5426107776, 109.609181197, 1.27813666938, 123992.1304, 291.677889845
0.178347826087, 100053.922968, 273.029458548, 0.584080666645, 64.3168962354, 4.59204454174, 106.282478783, 1.27649716004, 123944.188263, 291.678016681
0.179180602007, 99956.2041662, 272.968021439, 0.58510766642, 64.9826731822, 4.64718343284, 104.03033264, 1.27553583727, 123906.99331, 291.678169888
0.180013377926, 99964.6203871, 272.990773824, 0.584724321428, 65.1909003654, 4.70717490466, 103.137964148, 1.27553572423, 123886.153712, 291.678350759
0.180846153846, 99973.1835164, 273.013923361, 0.584334284999, 65.4027622359, 4.76821355114, 102.245595656, 1.27553560921, 123864.95035, 291.678534787
0.181678929766, 99981.8974345, 273.03748054, 0.583937380388, 65.6183547987, 4.83032703198, 101.353227165, 1.27553549217, 123843.373617, 291.678722056
0.182511705686, 99998.5909856, 273.054403069, 0.583649302191, 65.7851618154, 4.84529805647, 100.683110103, 1.2756677894, 123840.581796, 291.678853583
0.183344481605, 100035.552451, 273.0533004, 0.583657286696, 65.8178126224, 4.73620172325, 100.5857636, 1.27614192625, 123887.106338, 291.678834078
0.184177257525, 100072.585527, 273.052195595, 0.583665286671, 65.8505266892, 4.62689401947, 100.488417097, 1.27661698173, 123933.721019, 291.678814536
0.185010033445, 100109.690424, 273.051088647, 0.58367330216, 65.8833041998, 4.51737433024, 100.391070593, 1.2770929585, 123980.426103, 291.678794955
0.185842809365, 100146.867349, 273.049979551, 0.58368133321, 65.9161453391, 4.4076420383, 100.29372409, 1.27756985925, 124027.221852, 291.678775336
0.186675585284, 100184.116514, 273.048868299, 0.583689379864, 65.9490502925, 4.29769652399, 100.196377587, 1.27804768668, 124074.10853, 291.67875568
0.187508361204, 100157.242829, 273.038910912, 0.583848043561, 65.9412723265, 4.33944969911, 100.21629754, 1.27774850808, 124053.72893, 291.678811792
0.188341137124, 100115.635557, 273.026927896, 0.58404120834, 65.9241362704, 4.41608317267, 100.263208463, 1.27727076636, 124017.884774, 291.678885287
0.189173913043, 100074.067201, 273.014956088, 0.584234192448, 65.9070162421, 4.49264496958, 100.310119385, 1.27679347148, 123982.074145, 291.678958713
0.190006688963, 100032.537706, 273.002995472, 0.58442699614, 65.8899122189, 4.56913519034, 100.357030308, 1.27631662282, 123946.296994, 291.67903207
0.190839464883, 99991.0470179, 272.991046033, 0.584619619667, 65.8728241785, 4.64555393529, 100.403941231, 1.27584021974, 123910.553274, 291.679105359
0.191672240803, 99949.5950826, 272.979107755, 0.584812063283, 65.8557520984, 4.72190130455, 100.450852154, 1.27536426163, 123874.84294, 291.679178579
0.192505016722, 99908.1818457, 272.967180622, 0.585004327238, 65.8386959563, 4.79817739809, 100.497763077, 1.27488874786, 123839.165943, 291.679251731
0.193337792642, 99906.2123662, 272.961126194, 0.585097675174, 65.8379952808, 4.78223578516, 100.500577002, 1.27489013394, 123844.413477, 291.679179007
0.194170568562, 99918.4841586, 272.957189589, 0.5851553481, 65.8431998403, 4.73298969298, 100.487462819, 1.27506371703, 123864.440126, 291.679053578
0.195003344482, 99930.7591544, 272.953251956, 0.585213036081, 65.8484057585, 4.68373074535, 100.474348636, 1.27523734545, 123884.472002, 291.678928117
0.195836120401, 99943.037355, 272.949313296, 0.585270739124, 65.8536130358, 4.63445893721, 100.461234453, 1.27541101919, 123904.509108, 291.678802623
0.196668896321, 99955.3187616, 272.945373606, 0.585328457233, 65.8588216728, 4.58517426353, 100.44812027, 1.27558473828, 123924.551446, 291.678677097
0.197501672241, 99967.6033755, 272.941432888, 0.585386190415, 65.86403167, 4.53587671928, 100.435006086, 1.27575850274, 123944.599018, 291.678551537
0.198334448161, 99979.8911979, 272.937491141, 0.585443938677, 65.8692430279, 4.48656629941, 100.421891903, 1.27593231258, 123964.651826, 291.678425945
0.19916722408, 99992.18223, 272.933548364, 0.585501702023, 65.8744557472, 4.43724299887, 100.40877772, 1.27610616782, 123984.709873, 291.67830032
0.2, 100004.476473, 272.929604557, 0.585559480459, 65.8796698283, 4.38790681262, 100.395663537, 1.27628006848, 124004.773159, 291.678174662
