X, P, T, M, alpha, eta, rhou_x, rho, P_tot, T_tot
-0.049, 151987.558403, 306.277521771, 0.167688417104, -4.53349321383e-12, -4.39737790839e-06, 101.70168854, 1.72871439193, 154979.238407, 308.000002493
-0.0481672240803, 151987.554727, 306.277515198, 0.167688574692, -1.64448792814e-12, -1.89335686602e-05, 101.701706195, 1.72871440455, 154979.241779, 308.000000016
-0.0473344481605, 151987.54992, 306.277508837, 0.167688727904, 7.28391913777e-13, -3.0635988489e-05, 101.70171812, 1.72871439652, 154979.243891, 307.999997698
-0.0465016722408, 151987.538207, 306.27750377, 0.167688854398, -5.0544859177e-14, -2.50334528825e-05, 101.701695048, 1.72871426243, 154979.238307, 307.999996355
-0.0456688963211, 151987.526493, 306.277498704, 0.167688980892, -8.29481985546e-13, -1.94309147341e-05, 101.701671976, 1.72871412833, 154979.232722, 307.999995011
-0.0448361204013, 151987.520046, 306.277493691, 0.167689171021, -1.28607556782e-12, -2.35870881143e-05, 101.701679611, 1.72871410168, 154979.234854, 307.999995032
-0.0440033444816, 151987.517333, 306.277488716, 0.167689406262, -1.51415123068e-12, -3.46614595508e-05, 101.701709014, 1.72871415119, 154979.242456, 307.99999602
-0.0431705685619, 151987.512862, 306.277484253, 0.167689635146, -1.7226193455e-12, -4.07382454996e-05, 101.701730707, 1.7287141711, 154979.248081, 307.999997424
-0.0423377926421, 151987.494429, 306.277483854, 0.167689813497, -1.77523458186e-12, -7.09091675975e-06, 101.701691119, 1.72871395559, 154979.237998, 308.000002133
-0.0415050167224, 151987.475995, 306.277483454, 0.167689991849, -1.82784985918e-12, 2.65564381747e-05, 101.701651532, 1.72871374009, 154979.227916, 308.000006843
-0.0406722408027, 151987.468942, 306.277475422, 0.167690283243, -1.80308628822e-12, 1.3690251658e-05, 101.701676119, 1.72871371618, 154979.234, 308.000006497
-0.0398394648829, 151987.466355, 306.277464395, 0.167690619007, -1.74795073537e-12, -1.74329732031e-05, 101.701725895, 1.72871376748, 154979.24643, 308.000004166
-0.0390066889632, 151987.453218, 306.277454696, 0.167690913452, -1.8103098976e-12, -2.42595068354e-05, 101.701730925, 1.72871365165, 154979.246827, 308.000002484
-0.0381739130435, 151987.42439, 306.277446971, 0.167691146452, -2.0474017804e-12, 5.04683833322e-06, 101.701669409, 1.72871328726, 154979.22933, 308.000001766
-0.0373411371237, 151987.399929, 306.277438882, 0.16769141927, -2.21628379559e-12, 2.49127560662e-05, 101.701630926, 1.72871299715, 154979.217815, 308.000001543
-0.036508361204, 151987.39817, 306.277428896, 0.167691899062, -2.03061235389e-12, -4.29244587185e-06, 101.701712163, 1.72871309309, 154979.237402, 308.000003892
-0.0356755852843, 151987.396411, 306.27741891, 0.167692378853, -1.8449412088e-12, -3.34976011527e-05, 101.701793401, 1.72871318903, 154979.256989, 308.000006241
-0.0348428093645, 151987.357961, 306.277408645, 0.167692675244, 4.31544813256e-13, 5.71666750643e-06, 101.701690305, 1.72871279695, 154979.232617, 308.000004634
-0.0340100334448, 151987.319282, 306.277398378, 0.167692970496, 2.72103387022e-12, 4.53563727018e-05, 101.701586063, 1.72871240183, 154979.207972, 308.000003003
-0.0331772575251, 151987.318154, 306.277383222, 0.16769360723, 2.89855406967e-12, -1.92456797762e-06, 101.70169367, 1.7287125104, 154979.2352, 308.000004252
-0.0323444816054, 151987.321319, 306.277367508, 0.167694282993, 2.83467310324e-12, -5.91405258132e-05, 101.70182549, 1.72871267655, 154979.268358, 308.000005829
-0.0315117056856, 151987.262454, 306.277353344, 0.167694681794, 2.66875597755e-12, 5.9245054834e-06, 101.701695545, 1.72871205544, 154979.228461, 308.000003419
-0.0306789297659, 151987.194329, 306.277339412, 0.16769503925, 2.48760594057e-12, 8.92443404214e-05, 101.701526523, 1.7287113168, 154979.177659, 308.000000414
-0.0298461538462, 151987.208585, 306.27731837, 0.167695934585, 3.30355780643e-12, -6.30190706245e-06, 101.701703013, 1.72871157597, 154979.231257, 308.000002012
-0.0290133779264, 151987.229245, 306.277296754, 0.167696874787, 4.16227250894e-12, -0.000115819804753, 101.701906615, 1.72871191341, 154979.293121, 308.000004033
-0.0281806020067, 151987.134172, 306.277283703, 0.167697261526, 1.32609391467e-12, 2.13955510747e-05, 101.70164164, 1.72871089561, 154979.218236, 308.000003902
-0.027347826087, 151987.063481, 306.277267056, 0.167697819525, -1.07474695981e-12, 0.000100776740464, 101.701487126, 1.72871018457, 154979.174537, 308.000003794
-0.0265150501672, 151987.101473, 306.277234379, 0.1676991409, -1.53502359195e-12, -7.76380291119e-05, 101.701824983, 1.72871084096, 154979.269842, 308.000003787
-0.0256822742475, 151987.060739, 306.277208814, 0.167700078259, -2.05028432185e-12, -8.40094640322e-05, 101.701845594, 1.72871055057, 154979.271539, 308.000003281
-0.0248494983278, 151986.908134, 306.277193356, 0.167700469932, -2.64368614785e-12, 0.000154098079397, 101.701415387, 1.72870891476, 154979.140213, 308.000002067
-0.024016722408, 151986.921851, 306.27715629, 0.167701875983, 1.75371280515e-12, 7.2597169772e-06, 101.701669032, 1.72870924797, 154979.215817, 308.0000007
-0.0231839464883, 151986.990592, 306.277111657, 0.167703633984, 7.64285574366e-12, -0.000268298250169, 101.702150649, 1.72871023502, 154979.360638, 307.999999303
-0.0223511705686, 151986.767621, 306.277096944, 0.167703923501, 1.75849877574e-12, 0.00010530592473, 101.701465727, 1.72870781501, 154979.156933, 307.999998552
-0.0215183946488, 151986.710633, 306.277061628, 0.167705244721, -7.94910707865e-14, 9.78912933871e-05, 101.701481224, 1.72870735788, 154979.15985, 307.999998668
-0.0206856187291, 151986.853296, 306.277001532, 0.167707806887, 2.94971459139e-12, -0.000367829483301, 101.702339217, 1.72870926181, 154979.411298, 307.999999828
-0.0198528428094, 151986.564864, 306.276982742, 0.167708060218, 6.08834978162e-12, 0.000116206686827, 101.701427287, 1.7287061031, 154979.143049, 307.99999637
-0.0190200668896, 151986.482395, 306.276941258, 0.167709597468, 4.94811705033e-12, 0.000136867876423, 101.701383069, 1.7287054216, 154979.131144, 307.999996794
-0.0181872909699, 151986.735773, 306.276863575, 0.167713178929, -2.01693462528e-12, -0.000595437446241, 101.702747735, 1.72870876354, 154979.535042, 308.000003089
-0.0173545150502, 151986.241491, 306.276859344, 0.167712737263, 2.50069002785e-12, 0.000325340047439, 101.701059315, 1.72870310378, 154979.035898, 308.000002388
-0.0165217391304, 151986.292435, 306.276786317, 0.167715579376, 3.98775441971e-12, -9.19059197215e-06, 101.701679028, 1.72870408997, 154979.21097, 308.000000597
-0.0156889632107, 151986.405274, 306.276701743, 0.167718923975, -1.64937768714e-11, -0.000498411426835, 101.702569604, 1.72870584366, 154979.468315, 307.999998278
-0.014856187291, 151985.65328, 306.276715267, 0.167717436848, -9.28415733175e-11, 0.000967555722073, 101.69982667, 1.72869709505, 154978.6729, 307.99999635
-0.0140234113712, 151986.312229, 306.27656047, 0.167724391778, -1.77795506664e-11, -0.000783169296764, 101.70308528, 1.72870558953, 154979.619419, 307.999999613
-0.0131906354515, 151985.665329, 306.276550672, 0.167724041905, 2.37962281108e-12, 0.000408044823716, 101.700896376, 1.72869835444, 154978.976049, 308.000000031
-0.0123578595318, 151985.721827, 306.276449963, 0.16772796303, -2.89743950353e-12, -2.72513571192e-05, 101.701683748, 1.72869953588, 154979.204083, 307.999997975
-0.011525083612, 151985.803879, 306.27633995, 0.167732296937, 4.3057827694e-12, -0.000541209943323, 101.702621653, 1.72870103794, 154979.475202, 307.999996466
-0.0106923076923, 151984.946322, 306.276338433, 0.167731524684, 9.78118098563e-11, 0.00107538829713, 101.6996759, 1.72869132845, 154978.608881, 308.000000775
-0.00985953177258, 151986.007898, 306.276108421, 0.167742076882, 1.21058907283e-11, -0.0016817855209, 101.704812744, 1.7287047355, 154980.105432, 308.000009202
-0.00902675585284, 151984.092917, 306.276200541, 0.167735851297, -6.87333201006e-10, 0.00223927957655, 101.697523334, 1.72868230852, 154977.972572, 307.999999563
-0.00819397993311, 151986.068628, 306.275838623, 0.16775233253, 3.15919291177e-09, -0.00267661581399, 101.706577235, 1.72870692602, 154980.617308, 307.999999918
-0.00736120401338, 151983.503822, 306.275994227, 0.167743182521, -8.78991147543e-09, 0.00268027293823, 101.696712776, 1.72867679505, 154977.72424, 307.999998072
-0.00652842809365, 151985.394465, 306.275621621, 0.167759976191, 3.01972341373e-08, -0.00210959444743, 101.705542366, 1.72870049502, 154980.30067, 307.999998542
-0.00569565217391, 151984.053151, 306.275616032, 0.167758662806, -1.1601816822e-07, 0.000408382044354, 101.700898413, 1.72868515171, 154978.941083, 307.999999555
-0.00486287625418, 151982.696279, 306.275595618, 0.167757783289, 8.00758754763e-08, 0.0029073036785, 101.696288886, 1.72866983598, 154977.585268, 307.999996967
-0.00403010033445, 151987.612744, 306.274837234, 0.167793242462, 3.19182122987e-06, -0.00886135455972, 101.717951434, 1.72872992826, 154983.922316, 307.999999059
-0.00319732441472, 151979.682388, 306.275559568, 0.167755889553, -6.34545523625e-06, 0.00848863182456, 101.686038159, 1.7286358577, 154974.57541, 308.000001457
-0.00236454849498, 151981.241286, 306.275159014, 0.167773375176, -8.7876593862e-06, 0.00423516557234, 101.693856453, 1.7286557131, 154976.861366, 308.000002324
-0.00153177257525, 151992.474931, 306.27360441, 0.167847005298, -0.000320812112448, -0.0220718642633, 101.742432035, 1.72879219466, 154991.012346, 307.99999479
-0.000698996655518, 151973.528812, 306.273758253, 0.167837197982, -0.00438078925891, 0.0142203826373, 101.718995319, 1.72857597445, 154971.433711, 308.000002135
0.000133779264214, 151806.154538, 306.166508766, 0.173002242118, 0.0195077346416, -0.0213071682671, 104.751466203, 1.72727689289, 154987.911363, 308.000001523
0.000966555183946, 151678.652198, 306.083450766, 0.176909014665, 0.0772498225389, -0.0527374950665, 107.050640916, 1.72629447153, 155002.66362, 307.999996847
0.00179933110368, 151450.817113, 305.980417133, 0.181630572676, 0.16041863207, 0.0405216935227, 109.757786687, 1.72428187201, 154949.452764, 308.000003755
0.00263210702341, 151053.910649, 305.705611025, 0.193698801777, 0.312037634758, -0.108920114507, 116.819073234, 1.72130906147, 155021.76171, 307.999995217
0.00346488294314, 150817.556931, 305.608998714, 0.19777036718, 0.553384433617, 0.0230034810042, 119.107457254, 1.71915912677, 154947.368876, 308.000004137
0.00429765886288, 150583.633763, 305.511200571, 0.201807989849, 0.771431149322, 0.146982029636, 121.366820048, 1.71704216536, 154877.061255, 308.000000012
0.00513043478261, 150310.392135, 305.29138827, 0.210608361872, 1.13436313948, -0.054608348466, 126.464989707, 1.71516028724, 154977.839083, 307.999999777
0.00596321070234, 150155.875852, 305.217610473, 0.213490321202, 1.56421588503, -0.00235065871505, 128.064257839, 1.71381154954, 154946.778125, 307.999999743
0.00679598662207, 149935.909869, 305.140336981, 0.216459728873, 1.94920971156, 0.164074799188, 129.643250578, 1.71173435009, 154853.871994, 308.000000529
0.00762876254181, 149777.176864, 304.945655757, 0.223782030041, 2.45462948149, -0.173036124333, 133.89001766, 1.71101372122, 155027.737132, 308.000000655
0.00846153846154, 149418.567133, 304.842856208, 0.227557184995, 3.06208345071, 0.176275131492, 135.778559013, 1.70749284963, 154834.731369, 308.000002045
0.00929431438127, 149345.471419, 304.732305933, 0.231519421623, 3.64658465128, -0.0474071796278, 137.984005508, 1.70727591442, 154950.320848, 307.999999286
0.010127090301, 148979.22174, 304.556252514, 0.237770718462, 4.35228989523, 0.0765050510866, 141.313418756, 1.70407423865, 154875.198183, 307.999999219
0.0109598662207, 148789.847586, 304.427305415, 0.242220635771, 5.16556462974, 0.0161973953738, 143.620358438, 1.70262877034, 154901.342709, 307.999997145
0.0117926421405, 148540.951465, 304.297453266, 0.246646118951, 6.07120788754, 0.0681909379278, 145.816940379, 1.70050603518, 154866.692723, 307.999997095
0.0126254180602, 148358.270161, 304.180681212, 0.25054621171, 7.05589786734, 0.0357323881497, 147.665200987, 1.69906679226, 154878.025513, 308.000000524
0.0134581939799, 148145.160704, 304.055866376, 0.254661739405, 8.18891650341, 0.0362174011707, 149.51090237, 1.69732231685, 154870.986189, 308.000003003
0.0142909698997, 147961.553152, 303.970659786, 0.25743825772, 9.31981083438, 0.110474385239, 150.520922665, 1.69569414154, 154826.169122, 308.000001954
0.0151237458194, 147844.414512, 303.875050909, 0.26049890301, 10.3896987029, 0.0219074685667, 151.704231746, 1.69488427805, 154868.406581, 307.999999467
0.0159565217391, 147528.139076, 303.699979178, 0.266051572168, 11.5444351753, 0.0576093425491, 154.048699026, 1.6922335783, 154838.84662, 308.000006309
0.0167892976589, 147280.752252, 303.558319613, 0.270463569848, 13.0611794986, 0.0706194141654, 155.483383105, 1.69018423506, 154823.159492, 308.000001585
0.0176220735786, 147102.357784, 303.464437604, 0.273346312415, 14.4066923064, 0.107784446029, 156.069866787, 1.68865921597, 154797.207097, 308.000000077
0.0184548494983, 146908.155445, 303.329295986, 0.277439554936, 16.0373838475, 0.0395516745719, 156.985989726, 1.6871809371, 154825.257826, 307.999999438
0.0192876254181, 146649.01011, 303.194863901, 0.281460318044, 17.5895582609, 0.101180880927, 157.706795192, 1.68495106996, 154783.10469, 308.000004145
0.0201204013378, 146414.973894, 303.055528656, 0.28557017335, 19.1559204174, 0.0978054096237, 158.331357405, 1.68303541969, 154775.394433, 308.000002225
0.0209531772575, 146174.019895, 302.899786356, 0.290098679855, 20.8876010704, 0.0543702801832, 158.840073437, 1.68112905814, 154787.839952, 307.999996594
0.0217859531773, 145842.076928, 302.725133988, 0.295109676841, 22.8443827612, 0.127504683192, 159.077060083, 1.67827907004, 154735.773058, 307.999998958
0.022618729097, 145599.394684, 302.574994767, 0.299348243427, 24.6235680296, 0.107255953621, 158.937275899, 1.67631738054, 154735.461062, 308.000002434
0.0234515050167, 145262.345473, 302.371965143, 0.304979438869, 26.4073366443, 0.0984586234549, 159.183900802, 1.67355877341, 154724.439648, 307.999998454
0.0242842809365, 144884.885715, 302.150234458, 0.311025738918, 28.4440762238, 0.108657520335, 158.967924401, 1.67043395054, 154701.115958, 307.999999405
0.0251170568562, 144497.834744, 301.926051511, 0.317038722581, 30.4462719761, 0.131069910883, 158.501350954, 1.66720775813, 154670.391435, 308.000003376
0.0259498327759, 144115.668611, 301.70154947, 0.322956438215, 32.3619011997, 0.144165080716, 157.817847397, 1.66403490051, 154643.969512, 308.000003107
0.0267826086957, 143719.691212, 301.462139145, 0.329158426817, 34.3853643858, 0.136701687039, 156.769085481, 1.66077953668, 154626.569393, 307.9999964
0.0276153846154, 143257.451193, 301.190034707, 0.336084766279, 36.4600930936, 0.154477677052, 155.558802008, 1.6569327694, 154591.768394, 308.00000156
0.0284481605351, 142761.512338, 300.899831346, 0.343324962833, 38.7236299485, 0.18187398523, 153.660845499, 1.65278776651, 154548.961441, 308.000004638
0.0292809364548, 142169.384278, 300.528716407, 0.35237421869, 40.5162994482, 0.135820913715, 153.101185722, 1.64796254383, 154536.107248, 308.000003238
0.0301137123746, 141585.291411, 300.214298041, 0.359891639558, 42.5109143953, 0.266670329421, 151.037139636, 1.64290876914, 154432.469928, 308.00000531
0.0309464882943, 141076.312122, 299.875757687, 0.367827333898, 44.5835061497, 0.167285673042, 148.659604628, 1.63884902481, 154448.641368, 308.000007262
0.031779264214, 140354.935096, 299.465249546, 0.377247348944, 46.2645520984, 0.263799994483, 147.328323085, 1.63270054892, 154349.442769, 307.999999649
0.0326120401338, 139765.199809, 299.098685784, 0.385498833767, 48.092138306, 0.242338315057, 144.903616104, 1.62783135329, 154317.008939, 307.999995513
0.0334448160535, 139148.368524, 298.753988436, 0.393117979058, 50.0161342774, 0.354244400329, 141.590140692, 1.62251496772, 154213.927783, 307.999990076
0.0342775919732, 138451.008068, 298.265084883, 0.403703035908, 51.3539254146, 0.151674667643, 140.723829542, 1.61702710972, 154259.15072, 308.000008399
0.035110367893, 137739.314503, 297.931493902, 0.410783670236, 53.1170266888, 0.507862862039, 136.939978291, 1.61051322563, 154022.651659, 307.999999669
0.0359431438127, 137194.374464, 297.526994746, 0.419230740249, 54.588941595, 0.282314875986, 134.460804346, 1.60631843312, 154086.939691, 308.00000262
0.0367759197324, 136458.136055, 297.103678367, 0.427923225598, 55.8327523406, 0.396603149576, 132.384056254, 1.59997301404, 153963.957216, 307.999997404
0.0376086956522, 135717.394861, 296.694731858, 0.436183465325, 56.9993965119, 0.576903375189, 130.242890345, 1.59347742975, 153805.739653, 308.000002413
0.0384414715719, 135202.771497, 296.293869685, 0.444152210088, 58.1199063327, 0.309420948405, 128.192623444, 1.58958099705, 153886.570054, 307.999997944
0.0392742474916, 134514.040088, 295.926257098, 0.451349471883, 59.1493592201, 0.528987275291, 125.897519266, 1.58344545762, 153709.75607, 308.000000461
0.0401070234114, 133879.713488, 295.595262398, 0.457756045372, 60.1644345199, 0.76287507321, 123.358212589, 1.57774000125, 153530.040441, 308.000001643
0.0409397993311, 133526.04316, 295.303797473, 0.463332688542, 61.1279073099, 0.531586318084, 120.902293749, 1.57512344811, 153604.5407, 308.000001523
0.0417725752508, 133215.249627, 295.078153544, 0.467615784632, 62.0797663771, 0.432307880428, 118.093205795, 1.57265876124, 153618.782237, 308.000002837
0.0426053511706, 132965.527997, 295.019004114, 0.468739232849, 63.4185311853, 0.770038538778, 112.837717605, 1.57002480761, 153428.035679, 308.000001414
0.0434381270903, 133190.384514, 295.153053912, 0.466228474675, 65.0287593039, 0.739981660856, 106.070669528, 1.57196989335, 153467.787554, 308.000002022
0.04427090301, 133547.05153, 295.346353688, 0.462554474202, 66.0376660022, 0.629639710049, 101.48136516, 1.57514899461, 153559.910013, 307.999998577
0.0451036789298, 133437.702921, 295.329127168, 0.462874899695, 65.9741366219, 0.806632016279, 101.73539389, 1.57394971137, 153462.170936, 307.999997201
0.0459364548495, 133423.8839, 295.324467284, 0.462956102187, 65.9722288228, 0.82083999918, 101.758581534, 1.57381051243, 153453.63045, 308.000002211
0.0467692307692, 133467.468383, 295.327755479, 0.462885950754, 66.0098069597, 0.738602516863, 101.63038849, 1.57430604787, 153498.010328, 307.999998449
0.047602006689, 133477.327315, 295.32660188, 0.462901175002, 66.0235671947, 0.713798375353, 101.589937697, 1.57442745753, 153510.953851, 308.000005704
0.0484347826087, 133448.766493, 295.320230238, 0.463016204972, 66.0093403867, 0.753857103164, 101.653580058, 1.57412362965, 153488.318664, 308.000000005
0.0492675585284, 133436.519267, 295.316138574, 0.463088255047, 66.0056399514, 0.766554389718, 101.676748937, 1.57400019996, 153480.718871, 308.000000494
0.0501003344482, 133440.267282, 295.314542719, 0.463113206199, 66.013290651, 0.753326594929, 101.654963295, 1.57405200486, 153487.416935, 308.000002549
0.0509331103679, 133439.967746, 295.312703502, 0.463143215498, 66.0183581251, 0.747968668197, 101.641053403, 1.57405748636, 153489.868684, 307.999999222
0.0517658862876, 133434.055193, 295.31009817, 0.46318835565, 66.0181906354, 0.752039992025, 101.646839596, 1.57400103968, 153487.160683, 307.999998224
0.0525986622074, 133429.720076, 295.307538164, 0.463233116929, 66.0171109842, 0.752824343513, 101.657055072, 1.57396308621, 153486.232867, 308.000002841
0.0534314381271, 133427.933904, 295.30562339, 0.463265992867, 66.0179311694, 0.750307354163, 101.658743925, 1.57395163158, 153487.18253, 308.000004064
0.0542642140468, 133424.923507, 295.304463828, 0.463285036342, 66.0207254925, 0.753023545202, 101.64862184, 1.57392179895, 153485.470473, 307.999998492
0.0550969899666, 133420.916705, 295.303486873, 0.463301215708, 66.0229645548, 0.758491475443, 101.639468474, 1.57387926558, 153482.337372, 307.999998583
0.0559297658863, 133421.226751, 295.301827862, 0.463330508088, 66.0211995078, 0.752217540973, 101.65238615, 1.57389149575, 153485.357241, 307.999996712
0.056762541806, 133424.648019, 295.299947863, 0.463365214403, 66.0178510715, 0.738416441891, 101.675180801, 1.57394185688, 153492.452405, 308.000050637
0.0575953177258, 133420.046163, 295.300327713, 0.463352309431, 66.0209958709, 0.749759069812, 101.656384748, 1.57388534071, 153486.005646, 307.999767902
0.0584280936455, 133411.232539, 295.300581195, 0.4633815009, 66.0303712063, 0.769808564225, 101.619035079, 1.57377960985, 153478.395044, 308.001720478
0.0592608695652, 133385.470421, 295.29165713, 0.463791021617, 66.0426440416, 0.794843315582, 101.638298863, 1.57352296757, 153485.044881, 308.015534731
0.0600936454849, 133122.048377, 295.061043325, 0.467083717469, 64.7072892032, 0.578137453471, 107.534944386, 1.57164092957, 153465.241802, 307.95433471
0.0609264214047, 132716.249705, 294.889232498, 0.468437021792, 63.5227470502, 0.868813836974, 112.242103795, 1.56776454632, 153110.844323, 307.845873353
0.0617591973244, 132269.418376, 294.528508284, 0.473365854073, 61.6783620554, 0.607921702294, 120.182891114, 1.56439602787, 153022.794752, 307.741111835
0.0625919732441, 131647.268591, 294.249996839, 0.476879759282, 60.2614409964, 1.01293094316, 126.210029029, 1.55850805593, 152607.33998, 307.644207837
0.0634247491639, 131792.815395, 294.228977976, 0.47563508453, 59.849330615, 0.621026836759, 127.619656043, 1.56034893813, 152664.775884, 307.549475623
0.0642575250836, 131419.418895, 294.059235658, 0.477327719822, 58.9638131474, 0.85666469999, 131.081610189, 1.55682445685, 152378.934777, 307.4654428
0.0650903010033, 131135.136961, 293.847153721, 0.479662632711, 57.9460003923, 0.754147947563, 135.322546395, 1.55457602053, 152253.249153, 307.373896456
0.0659230769231, 130895.923755, 293.706590018, 0.480722725363, 57.2041528287, 0.797539781688, 138.15917303, 1.55248252462, 152067.911983, 307.285566047
0.0667558528428, 130718.407166, 293.600170407, 0.481003147802, 56.5622661801, 0.823292612208, 140.449304922, 1.55093874773, 151885.726721, 307.189041232
0.0675886287625, 130699.768811, 293.590294869, 0.479633093768, 56.2507085188, 0.829591561812, 141.177217884, 1.55077214088, 151743.351202, 307.100466351
0.0684214046823, 130627.642646, 293.531383378, 0.479059950568, 55.778416194, 0.785940359503, 142.643871753, 1.55022857453, 151609.24049, 307.005801541
0.069254180602, 130518.997214, 293.48094231, 0.47813622994, 55.3055543908, 0.8518411163, 143.973801047, 1.54920643905, 151402.53889, 306.900696396
0.0700869565217, 130523.580523, 293.477645981, 0.476454574557, 54.9981724489, 0.829725009541, 144.572571505, 1.54928032713, 151261.482664, 306.802517638
0.0709197324415, 130477.279243, 293.448728449, 0.475135126598, 54.6014919516, 0.832084501064, 145.531356824, 1.54888466973, 151093.575995, 306.69833366
0.0717525083612, 130431.319976, 293.419256289, 0.473589560105, 54.1715259106, 0.83198347093, 146.52588738, 1.54849562066, 150906.986911, 306.581327841
0.0725852842809, 130404.101416, 293.415143604, 0.471670282537, 53.8354615934, 0.877349128706, 147.075672499, 1.54819572598, 150710.560175, 306.470513198
0.0734180602007, 130438.798192, 293.418998753, 0.469064067371, 53.4448881497, 0.813429729741, 147.651129003, 1.54858943671, 150527.542684, 306.330612468
0.0742508361204, 130420.412724, 293.428738593, 0.466694840154, 53.1299344002, 0.886818910241, 147.960519559, 1.54832119137, 150304.904332, 306.210867643
0.0750836120401, 130454.064525, 293.441203205, 0.463702445808, 52.7420920564, 0.854785443565, 148.357014511, 1.54865676929, 150090.663396, 306.060849924
0.0759163879599, 130468.382313, 293.451954204, 0.460786465829, 52.3602151978, 0.859528950517, 148.719429773, 1.54877169812, 149861.96778, 305.914090949
0.0767491638796, 130470.475618, 293.46413284, 0.457831655268, 51.9862628972, 0.896151325694, 149.006662651, 1.54873379019, 149617.582746, 305.767864856
0.0775819397993, 130526.207965, 293.487362171, 0.454085147156, 51.5661408873, 0.852405221605, 149.220677481, 1.54927457251, 149370.417151, 305.591854557
0.0784147157191, 130542.472755, 293.511511038, 0.450557541083, 51.1908057475, 0.898812434851, 149.286138325, 1.5493417917, 149099.035616, 305.430396312
0.0792474916388, 130573.104083, 293.529922447, 0.446981113549, 50.7816969913, 0.893959783863, 149.435122458, 1.54960974335, 148841.948663, 305.261722076
0.0800802675585, 130604.071831, 293.541605017, 0.443191810946, 50.3103009693, 0.86534874422, 149.681527128, 1.54991706214, 148570.094654, 305.076359636
0.0809130434783, 130586.953197, 293.543717778, 0.438745050523, 49.7005789111, 0.909903554158, 150.037117504, 1.54970374253, 148193.622059, 304.849016059
0.081745819398, 130601.013782, 293.551664991, 0.434603205146, 49.1756735187, 0.90576181747, 150.222960393, 1.54982987187, 147880.503053, 304.64577519
0.0825785953177, 130607.951779, 293.553722538, 0.430310343744, 48.6039320092, 0.897156524026, 150.444048207, 1.5499024721, 147550.316173, 304.430637842
0.0834113712375, 130588.975869, 293.543060565, 0.425632837849, 47.9155341576, 0.902102569262, 150.800828096, 1.54973442169, 147163.724828, 304.184901951
0.0842441471572, 130563.462012, 293.534501373, 0.421276269903, 47.2923793511, 0.92860847971, 151.00296422, 1.54947776838, 146799.686422, 303.960522402
0.0850769230769, 130523.99948, 293.507244384, 0.417119813891, 46.5953911272, 0.92183726909, 151.420554634, 1.54915399144, 146437.798724, 303.728202986
0.0859096989967, 130468.535212, 293.457182882, 0.413189547409, 45.8046871776, 0.872260379648, 152.119573861, 1.54876032989, 146077.678761, 303.484924759
0.0867424749164, 130366.355371, 293.407797072, 0.407943412907, 44.8620116287, 0.928106553369, 152.553710487, 1.54780797488, 145572.723, 303.182516831
0.0875752508361, 130301.761252, 293.371791858, 0.402653122108, 43.9958361089, 0.946883338688, 152.746528409, 1.54723149144, 145110.565202, 302.894391738
0.0884080267559, 130273.966397, 293.348314344, 0.397319614246, 43.2016280809, 0.927404115547, 152.706061763, 1.54702603494, 144690.526802, 302.619792564
0.0892408026756, 130204.93697, 293.305598369, 0.39183908625, 42.2937043211, 0.933084465883, 152.713514861, 1.54643191838, 144221.873286, 302.323362186
0.0900735785953, 130134.231329, 293.261476845, 0.385576447359, 41.2909340319, 0.937703470395, 152.532267955, 1.54582517335, 143702.206199, 301.993651128
0.0909063545151, 130061.128957, 293.215580414, 0.37874406596, 40.2165448839, 0.941581831752, 152.195653551, 1.54519918606, 143145.536902, 301.639819846
0.0917391304348, 129980.272277, 293.164896938, 0.37252758305, 39.200485153, 0.946245860808, 151.803664501, 1.54450605363, 142633.376494, 301.314958759
0.0925719063545, 129920.645433, 293.130735754, 0.365570549465, 38.1983542626, 0.96063441603, 150.97343925, 1.54397825655, 142103.212618, 300.980273289
0.0934046822742, 129873.950146, 293.104896616, 0.357910019544, 37.1689366113, 0.974976063321, 149.807638437, 1.54356027743, 141548.92854, 300.629304667
0.094237458194, 129834.324687, 293.078883221, 0.349321942607, 36.0434976822, 0.973105321985, 148.293857158, 1.54322702972, 140954.600888, 300.247196395
0.0950702341137, 129727.548758, 293.000784602, 0.34245542014, 34.8217654389, 0.941349638387, 147.457203003, 1.54236927178, 140408.220867, 299.889432537
0.0959030100334, 129627.830151, 292.946883509, 0.334887840444, 33.6659364776, 0.977040828156, 146.057013106, 1.54146805375, 139836.941628, 299.535145081
0.0967357859532, 129558.977844, 292.926727911, 0.326028361163, 32.564728908, 1.06014884702, 143.898003454, 1.54075630815, 139231.268936, 299.171400685
0.0975685618729, 129559.007686, 292.89363074, 0.316527165048, 31.3264947641, 0.946044321679, 141.557332726, 1.54093196252, 138678.808882, 298.780890898
0.0984013377926, 129382.448256, 292.793022536, 0.309432450225, 29.947395127, 0.992337025724, 140.168599545, 1.53936087848, 138087.414948, 298.41806576
0.0992341137124, 129235.177322, 292.712228813, 0.301426940063, 28.5840183851, 1.04170099572, 138.184335754, 1.53803397146, 137489.12964, 298.050428315
0.100066889632, 129103.128654, 292.619710103, 0.293429205245, 27.1395493588, 1.01726386265, 136.195616383, 1.53694896279, 136916.406809, 297.676489248
0.100899665552, 128910.451711, 292.473236152, 0.287255672061, 25.5535646546, 0.942732135449, 134.996678303, 1.53542452785, 136387.494477, 297.317258488
0.101732441472, 128716.338809, 292.42618716, 0.277914966083, 24.2164432918, 1.21344188712, 131.810144957, 1.53336005031, 135705.940027, 296.960495207
0.102565217391, 128704.683084, 292.338470562, 0.268946097536, 22.6460303329, 0.937422094183, 129.02305471, 1.53368252928, 135252.156222, 296.585170814
0.103397993311, 128352.044808, 292.159753445, 0.263411689011, 20.8545186202, 1.11079078002, 127.645902587, 1.53041586042, 134614.516701, 296.230222565
0.104230769231, 128127.771676, 291.996701208, 0.256710828567, 18.9952897359, 1.05133900599, 125.656102554, 1.52859615166, 134065.83969, 295.86104153
0.105063545151, 127812.209587, 291.803265402, 0.251307295139, 17.059830333, 1.09337772938, 124.11852263, 1.52584257805, 133487.440352, 295.50328255
0.10589632107, 127513.685539, 291.610602162, 0.245427005292, 15.0256159064, 1.10056978446, 122.197775582, 1.52328569689, 132913.602639, 295.137149239
0.10672909699, 127173.289898, 291.389225714, 0.240635945895, 12.900796784, 1.10469317191, 120.668511053, 1.52037405005, 132348.713796, 294.775764664
0.10756187291, 126812.221455, 291.164349618, 0.23549709935, 10.6512374591, 1.14482586915, 118.767935024, 1.51722941112, 131754.153931, 294.404907403
0.108394648829, 126427.673236, 290.899941064, 0.23187913268, 8.30422033776, 1.10345776652, 117.481046476, 1.51400430994, 131202.17612, 294.037563907
0.109227424749, 125996.000932, 290.655771984, 0.227047837413, 5.85546344494, 1.24129443865, 115.305870238, 1.51010347924, 130557.074106, 293.660973852
0.110060200669, 125585.082571, 290.336594627, 0.225031342578, 3.28030038056, 1.07477016937, 114.431540814, 1.50683403717, 130048.49947, 293.284030901
0.110892976589, 125048.327132, 290.034180968, 0.222964880235, 0.77563353365, 1.25695150637, 113.146664141, 1.50195901354, 129410.260875, 292.924033902
0.111725752508, 124665.636283, 289.754709444, 0.219515862259, -1.85996961914, 1.16805325634, 111.077616297, 1.49880703305, 128879.189356, 292.552268239
0.112558528428, 124285.967645, 289.555901847, 0.213059784274, -4.59425775679, 1.35350738795, 107.190405616, 1.49526978056, 128243.400873, 292.18969003
0.113391304348, 124030.704086, 289.323885843, 0.20970139521, -7.03554058137, 1.13827833232, 104.902799033, 1.49339552507, 127854.597763, 291.872108579
0.114224080268, 123588.468442, 289.095805085, 0.206892190639, -9.39756561834, 1.37082630298, 102.586270555, 1.48924569958, 127296.61204, 291.573879033
0.115056856187, 123717.782618, 289.141119669, 0.204371117643, -9.62790087238, 1.22812750336, 101.33686816, 1.49057032561, 127340.03022, 291.559650717
0.115889632107, 123627.29954, 289.12661129, 0.204952925754, -9.61000377507, 1.38765911503, 101.559899488, 1.48955501271, 127267.650763, 291.558883244
0.116722408027, 123728.963163, 289.142055779, 0.204292258715, -9.64360024227, 1.20533466762, 101.294565915, 1.49070036357, 127348.955334, 291.558858192
0.117555183946, 123638.99036, 289.127892812, 0.204890560663, -9.61889595566, 1.36491568036, 101.52796896, 1.48968931457, 127277.6873, 291.558835612
0.118387959866, 123694.665653, 289.136325684, 0.204529308142, -9.63819836607, 1.26498322795, 101.380754237, 1.49031674254, 127322.280065, 291.558843175
0.119220735786, 123664.563947, 289.131422592, 0.204734605167, -9.63125172769, 1.31779837652, 101.458858088, 1.48997938294, 127298.680485, 291.558832835
0.120053511706, 123677.080078, 289.133162456, 0.204657922165, -9.63716417469, 1.29478510839, 101.424979861, 1.49012113035, 127308.937921, 291.558833513
0.120886287625, 123674.004415, 289.132555348, 0.204681002206, -9.63833340931, 1.2998058803, 101.430591793, 1.49008729021, 127306.680485, 291.558828738
0.121719063545, 123670.564572, 289.131685864, 0.204715408597, -9.63880700844, 1.30476249509, 101.442060495, 1.49005026047, 127304.444261, 291.558823803
0.122551839465, 123676.147064, 289.132682407, 0.204670641591, -9.64283490025, 1.2952613507, 101.41981123, 1.49011241285, 127308.679494, 291.558820468
0.123384615385, 123669.08805, 289.130934365, 0.204742707502, -9.64124361024, 1.30556779785, 101.44842745, 1.49003642454, 127304.043194, 291.558814151
0.124217391304, 123674.116508, 289.13218372, 0.204687548805, -9.64545761982, 1.29823170516, 101.420873599, 1.4900906537, 127307.324503, 291.558809822
0.125050167224, 123671.082649, 289.131045361, 0.204734228621, -9.64473099465, 1.30131523816, 101.440010694, 1.49005993555, 127305.918219, 291.55880833
0.125882943144, 123672.073722, 289.131448605, 0.204715421102, -9.6469396199, 1.30041178267, 101.428652739, 1.49006974527, 127306.321358, 291.558803949
0.126715719064, 123671.155273, 289.131109244, 0.204728414177, -9.64749914783, 1.30136161244, 101.432530111, 1.49006051388, 127305.881944, 291.558799869
0.127548494983, 123672.099914, 289.130869243, 0.204737576214, -9.64808273793, 1.29833301242, 101.436122353, 1.49007314355, 127307.220467, 291.558802412
0.128381270903, 123669.570214, 289.131267402, 0.204719719755, -9.64981021246, 1.30558459053, 101.423357995, 1.49004060683, 127304.008795, 291.558799405
0.129214046823, 123673.984828, 289.130252536, 0.204762053149, -9.64852576129, 1.29181254464, 101.447276144, 1.49009895468, 127310.092106, 291.558802326
0.130046822742, 123666.195128, 289.131677527, 0.20470047205, -9.65210293261, 1.31483890771, 101.408416017, 1.48999778662, 127299.887202, 291.558782288
0.130879598662, 123675.587878, 289.129881189, 0.204776621451, -9.64884762133, 1.28680020261, 101.454205265, 1.49012025629, 127312.294275, 291.558796009
0.131712374582, 123667.200004, 289.131350939, 0.204713740998, -9.65235811936, 1.31137143253, 101.414703959, 1.49001163191, 127301.412025, 291.558779933
0.132545150502, 123672.774107, 289.130365712, 0.204755480208, -9.64963687526, 1.2950133167, 101.440630978, 1.49008388397, 127308.644769, 291.558782486
0.133377926421, 123671.521036, 289.130481841, 0.204750540716, -9.65630114139, 1.29832563413, 101.434456931, 1.49006807944, 127307.161617, 291.55877109
0.134210702341, 123666.254999, 289.131942997, 0.204687713337, -9.62455906891, 1.31562488055, 101.413209506, 1.48999712555, 127299.525024, 291.558764895
0.135043478261, 123640.085392, 289.107672953, 0.205712160921, -9.72678681038, 1.29206940323, 101.849257156, 1.48980681675, 127309.14611, 291.558729354
0.135876254181, 123287.535133, 288.890347183, 0.214683263245, -8.71038837661, 1.3562150908, 106.531168404, 1.48667635587, 127272.253212, 291.55792342
0.1367090301, 123141.492647, 288.779346617, 0.219116288233, -7.88209729077, 1.31030941789, 108.973442393, 1.48548609873, 127288.172381, 291.557612123
0.13754180602, 122730.831375, 288.444271846, 0.232048340975, -6.78006050123, 1.10264657959, 115.550422155, 1.48225212508, 127365.63204, 291.556401826
0.13837458194, 122364.847205, 288.284387269, 0.238002164738, -5.86227029759, 1.40293454977, 118.534664232, 1.47865181719, 127225.320599, 291.555986993
0.13920735786, 122182.047736, 288.172778554, 0.242055184166, -5.06840236173, 1.4430577616, 120.628259072, 1.47701444708, 127202.301441, 291.555730931
0.140040133779, 121875.042727, 287.891010882, 0.252047581084, -4.0512682465, 1.18251002884, 125.6443668, 1.47474502712, 127303.618422, 291.554815149
0.140872909699, 121654.177165, 287.789328321, 0.255563200587, -3.14177025843, 1.34810693437, 127.377948966, 1.47259287215, 127225.009184, 291.554587094
0.141705685619, 121467.759138, 287.694287982, 0.258800703401, -2.31508727702, 1.45649570534, 128.944971362, 1.47082197947, 127172.075442, 291.554453127
0.142538461538, 121237.674811, 287.445483626, 0.267129271079, -1.33803657915, 1.13148727098, 133.047124998, 1.46930654083, 127302.248252, 291.553697484
0.143371237458, 120883.867277, 287.307646708, 0.271639816017, -0.333275230511, 1.48846997294, 135.008476922, 1.46572173747, 127136.24999, 291.553384486
0.144204013378, 120745.860852, 287.151719095, 0.276621740897, 0.611351286715, 1.2713679745, 137.356288761, 1.46484222812, 127223.144296, 291.553076547
0.145036789298, 120356.393716, 286.927440889, 0.283733680671, 1.67608757473, 1.41337079805, 140.517355854, 1.46125965386, 127146.567096, 291.55248635
0.145869565217, 120127.689981, 286.734605344, 0.289674280162, 2.79224148016, 1.28385435684, 143.141430046, 1.45946373912, 127191.610777, 291.55205203
0.146702341137, 119824.331375, 286.574229277, 0.294560040693, 4.06656271318, 1.44779524269, 145.07673137, 1.45659278468, 127108.635466, 291.551740511
0.147535117057, 119756.955331, 286.498429555, 0.296839295586, 5.20723206451, 1.34323437019, 145.917548381, 1.45615921922, 127149.978169, 291.551677232
0.148367892977, 119475.803455, 286.312879495, 0.302328439006, 6.48571312494, 1.36738729351, 147.978734219, 1.45368123517, 127126.535548, 291.551326799
0.149200668896, 119216.800427, 286.148271549, 0.307149758591, 7.71839035685, 1.41227214077, 149.6831379, 1.45136501482, 127095.188217, 291.551050635
0.150033444816, 118973.967364, 285.966450158, 0.31237117503, 9.10804209401, 1.35909766057, 151.419439827, 1.44932927308, 127105.579823, 291.550768211
0.150866220736, 118690.879911, 285.786380071, 0.317482840231, 10.510608787, 1.41017540607, 152.951373416, 1.44679175021, 127069.715811, 291.550526859
0.151698996656, 118454.236915, 285.625584935, 0.321976585418, 11.9741932275, 1.41750263289, 154.063779705, 1.44472022523, 127054.309178, 291.55035481
0.152531772575, 118233.234642, 285.457611234, 0.326615044055, 13.5850491329, 1.36277719193, 155.057747825, 1.44287311212, 127065.538484, 291.550194245
0.153364548495, 117936.669811, 285.294403394, 0.33106370515, 15.0964534532, 1.50898683272, 155.772403128, 1.4400774748, 126987.993084, 291.550102519
0.154197324415, 117749.530605, 285.109783355, 0.336033142866, 16.6497287686, 1.31449967082, 156.712653213, 1.43872334967, 127058.968777, 291.549922738
0.155030100334, 117306.332491, 284.839526346, 0.343168752059, 18.5731195591, 1.44466279308, 157.795260652, 1.434667109, 126978.627151, 291.549737811
0.155862876254, 117011.716576, 284.636477032, 0.348455693099, 20.4067418015, 1.45003536631, 158.06606045, 1.43208487367, 126958.780433, 291.549717496
0.156695652174, 116708.841032, 284.424991018, 0.353876116852, 22.227461842, 1.44756959019, 158.178024624, 1.42943928592, 126941.065993, 291.549685388
0.157528428094, 116345.467909, 284.170689027, 0.360295127552, 24.1821487642, 1.4443757435, 158.261183095, 1.42626295586, 126919.155128, 291.549661257
0.158361204013, 115917.216583, 283.869482245, 0.367779470783, 26.2507684347, 1.43773291813, 158.334814238, 1.42252040034, 126893.60536, 291.549677166
0.159193979933, 115430.963854, 283.542739062, 0.375753488571, 28.0680354039, 1.48732867274, 158.593448578, 1.41818567859, 126839.561941, 291.549645058
0.160026755853, 115010.15647, 283.245219396, 0.38286428986, 30.1372301229, 1.48154808601, 157.839589281, 1.41449829318, 126811.699851, 291.549743337
0.160859531773, 114552.505141, 282.931414609, 0.390240540635, 32.2168672997, 1.51314162466, 156.801405631, 1.41043033176, 126764.611627, 291.54990811
0.161692307692, 114013.327648, 282.541540451, 0.399228403038, 34.4230820795, 1.48298306816, 155.720941342, 1.40572608311, 126735.013843, 291.550131258
0.162525083612, 113360.299986, 282.084267927, 0.409558451063, 36.4989690805, 1.50591652984, 154.905315015, 1.39993713818, 126672.190052, 291.550252408
0.163357859532, 112686.768008, 281.622415209, 0.419784886715, 38.4415106911, 1.57056419279, 153.883756081, 1.39390063655, 126588.115767, 291.550360971
0.164190635452, 112070.459419, 281.180271035, 0.42936598641, 40.5242019637, 1.56732152101, 152.009729465, 1.38845432716, 126534.117791, 291.550681101
0.165023411371, 111343.685752, 280.661802987, 0.440368295713, 42.5741983588, 1.58192948977, 150.188911943, 1.38199528208, 126459.615324, 291.550993311
0.165856187291, 110513.008337, 280.059661449, 0.452870935948, 44.2643688824, 1.57488769412, 149.219197002, 1.3746313417, 126379.599105, 291.551086517
0.166688963211, 109765.836687, 279.564483189, 0.462933686908, 46.2286839549, 1.74551776163, 146.454872155, 1.36775271629, 126233.40489, 291.551558337
0.16752173913, 109041.989233, 278.992434064, 0.474327664935, 48.1253914748, 1.5888906264, 143.961989937, 1.36151408552, 126216.247633, 291.551967905
0.16835451505, 108048.176379, 278.308470925, 0.487664493796, 49.5772489328, 1.75295022127, 142.611402545, 1.35241580133, 126036.141771, 291.552121514
0.16918729097, 107284.004667, 277.747792142, 0.498380599749, 51.365744248, 1.76644822162, 139.441672462, 1.3455564136, 125938.176964, 291.552672876
0.17002006689, 106430.747023, 277.119604058, 0.510150437294, 52.9359879143, 1.78639067938, 136.833270493, 1.33787323864, 125821.443766, 291.553089226
0.170852842809, 105474.115267, 276.432674018, 0.522807599984, 54.2494526793, 1.88777866642, 134.838609894, 1.32913696416, 125654.535527, 291.553374262
0.171685618729, 104729.310318, 275.849044007, 0.533365546676, 55.7727050725, 1.79926211647, 131.626872405, 1.32253978488, 125584.970672, 291.55394267
0.172518394649, 103677.077255, 275.153523236, 0.545737956817, 56.8677299546, 2.16574953681, 129.726144354, 1.31255317293, 125290.814573, 291.554222969
0.173351170569, 102927.12125, 274.503441454, 0.557097187013, 58.0151756116, 1.87633161359, 127.534074153, 1.30613651057, 125286.641457, 291.554550893
0.174183946488, 102026.078533, 273.86691971, 0.568051055247, 59.0221059427, 2.07093375664, 125.375083607, 1.29770339493, 125069.617426, 291.554876342
0.175016722408, 101175.589997, 273.272309664, 0.578148378925, 60.0039997658, 2.29455456268, 123.037367979, 1.28967682196, 124845.336107, 291.555256316
0.175849498328, 100579.81777, 272.773029094, 0.586516464662, 61.0012562069, 2.15600843811, 120.406099673, 1.28442041329, 124795.682395, 291.555647033
0.176682274247, 100038.248423, 272.376292567, 0.593110257564, 61.9888470578, 2.24582882418, 117.390063298, 1.27935930896, 124667.763972, 291.556100718
0.177515050167, 99723.8143501, 272.177995504, 0.596392361809, 63.2766927363, 2.42018297343, 112.602189162, 1.27626228395, 124547.936429, 291.557016186
0.178347826087, 100017.069428, 272.327766355, 0.593940977007, 64.7402878099, 2.12812144799, 106.757315692, 1.27931601831, 124710.268848, 291.557852402
0.179180602007, 100021.809881, 272.442711165, 0.592051242276, 65.7436271068, 2.53848883774, 102.400514703, 1.27883738411, 124559.202595, 291.558602733
0.180013377926, 100127.594644, 272.504133121, 0.591028684395, 65.9891501096, 2.46227393357, 101.376891675, 1.27989942677, 124606.228006, 291.558866592
0.180846153846, 100117.283089, 272.495577231, 0.591158897036, 65.9940133849, 2.46185087203, 101.375759539, 1.27980399956, 124604.122243, 291.558863563
0.181678929766, 100086.53698, 272.482646081, 0.591362088931, 65.9831852097, 2.5038688227, 101.426067073, 1.2794679602, 124582.627467, 291.558865495
0.182511705686, 100082.166696, 272.475261532, 0.591473374926, 65.9906700028, 2.49066437868, 101.410266211, 1.27944314142, 124586.35417, 291.558867416
0.183344481605, 100076.726132, 272.46764127, 0.591588786133, 65.9967761415, 2.47963229598, 101.397040541, 1.27940588447, 124589.09048, 291.558866599
0.184177257525, 100058.324025, 272.457324039, 0.591749314142, 65.992887213, 2.49577438263, 101.416375813, 1.2792156414, 124579.438007, 291.558871187
0.185010033445, 100052.617978, 272.449706888, 0.591865124692, 65.9975772301, 2.48543792138, 101.404011389, 1.27917509649, 124581.880029, 291.558864705
0.185842809365, 100039.718227, 272.44064956, 0.592005259881, 65.9965532266, 2.4903749645, 101.409927171, 1.27904946092, 124577.388566, 291.558868015
0.186675585284, 100030.402118, 272.432417612, 0.592131931121, 65.997627444, 2.48804491548, 101.407121405, 1.2789658159, 124576.243715, 291.558870796
0.187508361204, 100019.525883, 272.423946693, 0.592262785634, 65.9971074891, 2.48926678981, 101.408599834, 1.27886346724, 124573.506058, 291.55886924
0.188341137124, 100009.801931, 272.415826097, 0.59238818506, 65.9969840476, 2.4884390221, 101.407585863, 1.27877433618, 124571.752225, 291.558872488
0.189173913043, 99999.4883314, 272.407692878, 0.592513992903, 65.9960218007, 2.48921559077, 101.408525513, 1.27867779099, 124569.299691, 291.558870146
0.190006688963, 99990.1438651, 272.399881609, 0.592634681368, 65.9953726375, 2.488363766, 101.40753823, 1.27859216035, 124567.630134, 291.558864914
0.190839464883, 99980.1966895, 272.392091844, 0.592755499282, 65.9939332427, 2.48927915308, 101.408598014, 1.27849895858, 124565.224298, 291.55887161
0.191672240803, 99971.3254645, 272.384648599, 0.592870650479, 65.9929335306, 2.48835280228, 101.407515364, 1.2784177938, 124563.687962, 291.558868033
0.192505016722, 99961.9303354, 272.377265948, 0.592985198806, 65.9912080676, 2.48910816929, 101.408416666, 1.27832989366, 124561.451328, 291.558867809
0.193337792642, 99953.354768, 272.370222042, 0.593094406148, 65.9897419974, 2.48872196314, 101.407959111, 1.27825090565, 124559.795483, 291.558868357
0.194170568562, 99944.8292205, 272.363345181, 0.593201097446, 65.988039852, 2.48877116261, 101.408020647, 1.2781718344, 124557.995544, 291.558868699
0.195003344482, 99936.5139299, 272.356666576, 0.593304777029, 65.9862373302, 2.48891336052, 101.408194995, 1.27809462393, 124556.208095, 291.558868915
0.195836120401, 99928.6309859, 272.35022715, 0.593404778155, 65.9845139856, 2.48866507862, 101.407906867, 1.27802194957, 124554.652973, 291.558869212
0.196668896321, 99920.9318357, 272.344065107, 0.593500545965, 65.9826011362, 2.48886118548, 101.40811171, 1.27795045225, 124552.980306, 291.558870453
0.197501672241, 99913.5924918, 272.338136443, 0.593592694927, 65.9807387638, 2.48885266374, 101.408099931, 1.27788250016, 124551.456448, 291.558872107
0.198334448161, 99906.5311951, 272.332410846, 0.593681694798, 65.9788946805, 2.48876562259, 101.40800841, 1.27781719618, 124550.018379, 291.558873317
0.19916722408, 99899.7527254, 272.326961617, 0.593766408244, 65.9770055754, 2.48884331396, 101.408105092, 1.27775430457, 124548.57784, 291.558871735
0.2, 99893.3547399, 272.321792408, 0.593846805045, 65.975176273, 2.48882159548, 101.408093497, 1.27769513392, 124547.254708, 291.558870772
