X, P, T, M, alpha, eta, rhou_x, rho, P_tot, T_tot
-0.049, 151989.79568, 306.278807264, 0.167625465879, 3.68798327199e-12, 3.63055171319e-05, 101.664805864, 1.72873266114, 154979.274231, 308.00000229
-0.0481672240803, 151989.77349, 306.278805242, 0.167625518459, 7.85318182627e-14, 7.16660343315e-05, 101.664745546, 1.72873243309, 154979.254869, 308.000002174
-0.0473344481605, 151989.7513, 306.27880322, 0.167625571038, -3.53092391845e-12, 0.00010702659349, 101.664685228, 1.72873220504, 154979.235507, 308.000002058
-0.0465016722408, 151989.762083, 306.278796754, 0.167625823538, -3.14476118825e-13, 6.55497217069e-05, 101.664749746, 1.72873233191, 154979.257182, 308.000001798
-0.0456688963211, 151989.776648, 306.278789778, 0.167626098964, 3.6847697267e-12, 1.52611028996e-05, 101.66482858, 1.72873249949, 154979.283564, 308.00000152
-0.0448361204013, 151989.791212, 306.278782802, 0.167626374389, 7.68400936995e-12, -3.50274379171e-05, 101.664907414, 1.72873266707, 154979.309945, 308.000001243
-0.0440033444816, 151989.761937, 306.27877936, 0.167626472832, 4.67101257845e-12, 9.09586631318e-06, 101.664835997, 1.72873239177, 154979.285893, 308.000001157
-0.0431705685619, 151989.724032, 306.278776613, 0.16762653644, 2.77759425431e-13, 7.18027709183e-05, 101.664735005, 1.7287320293, 154979.251913, 308.00000111
-0.0423377926421, 151989.686127, 306.278773867, 0.167626600047, -4.11550245596e-12, 0.000134509800107, 101.664634013, 1.72873166683, 154979.217934, 308.000001062
-0.0415050167224, 151989.701269, 306.278763937, 0.167626992772, -3.98746889712e-12, 7.34913881608e-05, 101.664738185, 1.72873184742, 154979.250008, 308.000000794
-0.0406722408027, 151989.722798, 306.278753143, 0.167627425121, -3.3150642747e-12, -2.42361538758e-06, 101.66486706, 1.72873209338, 154979.290035, 308.0000005
-0.0398394648829, 151989.739463, 306.278742857, 0.167627834681, -2.70156045602e-12, -6.7481349929e-05, 101.664976873, 1.72873228863, 154979.324322, 308.000000262
-0.0390066889632, 151989.685082, 306.278739996, 0.167627911403, -2.94829385527e-12, 2.60314728562e-05, 101.66480829, 1.72873174311, 154979.274772, 308.000000841
-0.0381739130435, 151989.6307, 306.278737135, 0.167627988125, -3.1950280728e-12, 0.000119544605772, 101.664639707, 1.72873119759, 154979.225221, 308.000001421
-0.0373411371237, 151989.60693, 306.278729415, 0.16762826879, -2.4156407972e-12, 0.000139316105791, 101.664604109, 1.72873099406, 154979.21451, 308.000001545
-0.036508361204, 151989.640958, 306.278712519, 0.167628934528, 3.01205754763e-13, 1.98525968908e-05, 101.664819607, 1.72873143627, 154979.277131, 308.000000811
-0.0356755852843, 151989.674985, 306.278695624, 0.167629600263, 3.01804078903e-12, -9.96104055606e-05, 101.665035104, 1.72873187848, 154979.339752, 308.000000077
-0.0348428093645, 151989.619585, 306.27868323, 0.167629821963, 5.32558619402e-13, -3.53691423265e-05, 101.664887158, 1.72873130512, 154979.295755, 307.999994979
-0.0340100334448, 151989.531983, 306.278672457, 0.167629883777, -3.82617566364e-12, 9.50202794804e-05, 101.664608344, 1.72873036606, 154979.213368, 307.999988311
-0.0331772575251, 151989.478488, 306.278659975, 0.16763016447, -6.69725137098e-12, 0.000155398606323, 101.664474768, 1.72872982103, 154979.173822, 307.999984578
-0.0323444816054, 151989.540851, 306.27864169, 0.167631188661, -4.51489860594e-12, -2.20422462566e-05, 101.664834544, 1.72873061445, 154979.279804, 307.999990815
-0.0315117056856, 151989.603214, 306.278623405, 0.167632212844, -2.33256128686e-12, -0.000199481842969, 101.66519432, 1.72873140787, 154979.385784, 307.999997052
-0.0306789297659, 151989.498822, 306.278618587, 0.167632388821, -5.7411921576e-12, -1.77466867941e-05, 101.66487885, 1.72873025404, 154979.292188, 307.999999828
-0.0298461538462, 151989.357635, 306.278616741, 0.167632377643, -1.03835016333e-11, 0.000243242056679, 101.664414386, 1.72872867054, 154979.154555, 308.000001841
-0.0290133779264, 151989.342492, 306.278597297, 0.167633161222, -8.97168291298e-12, 0.000208474445214, 101.664484286, 1.72872863133, 154979.174239, 308.000002742
-0.0281806020067, 151989.449799, 306.278560755, 0.167634716876, -1.67844750025e-12, -0.000113612741693, 101.665073309, 1.72873009236, 154979.346753, 308.000002564
-0.027347826087, 151989.463233, 306.278533395, 0.167635770553, 2.85313852182e-12, -0.000228262294421, 101.665274317, 1.72873040886, 154979.406121, 308.000001625
-0.0265150501672, 151989.244691, 306.278528721, 0.167635583809, 5.60445891885e-13, 0.00016969250029, 101.664516484, 1.72872789707, 154979.185893, 307.999998804
-0.0256822742475, 151989.090376, 306.278516797, 0.167635796026, -1.97041549317e-12, 0.00042257576803, 101.664033268, 1.72872617122, 154979.045676, 307.999997047
-0.0248494983278, 151989.276781, 306.278466417, 0.16763812464, -5.76450845658e-12, -9.41414757855e-05, 101.66500685, 1.72872861477, 154979.329916, 308.000000934
-0.024016722408, 151989.40068, 306.278422195, 0.167640119301, -9.05514329143e-12, -0.000472592559243, 101.665724235, 1.7287303111, 154979.538646, 308.000004243
-0.0231839464883, 151989.046612, 306.278425054, 0.167639560518, -8.49632794643e-12, 0.000206221622359, 101.664482477, 1.72872629363, 154979.16998, 308.000003131
-0.0223511705686, 151988.797905, 306.278415116, 0.167639634817, -7.57974943344e-12, 0.000644072892975, 101.663681915, 1.72872353455, 154978.931653, 308.000002358
-0.0215183946488, 151989.118406, 306.278336043, 0.167643129069, -4.73063320705e-12, -0.000219838221725, 101.665264717, 1.72872757379, 154979.397466, 308.000003415
-0.0206856187291, 151989.197833, 306.278282531, 0.167645298793, -2.54172511173e-12, -0.000544554099712, 101.665849416, 1.72872872301, 154979.570721, 308.00000329
-0.0198528428094, 151988.649139, 306.278295609, 0.167644017622, -2.07280406579e-12, 0.000535591216749, 101.663833516, 1.72872234228, 154978.981722, 308.000000084
-0.0190200668896, 151988.613577, 306.278247864, 0.167645842125, -1.79502430571e-12, 0.000447111712189, 101.664000982, 1.72872222238, 154979.027876, 308.000000103
-0.0181872909699, 151989.142259, 306.278133241, 0.167651081514, -1.72744403286e-12, -0.000926387160335, 101.666569303, 1.72872898691, 154979.772445, 308.000003669
-0.0173545150502, 151988.622628, 306.278131888, 0.167650451139, -4.07566430987e-13, 5.17586479592e-05, 101.664758058, 1.7287231013, 154979.239982, 308.000001491
-0.0165217391304, 151987.923836, 306.278148118, 0.167648876771, -3.40436746082e-12, 0.00142601546866, 101.662205416, 1.72871504774, 154978.491902, 307.999998098
-0.0156889632107, 151988.813242, 306.277976185, 0.16765674689, -5.06591387136e-11, -0.000816525102404, 101.666352673, 1.72872610282, 154979.703091, 308.000001214
-0.014856187291, 151988.545499, 306.277935993, 0.167658090494, -2.09330971128e-11, -0.000441283499209, 101.665674187, 1.7287232653, 154979.502667, 308.000003461
-0.0140234113712, 151987.178451, 306.278020947, 0.167653234224, 8.19271891334e-11, 0.00242084883489, 101.660411424, 1.72870722971, 154977.961213, 308.000004883
-0.0131906354515, 151988.640419, 306.277762556, 0.167665041643, 1.04987417377e-10, -0.00118640773889, 101.667044412, 1.72872530121, 154979.902589, 308.00000549
-0.0123578595318, 151988.135919, 306.277730961, 0.167665705653, -4.87616901165e-10, -0.000335449722019, 101.665476848, 1.72871972625, 154979.44226, 308.000005941
-0.011525083612, 151986.692844, 306.277805072, 0.167661181736, -6.18380696269e-10, 0.00263508939849, 101.660014624, 1.72870289307, 154977.84132, 308.000007065
-0.0106923076923, 151989.098944, 306.277421343, 0.167679182507, 4.52438148309e-09, -0.00316621110997, 101.670708802, 1.72873249773, 154980.972565, 308.000012524
-0.00985953177258, 151986.691817, 306.277582074, 0.167669809078, -3.71077124189e-09, 0.00190965564945, 101.661353797, 1.72870423892, 154978.221121, 308.000004511
-0.00902675585284, 151987.363973, 306.277377643, 0.167678458689, -1.473738102e-08, -2.81950613774e-05, 101.664894751, 1.7287130084, 154979.255665, 308.000001374
-0.00819397993311, 151988.088058, 306.277163248, 0.167687735021, 4.05991155864e-08, -0.00209663300582, 101.668697646, 1.72872239292, 154980.368399, 308.00000288
-0.00736120401338, 151984.869169, 306.27740033, 0.167674684077, 5.41908059492e-08, 0.00476342877329, 101.65609408, 1.72868438965, 154976.666586, 308.000001435
-0.00652842809365, 151990.048431, 306.276637849, 0.167710388133, -5.23803273814e-07, -0.00751732580378, 101.678620365, 1.72874753734, 154983.272765, 307.999999224
-0.00569565217391, 151981.948936, 306.27742754, 0.167670093639, 8.3072246961e-07, 0.0103742680706, 101.645754261, 1.728650909, 154973.628015, 307.999997497
-0.00486287625418, 151991.823266, 306.27608795, 0.167733785879, 3.12652170787e-06, -0.0126670236853, 101.688051155, 1.72877088564, 154986.029494, 307.999995193
-0.00403010033445, 151979.899595, 306.277304834, 0.167672554161, -1.96195041009e-05, 0.013849497265, 101.639413512, 1.72862841669, 154971.746971, 307.999998277
-0.00319732441472, 151991.224328, 306.275771496, 0.167745624038, 5.40167851644e-05, -0.0125660275064, 101.687871301, 1.72876571504, 154985.971352, 307.999999711
-0.00236454849498, 151982.163545, 306.276611563, 0.167702171024, -0.000207104771837, 0.00730817148448, 101.651406066, 1.72865791171, 154975.253229, 307.999995611
-0.00153177257525, 151982.891551, 306.276240735, 0.16771797936, 0.00151847841712, 0.00472185389202, 101.657214095, 1.72866842658, 154976.640974, 307.999996631
-0.000698996655518, 151978.371805, 306.274059341, 0.167822259608, -0.00806949776085, 0.00611048994386, 101.713247102, 1.72862917121, 154975.837316, 307.999996175
0.000133779264214, 151809.631389, 306.167832523, 0.172939576106, 0.0206446507981, -0.0234937822031, 104.716324269, 1.72730890921, 154989.144201, 308.000000282
0.000966555183946, 151649.303579, 306.081629387, 0.176989155068, 0.0870985315536, -0.0031132777118, 107.073189553, 1.72597078273, 154975.850742, 307.999999291
0.00179933110368, 151413.578616, 305.979880338, 0.181658713272, 0.142024657942, 0.109390270992, 109.752827738, 1.72386096011, 154912.295428, 308.00000393
0.00263210702341, 151049.647276, 305.701040256, 0.193887378074, 0.331646330683, -0.115624521493, 116.923626623, 1.72128591736, 155025.301733, 308.000005245
0.00346488294314, 150782.69523, 305.603796401, 0.197986759347, 0.570370123513, 0.072347625633, 119.210647777, 1.71879100097, 154920.608457, 307.999999272
0.00429765886288, 150645.484969, 305.522082064, 0.201352245215, 0.804466053553, 0.0651517851337, 121.127597648, 1.71768586604, 154921.643874, 307.999997123
0.00513043478261, 150435.340599, 305.340276698, 0.208661699406, 1.10970685446, -0.132424337275, 125.363510282, 1.71631143427, 155021.706628, 308.000002328
0.00596321070234, 150023.330446, 305.202991024, 0.214050863969, 1.540041283, 0.203242802255, 128.287132813, 1.71238057605, 154835.305883, 307.999999376
0.00679598662207, 150101.388789, 305.157881164, 0.215790145947, 1.90709522503, -0.09476073227, 129.38555005, 1.71352503292, 154994.321291, 308.000006546
0.00762876254181, 149667.85993, 304.952526157, 0.223511500009, 2.45040586671, 0.0592992303757, 133.609897528, 1.70972612996, 154902.57748, 308.000000183
0.00846153846154, 149482.929246, 304.84528494, 0.227466328907, 2.95413308688, 0.0606635686463, 135.793142387, 1.70821472848, 154897.189316, 308.000001798
0.00929431438127, 149238.259393, 304.676231589, 0.233531537334, 3.67034609188, -0.0263738232003, 139.105628311, 1.7063647383, 154936.411287, 307.999997859
0.010127090301, 148958.970158, 304.549605292, 0.237999017005, 4.35682301908, 0.0937644002157, 141.426281476, 1.70387958011, 154865.593839, 308.000000745
0.0109598662207, 148780.745406, 304.422280278, 0.242393720514, 5.2138076968, 0.0171575250496, 143.702657914, 1.70255300248, 154900.622853, 308.000001094
0.0117926421405, 148575.944957, 304.301883474, 0.246494366021, 6.12642222335, 0.0153607311159, 145.74168604, 1.70088181882, 154895.470829, 308.000000403
0.0126254180602, 148325.227424, 304.197958682, 0.249975698334, 7.04368410118, 0.15678190631, 147.300316734, 1.69859198605, 154813.700653, 308.000001887
0.0134581939799, 148274.473933, 304.078553124, 0.253925987261, 8.17610504185, -0.139419528675, 149.223146159, 1.69867736112, 154967.054414, 308.000001973
0.0142909698997, 147923.57937, 303.964683362, 0.257625589451, 9.23014103663, 0.164678460592, 150.626499228, 1.6952918724, 154796.625155, 308.000001841
0.0151237458194, 147772.474139, 303.843266611, 0.26151746724, 10.3377745902, 0.0564144337475, 152.253393634, 1.69423718682, 154848.021169, 308.000000852
0.0159565217391, 147589.90257, 303.704636871, 0.265895819007, 11.5962034141, -0.0468275410507, 153.976908015, 1.69291552132, 154895.471393, 308.000001046
0.0167892976589, 147189.355499, 303.540744463, 0.271005144949, 13.085651491, 0.190726484548, 155.688029681, 1.6892331699, 154757.329911, 308.000004038
0.0176220735786, 147120.482629, 303.463548579, 0.273371231482, 14.4893689722, 0.0695039513321, 156.02754844, 1.68887222998, 154817.820475, 308.000001991
0.0184548494983, 146932.01769, 303.346719511, 0.276905845048, 15.950661484, 0.0508423809805, 156.756821972, 1.68735765183, 154820.299388, 308.000000515
0.0192876254181, 146656.94842, 303.198832006, 0.281344815336, 17.4666038424, 0.0987332524091, 157.766455942, 1.68502041227, 154784.715575, 307.999999517
0.0201204013378, 146410.541232, 303.041933007, 0.285966714783, 19.1074756256, 0.061519274603, 158.595089881, 1.68305984905, 154794.027356, 307.999998312
0.0209531772575, 146129.786774, 302.879757224, 0.29066941984, 21.0083730111, 0.0749326353746, 158.946818687, 1.68073121522, 154775.310986, 307.999998444
0.0217859531773, 145839.451355, 302.716587699, 0.295346668319, 22.9572339608, 0.104426791463, 159.053608007, 1.67829602438, 154747.578221, 307.999999657
0.022618729097, 145567.848222, 302.558450849, 0.299806080925, 24.6876687292, 0.114667026702, 159.050458727, 1.67604560615, 154730.205031, 308.000002447
0.0234515050167, 145247.544202, 302.360113998, 0.30529358315, 26.4857366405, 0.0884983757525, 159.192251651, 1.67345349753, 154728.834754, 308.000002605
0.0242842809365, 144896.098511, 302.15037328, 0.311024541804, 28.3528323997, 0.0869597861685, 159.12299352, 1.67056261102, 154712.867294, 308.000001483
0.0251170568562, 144507.456143, 301.938119808, 0.316729775403, 30.3320822934, 0.151990743963, 158.572367178, 1.66725270015, 154660.24191, 307.99999927
0.0259498327759, 144150.015051, 301.715423518, 0.322586662326, 32.3867102275, 0.12204052159, 157.598573301, 1.66435468321, 154657.072884, 307.999995754
0.0267826086957, 143726.633628, 301.459608263, 0.329203029501, 34.4633366323, 0.11478178236, 156.599019321, 1.6608726425, 154638.018869, 307.99999402
0.0276153846154, 143237.722694, 301.173741832, 0.336487380992, 36.5550877374, 0.139857301035, 155.513080212, 1.65679364813, 154598.052265, 307.999995024
0.0284481605351, 142741.593684, 300.887066031, 0.343629049981, 38.6716510804, 0.179591008225, 153.859112661, 1.65262653321, 154548.861826, 308.000001487
0.0292809364548, 142199.378973, 300.55379953, 0.351747420998, 40.8061956143, 0.159511735462, 152.115145374, 1.6481713596, 154525.783765, 308.000001279
0.0301137123746, 141569.81426, 300.175479788, 0.360775820348, 42.7076485499, 0.168865691243, 150.886198342, 1.64293912876, 154480.580022, 307.999999548
0.0309464882943, 140907.25709, 299.787858181, 0.369855066384, 44.4399237732, 0.2175292623, 149.677898658, 1.63736361537, 154411.611097, 307.999998054
0.031779264214, 140323.562379, 299.445906366, 0.377696649675, 46.342867342, 0.262824245581, 147.27216423, 1.6324417174, 154347.81021, 307.999997363
0.0326120401338, 139753.294004, 299.0847212, 0.385810833089, 48.1978880959, 0.219896434945, 144.717488099, 1.62776881484, 154327.397879, 307.999998052
0.0334448160535, 139106.314793, 298.712297702, 0.394018240927, 49.9990690673, 0.301247306906, 141.905613512, 1.62224972972, 154236.987983, 307.999996557
0.0342775919732, 138478.419999, 298.330482435, 0.402286297308, 51.7303030959, 0.315632921328, 139.026547101, 1.6169915378, 154179.585569, 308.000000106
0.035110367893, 137739.834589, 297.869325498, 0.412069913195, 53.078066794, 0.297853841657, 137.496147238, 1.61085292749, 154126.475846, 308.000001972
0.0359431438127, 137021.5897, 297.459337114, 0.420625565795, 54.4736642463, 0.415729784313, 135.109352812, 1.60465956232, 154005.557939, 307.999998034
0.0367759197324, 136436.046246, 297.089342354, 0.428212933419, 55.9182050609, 0.394965881508, 132.150022514, 1.59979044237, 153962.689507, 308.000003598
0.0376086956522, 135714.761849, 296.650774026, 0.43705083616, 56.9808797907, 0.433793856961, 130.568673707, 1.59368136128, 153875.455771, 308.000001351
0.0384414715719, 135070.265055, 296.261909248, 0.444775796984, 58.126216683, 0.482981556273, 128.214184786, 1.58819328427, 153788.39167, 307.999998567
0.0392742474916, 134538.55983, 295.957542753, 0.45074564379, 59.3703074078, 0.582988608159, 124.933040953, 1.58356682539, 153686.041235, 308.000006793
0.0401070234114, 133959.796795, 295.550022471, 0.458623124075, 60.1369339288, 0.43713947246, 123.773676714, 1.57892559456, 153696.706506, 307.999995952
0.0409397993311, 133453.461565, 295.299972228, 0.46339982047, 61.1733861776, 0.674450092065, 120.68712157, 1.57428782487, 153527.370202, 308.000001494
0.0417725752508, 133028.2414, 295.041064743, 0.468312096636, 62.0919013449, 0.710639968488, 118.019764163, 1.57064650099, 153463.62381, 308.000005281
0.0426053511706, 133252.272391, 295.119863435, 0.466840193436, 63.8297315773, 0.494263456419, 111.011851384, 1.57287505441, 153593.17761, 308.000003078
0.0434381270903, 133179.148035, 295.180053154, 0.46571453871, 65.0619349748, 0.856367561891, 105.775036636, 1.57169294155, 153410.218895, 308.000001503
0.04427090301, 133532.948856, 295.355759478, 0.462374289369, 65.9874133979, 0.692001855828, 101.631426473, 1.57493245654, 153528.154931, 307.999999579
0.0451036789298, 133440.084142, 295.341328195, 0.462641835081, 65.9386409151, 0.84298303534, 101.82650714, 1.57391298015, 153444.81937, 307.999999782
0.0459364548495, 133511.407982, 295.348040796, 0.46250556178, 65.9956315195, 0.712850773707, 101.628662089, 1.57471723187, 153515.38242, 307.999997336
0.0467692307692, 133479.71513, 295.341130051, 0.462630278054, 65.9807313888, 0.75781545053, 101.697505967, 1.57437910935, 153490.028137, 308.000000684
0.047602006689, 133466.308382, 295.336901342, 0.462704162603, 65.9784753725, 0.772584363296, 101.716696997, 1.57424248204, 153481.280264, 308.000000425
0.0484347826087, 133485.419751, 295.336726315, 0.462700951014, 65.9964297216, 0.73119893279, 101.660726213, 1.57446803751, 153503.260664, 308.000004626
0.0492675585284, 133463.623191, 295.331743153, 0.462790209029, 65.9875682236, 0.761399059894, 101.701034196, 1.57423668248, 153486.150434, 308.000001604
0.0501003344482, 133462.306008, 295.329486547, 0.462827820243, 65.9917837143, 0.756824208501, 101.69202071, 1.57423236979, 153488.113899, 308.000004959
0.0509331103679, 133465.001104, 295.327326741, 0.462863697127, 65.9957525372, 0.743889264536, 101.685914857, 1.5742749427, 153494.551892, 307.999999591
0.0517658862876, 133452.824823, 295.324582441, 0.46291180447, 65.9941892071, 0.76099716859, 101.693288853, 1.57414523194, 153484.859974, 308.000000307
0.0525986622074, 133453.584436, 295.322740258, 0.462942770696, 65.9967805305, 0.753271286417, 101.689454337, 1.57416348237, 153488.595512, 307.999999011
0.0534314381271, 133452.524931, 295.320602298, 0.462979784851, 65.9966784509, 0.748405943211, 101.696192628, 1.57416188163, 153490.757035, 307.999998134
0.0542642140468, 133443.282456, 295.319673085, 0.462994836508, 65.9997987176, 0.765390560854, 101.679437455, 1.5740572279, 153481.47182, 307.999995038
0.0550969899666, 133447.604852, 295.317639445, 0.4630306172, 65.9980858184, 0.74918017299, 101.696217394, 1.57411885684, 153489.727397, 307.999995344
0.0559297658863, 133445.392137, 295.316472644, 0.463051421007, 65.9983978079, 0.750068193935, 101.697135954, 1.57409865523, 153489.071196, 308.000031826
0.056762541806, 133437.196738, 295.316920216, 0.463040256292, 66.0035259539, 0.769470296727, 101.668021191, 1.57399912423, 153478.623329, 307.999939233
0.0575953177258, 133448.093396, 295.314085633, 0.463094646855, 65.9958099433, 0.73614146587, 101.717898285, 1.57414294065, 153496.122797, 308.00008454
0.0584280936455, 133440.057433, 295.317023858, 0.462972305889, 65.9953406578, 0.763662038046, 101.687893406, 1.57403224739, 153475.980206, 307.996279972
0.0592608695652, 133399.555706, 295.303375221, 0.46368223285, 66.0309280824, 0.804508386905, 101.667777292, 1.57362639271, 153492.218262, 308.022140976
0.0600936454849, 133164.018656, 295.093424985, 0.466580298848, 64.7938232719, 0.597915802873, 107.059604315, 1.57196374974, 153470.126609, 307.960636127
0.0609264214047, 132685.553747, 294.888085598, 0.468577703967, 63.4557795015, 0.931376385685, 112.518966263, 1.56740778996, 153088.007319, 307.852742327
0.0617591973244, 132595.255988, 294.772039171, 0.469074303512, 62.6018324171, 0.731068654188, 115.919073785, 1.5669589871, 153023.577268, 307.755863481
0.0625919732441, 131954.275173, 294.324764362, 0.475631542064, 60.4795991085, 0.597080733653, 125.336054686, 1.56175065254, 152854.088094, 307.652126137
0.0634247491639, 131486.719581, 294.16702154, 0.477045592211, 59.6069386038, 1.07956543631, 128.618891454, 1.55704758264, 152433.789111, 307.564617041
0.0642575250836, 131448.048942, 293.944610066, 0.479500087424, 58.5104486048, 0.402131958989, 133.467926366, 1.55777001579, 152603.9866, 307.468443435
0.0650903010033, 130893.898073, 293.813439394, 0.480320329605, 57.7723104912, 1.16910802209, 135.91948009, 1.55189093203, 152030.780701, 307.376077587
0.0659230769231, 131154.852757, 293.816587494, 0.478900414845, 57.519099949, 0.605269589764, 136.739527069, 1.55497435905, 152208.343987, 307.297623814
0.0667558528428, 130793.26617, 293.655412779, 0.480201336476, 56.7033478349, 0.847793117235, 139.752698024, 1.55153555537, 151902.12159, 307.201540295
0.0675886287625, 130709.844104, 293.600123221, 0.479721605604, 56.2571206559, 0.841104578905, 141.188245151, 1.55083966331, 151762.864372, 307.115797883
0.0684214046823, 130663.130181, 293.55612681, 0.47884523805, 55.8251797752, 0.792583072585, 142.447734207, 1.55051922754, 151631.691266, 307.019666918
0.069254180602, 130553.98676, 293.497403533, 0.478119399139, 55.3334550398, 0.831169958329, 143.905676737, 1.54953490552, 151441.624753, 306.916952896
0.0700869565217, 130508.131054, 293.477472145, 0.476846748752, 54.9924403258, 0.863457912657, 144.696387942, 1.54909708723, 151277.58517, 306.824309817
0.0709197324415, 130481.898045, 293.443198116, 0.475286883575, 54.5268610413, 0.803159518405, 145.847131705, 1.54896827581, 151112.029982, 306.701057663
0.0717525083612, 130439.593052, 293.429722713, 0.473561542303, 54.1621918473, 0.849728881454, 146.557079854, 1.54853852251, 150914.186765, 306.590766293
0.0725852842809, 130423.895266, 293.428809347, 0.471481796832, 53.8203768761, 0.880669672374, 147.087148228, 1.54835857048, 150717.296907, 306.474445697
0.0734180602007, 130470.81037, 293.435897807, 0.468863462403, 53.4463669682, 0.800839098861, 147.615975822, 1.54888041518, 150547.348598, 306.337254809
0.0742508361204, 130454.455459, 293.448048844, 0.466327080079, 53.1205792707, 0.878002002833, 147.908847672, 1.54862372433, 150313.043387, 306.211015879
0.0750836120401, 130465.804135, 293.458852565, 0.463718147777, 52.7798868975, 0.889482672241, 148.246534685, 1.54870307701, 150105.450871, 306.080101744
0.0759163879599, 130516.242747, 293.46755212, 0.461017864714, 52.4171986436, 0.807572453661, 148.660840201, 1.54925771593, 149936.125587, 305.942715233
0.0767491638796, 130499.260279, 293.477267727, 0.457569232479, 51.9582909413, 0.877801303597, 149.037470706, 1.54900624749, 149629.072002, 305.767682705
0.0775819397993, 130510.918689, 293.495009094, 0.454034276045, 51.5374349487, 0.912418519398, 149.276063114, 1.54905252045, 149349.055458, 305.597373033
0.0784147157191, 130581.795161, 293.526848459, 0.450421749087, 51.1932620316, 0.86483692519, 149.275936323, 1.54972760786, 149132.675971, 305.439152769
0.0792474916388, 130602.487928, 293.545161879, 0.446682767152, 50.7615914902, 0.881533114295, 149.424449403, 1.54987802775, 148851.510691, 305.262168311
0.0800802675585, 130607.287141, 293.557841924, 0.442896252295, 50.2947087981, 0.913970499635, 149.63525505, 1.54986938054, 148549.65905, 305.077745281
0.0809130434783, 130624.223787, 293.559729349, 0.438981152783, 49.7595005483, 0.882751020701, 149.972270864, 1.55006162947, 148255.217845, 304.87809297
0.081745819398, 130626.658749, 293.559982573, 0.434685389284, 49.1689635344, 0.87787783232, 150.292659909, 1.55009030738, 147916.448954, 304.658824901
0.0825785953177, 130606.16406, 293.55765178, 0.429774454504, 48.4891156432, 0.914661281718, 150.586583481, 1.54986035515, 147506.536093, 304.407863202
0.0834113712375, 130596.482008, 293.552705796, 0.425240450478, 47.8548609602, 0.918686256886, 150.827806435, 1.54977255866, 147142.749545, 304.175989132
0.0842441471572, 130592.360253, 293.546422309, 0.420904502376, 47.2446493088, 0.905890957314, 151.041841216, 1.5497578247, 146803.007529, 303.954146827
0.0850769230769, 130536.187892, 293.509862012, 0.416589899506, 46.4777270386, 0.904082244703, 151.550057692, 1.54928470372, 146411.927263, 303.705463857
0.0859096989967, 130472.710514, 293.469264342, 0.412248804927, 45.6878101244, 0.904556715594, 152.077716928, 1.54874608151, 146012.194464, 303.452266271
0.0867424749164, 130396.209882, 293.422369759, 0.407549457875, 44.8291978786, 0.912251778633, 152.517874691, 1.54808571693, 145577.098303, 303.178958945
0.0875752508361, 130327.587571, 293.381294919, 0.402299428744, 43.9405704273, 0.922541486304, 152.77024112, 1.54748815084, 145114.045815, 302.887914745
0.0884080267559, 130272.850052, 293.350569754, 0.395981790973, 42.987930532, 0.937721833039, 152.67447601, 1.54700077238, 144594.895235, 302.561305614
0.0892408026756, 130206.785624, 293.305689026, 0.390261553215, 42.0381817736, 0.92943969281, 152.68625384, 1.54645330782, 144112.424075, 302.251635239
0.0900735785953, 130132.57233, 293.250564868, 0.384985649189, 41.0920408238, 0.904074833778, 152.776395388, 1.5458629272, 143657.441777, 301.954796668
0.0909063545151, 130058.401603, 293.214384621, 0.378685615476, 40.1404376617, 0.943609034414, 152.304834632, 1.54517308409, 143141.023319, 301.637539096
0.0917391304348, 129987.095334, 293.182004105, 0.372060729664, 39.17507796, 0.989849411708, 151.685659348, 1.54449722435, 142608.650334, 301.311802773
0.0925719063545, 129957.975523, 293.145298038, 0.364845943479, 38.1308382355, 0.928044265135, 150.834621408, 1.54434539773, 142096.969806, 300.964911981
0.0934046822742, 129911.219813, 293.112682584, 0.357323178071, 37.0800028869, 0.919296309782, 149.762018269, 1.5439623236, 141552.517844, 300.61336688
0.094237458194, 129831.747135, 293.087818169, 0.349254129601, 36.0207931786, 1.00953491405, 148.285449799, 1.54314939471, 140948.980299, 300.25445495
0.0950702341137, 129783.396612, 293.048988726, 0.340812407498, 34.8495737909, 0.983012386657, 146.705940139, 1.54277994773, 140370.136233, 299.875229639
0.0959030100334, 129743.65852, 293.000790071, 0.332176528799, 33.6074125662, 0.905321906439, 145.104184518, 1.54256214325, 139795.948103, 299.483265656
0.0967357859532, 129558.195762, 292.89968503, 0.325669800501, 32.2956855674, 0.969288388968, 144.14294725, 1.54088878751, 139210.077372, 299.130500969
0.0975685618729, 129426.173417, 292.825253295, 0.318200967037, 31.0341857206, 1.00629740662, 142.599606479, 1.53971077379, 138633.691172, 298.773794387
0.0984013377926, 129360.22781, 292.783713704, 0.30944076746, 29.8230332041, 1.00966887069, 140.345746526, 1.53914570132, 138063.316825, 298.408426241
0.0992341137124, 129284.990693, 292.736004239, 0.300631210226, 28.5701824882, 1.01265373463, 137.862953185, 1.53850206284, 137500.115841, 298.047466761
0.100066889632, 129177.536109, 292.667853768, 0.291851951149, 27.1901668662, 1.01714952525, 135.423155673, 1.53758202205, 136914.558776, 297.673133332
0.100899665552, 129024.197979, 292.570634559, 0.283240729611, 25.6422942813, 1.02393393623, 133.078947976, 1.53626812887, 136301.673345, 297.282746165
0.101732441472, 128785.754836, 292.408733868, 0.277352052115, 23.9633035917, 0.99875344971, 131.838096319, 1.53427827224, 135751.829511, 296.925022506
0.102565217391, 128561.204016, 292.280577327, 0.270393273734, 22.3587122523, 1.05902868701, 129.842404808, 1.53227557873, 135172.288536, 296.572314829
0.103397993311, 128356.492793, 292.166732977, 0.262613836824, 20.7278132521, 1.12463804887, 127.348367177, 1.53043280534, 134582.142439, 296.213260739
0.104230769231, 128185.8994, 292.015148935, 0.255255936198, 18.8681553933, 0.984638698098, 125.102057509, 1.52919312492, 134059.055427, 295.83577018
0.105063545151, 127792.323478, 291.790405845, 0.251088335809, 16.8683881077, 1.09390347138, 124.117954661, 1.5256721027, 133456.57337, 295.483675873
0.10589632107, 127482.116211, 291.595203043, 0.245431002552, 14.8404893061, 1.11873958944, 122.266848915, 1.52298867956, 132881.079835, 295.121781186
0.10672909699, 127156.510836, 291.374053814, 0.240566795579, 12.7078364481, 1.09039677023, 120.707001857, 1.52025213291, 132328.097028, 294.758349248
0.10756187291, 126774.835398, 291.130689938, 0.236696061285, 10.510032342, 1.11346619294, 119.413148255, 1.51695707865, 131765.286803, 294.403649967
0.108394648829, 126412.267512, 290.91719968, 0.231223905258, 8.24063889078, 1.19812980548, 117.130759644, 1.51372992517, 131159.830918, 294.037644455
0.109227424749, 126072.782783, 290.661473626, 0.226555820283, 5.73621264107, 1.0862232273, 115.14899568, 1.51099382365, 130616.411829, 293.653464784
0.110060200669, 125539.681856, 290.348334316, 0.224635690335, 3.21220192545, 1.21927592977, 114.183729477, 1.50622837015, 129986.193414, 293.285735934
0.110892976589, 125149.777814, 290.083103489, 0.220386158127, 0.581937095314, 1.19357544515, 111.911887823, 1.50292419652, 129414.739503, 292.906938963
0.111725752508, 124673.019958, 289.755065464, 0.218749385587, -2.09395562061, 1.152217461, 110.666500077, 1.49889451442, 128857.980245, 292.533432679
0.112558528428, 124309.985277, 289.573970987, 0.211908577582, -4.77628291538, 1.36072300683, 106.615406068, 1.49546542241, 128224.656354, 292.17900825
0.113391304348, 123979.544655, 289.29143922, 0.209913277307, -7.32851894102, 1.14434000785, 104.890550519, 1.49294621716, 127809.580393, 291.844511361
0.114224080268, 123536.138488, 289.05769059, 0.207422578373, -9.66097592571, 1.35994911585, 102.743264012, 1.48881156534, 127261.69984, 291.548136494
0.115056856187, 123599.912327, 289.095758872, 0.205001886067, -9.92737579023, 1.34418657062, 101.482727005, 1.48938398286, 127240.899874, 291.528762123
0.115889632107, 123655.678494, 289.103451011, 0.204609994599, -9.9599694004, 1.24139493791, 101.318641646, 1.49001634776, 127284.447567, 291.527245035
0.116722408027, 123576.615492, 289.090985842, 0.20513064446, -9.93932857905, 1.38159020155, 101.519432634, 1.48912791079, 127221.679681, 291.527119573
0.117555183946, 123655.502065, 289.102816974, 0.204625441183, -9.96575185629, 1.23950877915, 101.317825144, 1.49001764967, 127285.011296, 291.527095539
0.118387959866, 123580.506986, 289.091227668, 0.205114297509, -9.94522665393, 1.37334001456, 101.50609016, 1.48917361905, 127225.291433, 291.527094801
0.119220735786, 123647.753738, 289.101130161, 0.204691498561, -9.96751156727, 1.25159576993, 101.33749443, 1.48993294803, 127279.57214, 291.527088914
0.120053511706, 123587.582428, 289.09204836, 0.205074067213, -9.95165135528, 1.35973739122, 101.48330175, 1.48925469678, 127231.319258, 291.527081687
0.120886287625, 123634.587399, 289.098641817, 0.204792095551, -9.96705544957, 1.27349756969, 101.371393527, 1.48978708642, 127269.764393, 291.52708408
0.121719063545, 123602.653437, 289.094060878, 0.204983990791, -9.95988968961, 1.33172144536, 101.441751865, 1.48942588222, 127243.786281, 291.527074417
0.122551839465, 123621.844646, 289.096349952, 0.204884626363, -9.96638301925, 1.29510776113, 101.402460612, 1.48964533744, 127260.082933, 291.527070742
0.123384615385, 123610.069813, 289.09489076, 0.204944641842, -9.96517701872, 1.3173735588, 101.421175086, 1.48951104443, 127250.157172, 291.527067298
0.124217391304, 123616.050913, 289.095227462, 0.204928598679, -9.967437097, 1.30465061615, 101.414926167, 1.4895814446, 127255.803629, 291.52706572
0.125050167224, 123613.01359, 289.095021776, 0.204935743196, -9.96845765537, 1.31098504211, 101.413717709, 1.48954592682, 127252.982395, 291.527063018
0.125882943144, 123613.308368, 289.09470286, 0.204947770781, -9.96909768694, 1.30918890653, 101.417975227, 1.48955104924, 127253.76028, 291.527058923
0.126715719064, 123614.279282, 289.094824331, 0.204941186618, -9.97048597846, 1.30735374168, 101.413353138, 1.48956206031, 127254.565959, 291.527052385
0.127548494983, 123611.582364, 289.094530934, 0.204952500303, -9.97087789793, 1.31259429643, 101.415349445, 1.48953113194, 127252.225492, 291.527048069
0.128381270903, 123615.37207, 289.094461545, 0.204954682001, -9.97156438835, 1.30355114101, 101.418084258, 1.48957721922, 127256.234038, 291.527049697
0.129214046823, 123609.685649, 289.094655111, 0.204945823422, -9.97264975964, 1.3174268014, 101.407679373, 1.48950767262, 127250.08487, 291.527048203
0.130046822742, 123617.314566, 289.093940189, 0.204975494532, -9.9717126584, 1.29722609436, 101.428351803, 1.48960329983, 127259.011466, 291.527043655
0.130879598662, 123606.696648, 289.09508299, 0.204926499138, -9.97483910011, 1.3258526917, 101.393396208, 1.4894693969, 127246.34381, 291.52703659
0.131712374582, 123621.050635, 289.093191222, 0.205006397216, -9.97038487904, 1.28594695253, 101.446701014, 1.4896521111, 127263.971854, 291.527032487
0.132545150502, 123604.027192, 289.095626403, 0.204903306162, -9.97455467436, 1.33393984031, 101.379037149, 1.48943444388, 127242.770689, 291.527033461
0.133377926421, 123621.470967, 289.092725308, 0.20502654726, -9.98378767963, 1.28335271922, 101.451531296, 1.48965959798, 127265.094013, 291.527023123
0.134210702341, 123604.032189, 289.09661149, 0.204860392334, -9.92601617453, 1.33735388307, 101.379600009, 1.4894294288, 127241.286043, 291.527029202
0.135043478261, 123579.528706, 289.072579641, 0.205875453745, -10.0870730454, 1.31076371643, 101.785575532, 1.48925796453, 127252.208108, 291.526971932
0.135876254181, 123264.187094, 288.86136679, 0.214589636685, -9.04772246336, 1.30989687642, 106.371931576, 1.48654384257, 127244.462821, 291.526235776
0.1367090301, 123077.337281, 288.744455687, 0.219271486476, -8.22048309772, 1.33846917861, 108.921578062, 1.4848916745, 127227.148744, 291.525903818
0.13754180602, 122589.761271, 288.369066724, 0.23372199245, -6.98053851516, 1.17089632451, 116.257176733, 1.48093457064, 127285.166424, 291.5246995
0.13837458194, 122297.618248, 288.248127037, 0.238192213868, -6.08853291083, 1.43431879545, 118.529276216, 1.47802532098, 127162.920643, 291.524367005
0.13920735786, 122199.730749, 288.155604812, 0.241546515087, -5.26943549042, 1.34182311194, 120.356146379, 1.47731603454, 127199.504599, 291.524125136
0.140040133779, 121918.16977, 287.927869995, 0.249643411749, -4.33812360335, 1.20934876716, 124.389764799, 1.47507821532, 127246.983979, 291.523501407
0.140872909699, 121519.401838, 287.7440412, 0.256050095698, -3.33896980302, 1.50851658729, 127.466746383, 1.47119258838, 127105.070645, 291.522993963
0.141705685619, 121543.849799, 287.680371109, 0.258222796498, -2.54820987245, 1.2281251104, 128.724972069, 1.47181458943, 127225.896405, 291.522863777
0.142538461538, 121097.871062, 287.421942131, 0.266867870515, -1.48772570687, 1.38063867041, 132.744244126, 1.46773192209, 127144.058765, 291.522182746
0.143371237458, 120879.765398, 287.275684643, 0.271671534784, -0.595253637881, 1.38644947102, 135.023340952, 1.4658348297, 127133.224679, 291.521862279
0.144204013378, 120589.908122, 287.04974377, 0.27890540584, 0.546488134038, 1.28519160396, 138.375193206, 1.46347058589, 127164.600368, 291.521318158
0.145036789298, 120275.193286, 286.880809219, 0.284221450633, 1.55624150817, 1.44395809678, 140.685465417, 1.46051086283, 127084.010167, 291.520976902
0.145869565217, 120071.927755, 286.703949501, 0.289673647784, 2.7740302466, 1.30973710179, 143.088885771, 1.45894221178, 127132.173905, 291.520604053
0.146702341137, 119806.912018, 286.545153802, 0.294502524777, 3.951188439, 1.38773299538, 145.052595531, 1.45652847176, 127087.337482, 291.520304725
0.147535117057, 119574.016555, 286.399767702, 0.29885489417, 5.18227004566, 1.43603048368, 146.707649774, 1.45443558421, 127056.24284, 291.520054461
0.148367892977, 119425.603889, 286.245799016, 0.30340529406, 6.55467370938, 1.25257795488, 148.460347398, 1.45341130689, 127126.876398, 291.519782655
0.149200668896, 119054.259668, 286.086031417, 0.308065630763, 7.73836320142, 1.58541731732, 149.949307451, 1.44970153608, 126968.436878, 291.519557926
0.150033444816, 118927.23586, 285.91216594, 0.313047626538, 9.23379836401, 1.28101218253, 151.655172819, 1.44903540371, 127090.508839, 291.519298076
0.150866220736, 118632.569716, 285.744619307, 0.31778871207, 10.6572553147, 1.40482718257, 152.952808817, 1.44629181051, 127023.37334, 291.519108219
0.151698996656, 118353.023884, 285.586191575, 0.322220378993, 12.0594070708, 1.52429976834, 154.016532703, 1.44368505118, 126958.570246, 291.518950519
0.152531772575, 118259.935354, 285.439249263, 0.32628395537, 13.4912883202, 1.23312712055, 155.021658969, 1.44329209736, 127075.988575, 291.518789989
0.153364548495, 117841.451196, 285.20849965, 0.332539781714, 15.2858640192, 1.43891979335, 156.19471768, 1.43934698246, 126966.513315, 291.518611962
0.154197324415, 117559.555357, 285.021867492, 0.337549308631, 16.9662910464, 1.4683452214, 156.890569455, 1.43684485934, 126938.300301, 291.518507499
0.155030100334, 117345.043535, 284.852245109, 0.342035470078, 18.5952139045, 1.39471150609, 157.303971251, 1.43507675818, 126956.669556, 291.518445165
0.155862876254, 116995.901073, 284.620107994, 0.348083178459, 20.3302279125, 1.43121526339, 157.960589435, 1.43197344036, 126920.496224, 291.518344889
0.156695652174, 116658.115389, 284.390679593, 0.353963745868, 22.1765237283, 1.45133863857, 158.194896589, 1.42899001934, 126891.192366, 291.518301905
0.157528428094, 116303.959156, 284.14439137, 0.360188630811, 24.0918839221, 1.4538380145, 158.284809865, 1.42588610622, 126867.564566, 291.518282852
0.158361204013, 115901.415086, 283.855570114, 0.367373951206, 26.0732865595, 1.42745982474, 158.388051512, 1.42239661486, 126851.948689, 291.518272992
0.159193979933, 115431.883844, 283.534774682, 0.375173537375, 28.0998181409, 1.45771526823, 158.226140931, 1.41823436427, 126806.852639, 291.518301423
0.160026755853, 114952.463746, 283.204427803, 0.383088612189, 30.2410522242, 1.48144434793, 157.636289407, 1.41399081019, 126762.746453, 291.518395376
0.160859531773, 114472.3853, 282.866079004, 0.391071075682, 32.5513482473, 1.4815397761, 156.505329191, 1.40977071177, 126727.249291, 291.518574466
0.161692307692, 113864.676966, 282.436435419, 0.400919864257, 34.3759670514, 1.48419617646, 156.307578132, 1.40441469802, 126677.96418, 291.5185917
0.162525083612, 113260.182391, 282.018604625, 0.410340607419, 36.2967800109, 1.52577164468, 155.463457226, 1.39902615746, 126611.279338, 291.518716157
0.163357859532, 112653.01132, 281.597050275, 0.419672580205, 38.3016159731, 1.56608095933, 154.109420611, 1.39360857767, 126542.891205, 291.518924532
0.164190635452, 112040.149846, 281.143859626, 0.429506081229, 40.3205477463, 1.51429809017, 152.524659633, 1.38826009449, 126508.961727, 291.519164751
0.165023411371, 111324.519878, 280.652246441, 0.439918761517, 42.3091698444, 1.59778488842, 150.608764896, 1.3818030857, 126407.424646, 291.519467022
0.165856187291, 110602.585725, 280.131321659, 0.450745900036, 44.2834034236, 1.60019513179, 148.508467255, 1.37539108099, 126334.829286, 291.519789118
0.166688963211, 109849.997979, 279.590388951, 0.46177947094, 46.2270829209, 1.61982117915, 146.148686605, 1.36867178816, 126248.915933, 291.520152475
0.16752173913, 109040.096205, 279.029466199, 0.472995678296, 48.1245790666, 1.72721716355, 143.522706108, 1.36130966042, 126118.099813, 291.520567202
0.16835451505, 108228.158681, 278.411915216, 0.485098281085, 49.9586369558, 1.64757634523, 140.971510297, 1.35416778993, 126056.838688, 291.520953754
0.16918729097, 107192.058721, 277.6764173, 0.499154057005, 51.2733948999, 1.75474691189, 139.859755007, 1.34474779579, 125888.452962, 291.521105662
0.17002006689, 106320.117382, 277.047067579, 0.510947518215, 52.830486587, 1.82203074685, 137.246920821, 1.33683308316, 125750.817318, 291.521492176
0.170852842809, 105508.087152, 276.446325843, 0.52200815248, 54.3814825315, 1.84422736819, 134.242723866, 1.32950011431, 125633.898337, 291.521966247
0.171685618729, 104652.32833, 275.829260208, 0.533178434229, 55.809933045, 1.93961738416, 131.356498883, 1.32166049082, 125477.848517, 291.522403229
0.172518394649, 103702.078491, 275.092128608, 0.546273828293, 56.8195389502, 1.8726759186, 130.057039111, 1.31316033122, 125364.315924, 291.522597173
0.173351170569, 102767.358591, 274.450789394, 0.557488571991, 57.9951819101, 2.13017399334, 127.500791859, 1.30435803153, 125123.641537, 291.522970679
0.174183946488, 102095.585725, 273.901980331, 0.566951750004, 59.2114376873, 2.00359087762, 124.52902952, 1.29842306026, 125065.54831, 291.523454753
0.175016722408, 101170.682879, 273.228346694, 0.578382549283, 59.9952921043, 2.14655140705, 123.114262835, 1.28982153509, 124858.839416, 291.523624038
0.175849498328, 100521.906289, 272.748871532, 0.58641692571, 61.0021818828, 2.23265171348, 120.319421932, 1.28379360602, 124715.972982, 291.524062744
0.176682274247, 99910.757093, 272.283203817, 0.594149531851, 61.9313110425, 2.2705374991, 117.655182524, 1.27816180731, 124594.994387, 291.524461845
0.177515050167, 99931.9092927, 272.349213458, 0.593084099115, 63.7591521993, 2.45208370255, 110.316488627, 1.27812541652, 124533.026389, 291.525706127
0.178347826087, 99931.2393807, 272.315337361, 0.593653281882, 64.6717223696, 2.32919987488, 106.877413305, 1.27827589928, 124579.369764, 291.526175704
0.179180602007, 99966.4129261, 272.412739931, 0.592050480841, 65.6152931204, 2.58730034174, 102.858180331, 1.27826914392, 124490.286367, 291.526834005
0.180013377926, 100173.629406, 272.516328029, 0.590330105039, 66.0080367027, 2.37500500598, 101.225960021, 1.28043116542, 124605.911837, 291.527111889
0.180846153846, 100066.999693, 272.487379063, 0.590798972634, 65.9443046609, 2.57587064556, 101.461893268, 1.27919992935, 124511.907264, 291.527114841
0.181678929766, 100103.35494, 272.488700347, 0.590765574118, 65.9816553594, 2.47784473143, 101.344744858, 1.27965493951, 124554.37313, 291.527113786
0.182511705686, 100075.133571, 272.476259322, 0.590960899869, 65.9719254785, 2.51443520546, 101.388513598, 1.27934895837, 124535.362944, 291.5271168
0.183344481605, 100069.767947, 272.46867445, 0.591075784548, 65.9779784191, 2.50328450344, 101.375232189, 1.27931250743, 124538.153715, 291.527113106
0.184177257525, 100057.407326, 272.459624811, 0.591215303283, 65.9784003436, 2.50678184498, 101.379419279, 1.27919356789, 124534.274223, 291.527113201
0.185010033445, 100048.559873, 272.451370012, 0.591341929674, 65.9807835546, 2.50308537262, 101.375000175, 1.27911588586, 124533.706099, 291.527117346
0.185842809365, 100034.894646, 272.442151859, 0.591484772146, 65.9791680882, 2.50962867232, 101.38284406, 1.27898115357, 124528.483605, 291.527119861
0.186675585284, 100029.03855, 272.434656833, 0.591599256943, 65.9826987283, 2.50007842715, 101.371403942, 1.27893835017, 124530.636963, 291.527119533
0.187508361204, 100013.157744, 272.425143872, 0.591747571377, 65.9785473656, 2.51181440657, 101.385461116, 1.27877696663, 124523.11286, 291.527122611
0.188341137124, 100009.051515, 272.418193179, 0.591853548094, 65.9824802423, 2.49918232281, 101.370298705, 1.27875419435, 124526.741612, 291.527121328
0.189173913043, 99995.0564069, 272.409314571, 0.59199184458, 65.9787639193, 2.50776124837, 101.380614909, 1.27861407607, 124520.740087, 291.527119532
0.190006688963, 99986.2417639, 272.401636462, 0.592110437098, 65.9784315295, 2.50587106349, 101.378367995, 1.27853470207, 124519.556508, 291.527114276
0.190839464883, 99977.7436963, 272.394148184, 0.59222614797, 65.9780058574, 2.50373814013, 101.375817939, 1.2784585311, 124518.529992, 291.527110723
0.191672240803, 99966.4299904, 272.386197572, 0.592349827886, 65.9752525021, 2.50794355709, 101.380855255, 1.2783485152, 124514.660479, 291.527112084
0.192505016722, 99958.8136082, 272.379226143, 0.592457715237, 65.9747063434, 2.50510221014, 101.377466676, 1.27828142716, 124514.08572, 291.527114999
0.193337792642, 99950.1895075, 272.37217634, 0.592567077458, 65.9731980986, 2.50483048621, 101.37713815, 1.27820189457, 124512.380198, 291.527114112
0.194170568562, 99940.6981905, 272.365062624, 0.592677657311, 65.9708569432, 2.5067823968, 101.379458292, 1.27811163574, 124509.697355, 291.527110092
0.195003344482, 99933.212066, 272.358619742, 0.592777669619, 65.9695313474, 2.50539992463, 101.377835925, 1.27804393626, 124508.638522, 291.527116898
0.195836120401, 99925.4530552, 272.352245635, 0.592876722473, 65.9678425822, 2.50502743337, 101.377379693, 1.27797250931, 124507.160344, 291.527121375
0.196668896321, 99917.3297099, 272.345963762, 0.592974488137, 65.9656685198, 2.50600481188, 101.378481997, 1.27789610406, 124505.121781, 291.527122736
0.197501672241, 99910.18333, 272.340103619, 0.593065515098, 65.9638820052, 2.50568577273, 101.378171652, 1.27783029507, 124503.743957, 291.527118597
0.198334448161, 99903.3281887, 272.334383487, 0.593154323517, 65.9621971666, 2.50503041019, 101.377490711, 1.2777675894, 124502.545709, 291.527113127
0.19916722408, 99896.4869454, 272.329004667, 0.593238115604, 65.9601934291, 2.50553318032, 101.377975304, 1.2777037324, 124500.948719, 291.52711479
0.2, 99889.8687827, 272.323748739, 0.593319962062, 65.9582588307, 2.50583241079, 101.378273462, 1.27764217091, 124499.469603, 291.527115466
