X, P, T, M, alpha, eta, rhou_x, rho, P_tot, T_tot
-0.049, 151996.52872, 306.28271793, 0.167433634039, 2.18123335575e-12, 0.000107748770841, 101.552307934, 1.72878711195, 154979.301234, 307.999997863
-0.0481672240803, 151996.485704, 306.282720223, 0.167433560147, 2.3051683654e-12, 0.000196587541314, 101.552167124, 1.72878667153, 154979.256082, 307.99999941
-0.0473344481605, 151996.442687, 306.282722517, 0.167433486254, 2.42910371874e-12, 0.000285426558151, 101.552026314, 1.7287862311, 154979.21093, 308.000000957
-0.0465016722408, 151996.480284, 306.282713591, 0.167433910149, 2.57123327307e-12, 0.000185252231157, 101.552202931, 1.72878668593, 154979.266097, 308.000001762
-0.0456688963211, 151996.52155, 306.282704155, 0.167434356709, 2.7141907472e-12, 7.64717707828e-05, 101.552394003, 1.72878718151, 154979.325831, 308.000002532
-0.0448361204013, 151996.562816, 306.282694719, 0.167434803267, 2.85714768338e-12, -3.23082802497e-05, 101.552585074, 1.72878767709, 154979.385565, 308.000003303
-0.0440033444816, 151996.604083, 306.282685283, 0.167435249823, 3.00010408161e-12, -0.000141087921943, 101.552776146, 1.72878817268, 154979.445299, 308.000004074
-0.0431705685619, 151996.645349, 306.282675847, 0.167435696377, 3.1430599419e-12, -0.000249867154299, 101.552967218, 1.72878866825, 154979.505033, 308.000004844
-0.0423377926421, 151996.633966, 306.282669528, 0.167435897881, 3.10530100761e-12, -0.000248962529999, 101.55295528, 1.7287885642, 154979.502859, 308.000004013
-0.0415050167224, 151996.557539, 306.282667061, 0.167435796648, 2.84428368777e-12, -0.000112552610939, 101.55269254, 1.72878771935, 154979.424205, 308.000001201
-0.0406722408027, 151996.481111, 306.282664593, 0.167435695414, 2.5832650173e-12, 2.38580139676e-05, 101.552429801, 1.72878687449, 154979.34555, 307.99999839
-0.0398394648829, 151996.404683, 306.282662125, 0.167435594179, 2.3222449962e-12, 0.000160269344727, 101.552167062, 1.72878602963, 154979.266895, 307.999995579
-0.0390066889632, 151996.328255, 306.282659658, 0.167435492944, 2.06122362445e-12, 0.000296681381343, 101.551904323, 1.72878518476, 154979.188239, 307.999992767
-0.0381739130435, 151996.304558, 306.282651484, 0.167435735629, 1.95234697628e-12, 0.000314807900064, 101.551862771, 1.72878495674, 154979.176015, 307.999991538
-0.0373411371237, 151996.375898, 306.282633025, 0.167436598155, 2.11768040507e-12, 0.000119749535533, 101.552219864, 1.72878584045, 154979.283522, 307.999993162
-0.036508361204, 151996.447237, 306.282614567, 0.167437460675, 2.28301267111e-12, -7.53074572163e-05, 101.552576958, 1.72878672415, 154979.391027, 307.999994785
-0.0356755852843, 151996.518576, 306.282596109, 0.167438323189, 2.44834377443e-12, -0.000270363078198, 101.552934051, 1.72878760784, 154979.498532, 307.999996408
-0.0348428093645, 151996.589915, 306.282577651, 0.167439185696, 2.61367371504e-12, -0.000465417327427, 101.553291144, 1.72878849153, 154979.606036, 307.999998032
-0.0340100334448, 151996.520014, 306.282570824, 0.167439378273, -1.37719852879e-12, -0.000355509603295, 101.553094725, 1.72878775501, 154979.546635, 307.999998157
-0.0331772575251, 151996.37616, 306.282570087, 0.167439220079, -7.54428121874e-12, -8.59240067882e-05, 101.55260849, 1.72878617017, 154979.399845, 307.999997497
-0.0323444816054, 151996.232304, 306.282569349, 0.167439061883, -1.37114229651e-11, 0.000183664171287, 101.552122255, 1.7287845853, 154979.253052, 307.999996838
-0.0315117056856, 151996.088448, 306.282568612, 0.167438903685, -1.98786237686e-11, 0.000453254930968, 101.55163602, 1.72878300043, 154979.106258, 307.999996178
-0.0306789297659, 151996.030199, 306.282556076, 0.167439304292, -2.25658356272e-11, 0.000522492823345, 101.551514028, 1.72878243317, 154979.067306, 307.999995529
-0.0298461538462, 151996.154642, 306.282518364, 0.167440897393, -1.78265714756e-11, 0.00016416955227, 101.55216934, 1.72878403756, 154979.258491, 307.999994901
-0.0290133779264, 151996.279083, 306.282480652, 0.167442490474, -1.30873684882e-11, -0.00019414909434, 101.552824653, 1.72878564193, 154979.449674, 307.999994274
-0.0281806020067, 151996.403523, 306.28244294, 0.167444083535, -8.34822666385e-12, -0.000552463116576, 101.553479965, 1.72878724628, 154979.640854, 307.999993646
-0.027347826087, 151996.407323, 306.282417191, 0.167445064748, 9.68327969055e-12, -0.000643646216728, 101.553642394, 1.72878742425, 154979.687887, 307.999992892
-0.0265150501672, 151996.154789, 306.282416857, 0.167444745929, 5.59592676673e-11, -0.000167227804821, 101.552757537, 1.72878457145, 154979.428634, 307.999991869
-0.0256822742475, 151995.90225, 306.282416523, 0.167444427106, 1.02236062082e-10, 0.000309198909495, 101.551872679, 1.72878171859, 154979.169377, 307.999990846
-0.0248494983278, 151995.649707, 306.282416189, 0.167444108276, 1.48513662957e-10, 0.000785633926435, 101.550987821, 1.72877886569, 154978.910115, 307.999989823
-0.024016722408, 151995.703728, 306.282375582, 0.167445773416, 2.98429050069e-11, 0.000551044438383, 101.55142139, 1.72877970045, 154979.036236, 307.999990291
-0.0231839464883, 151995.933381, 306.282311903, 0.167448575149, -1.83325431322e-10, -9.08924178023e-05, 101.552610305, 1.72878264789, 154979.383143, 307.999991614
-0.0223511705686, 151996.163029, 306.282248225, 0.167451376816, -3.96488776425e-10, -0.000732814243368, 101.55379922, 1.72878559526, 154979.730043, 307.999992937
-0.0215183946488, 151996.226674, 306.282201501, 0.167453312887, -4.82257009391e-10, -0.00100554164429, 101.554306825, 1.72878655894, 154979.877435, 307.999993929
-0.0206856187291, 151995.77712, 306.282207185, 0.16745257308, -1.74183858588e-10, -0.000136908245113, 101.552708127, 1.72878138999, 154979.408057, 307.999993899
-0.0198528428094, 151995.327551, 306.28221287, 0.167451833249, 1.33898992078e-10, 0.000731752503495, 101.55110943, 1.72877622089, 154978.938664, 307.99999387
-0.0190200668896, 151994.988244, 306.282204418, 0.167451782913, 5.65108559109e-10, 0.00134580324868, 101.549979361, 1.72877239026, 154978.60688, 307.999994128
-0.0181872909699, 151995.417513, 306.282097431, 0.167456538163, 1.85437718658e-09, 0.000185154341303, 101.55211549, 1.72877788933, 154979.234267, 307.999996392
-0.0173545150502, 151995.846764, 306.28199045, 0.167461293213, 3.14359157617e-09, -0.00097544573907, 101.554251618, 1.72878338817, 154979.861628, 307.999998656
-0.0165217391304, 151995.960376, 306.281916177, 0.167464361011, 1.68235517307e-09, -0.00143251114469, 101.555091262, 1.72878510438, 154980.107736, 307.999999665
-0.0156889632107, 151995.174972, 306.281935058, 0.167462623437, -7.61319059179e-09, 0.000114236486817, 101.55223813, 1.72877604677, 154979.267955, 307.9999971
-0.014856187291, 151994.389524, 306.28195394, 0.167460885765, -1.69092586921e-08, 0.00166107103319, 101.549384998, 1.72876698864, 154978.428127, 307.999994534
-0.0140234113712, 151994.594908, 306.281848663, 0.16746521116, -6.41122071367e-09, 0.000929262163911, 101.550716245, 1.72876992459, 154978.818474, 307.999993727
-0.0131906354515, 151995.383021, 306.281670371, 0.167473102105, 1.57275794542e-08, -0.00114263925043, 101.554508533, 1.72877991443, 154979.9323, 307.999993955
-0.0123578595318, 151995.703773, 306.281543979, 0.167478423053, 3.72392578869e-08, -0.00216144902009, 101.556372909, 1.72878428442, 154980.478799, 307.999994182
-0.011525083612, 151994.349845, 306.281603525, 0.167474536097, 5.65100982076e-08, 0.000593154214298, 101.551328634, 1.72876851718, 154978.992464, 307.999994409
-0.0106923076923, 151993.023116, 306.281659712, 0.167470812978, 7.22620939356e-08, 0.0032853646896, 101.546399094, 1.72875307845, 154977.539776, 307.999994662
-0.00985953177258, 151994.464392, 306.281375038, 0.167483721012, -2.68536423878e-07, -0.000368753307275, 101.553089655, 1.72877106685, 154979.509466, 307.999997551
-0.00902675585284, 151995.905477, 306.281090402, 0.167496627345, -6.09290039405e-07, -0.00402238985178, 101.559780216, 1.72878905289, 154981.478897, 308.000000441
-0.00819397993311, 151993.619682, 306.281221897, 0.167488674263, 6.65533840711e-07, 0.000729187581117, 101.551060053, 1.72876227605, 154978.907336, 307.999995751
-0.00736120401338, 151992.008177, 306.281271675, 0.167484742372, 1.47479838032e-06, 0.00393903661128, 101.545172883, 1.72874364582, 154977.168344, 307.99999234
-0.00652842809365, 151994.599462, 306.280814403, 0.167505785992, -5.59883461647e-07, -0.00245308585971, 101.556920825, 1.72877577596, 154980.614768, 307.999996933
-0.00569565217391, 151994.161962, 306.280707651, 0.167509565998, -4.39403413619e-06, -0.00197381181517, 101.556053957, 1.72877143934, 154980.356448, 307.999999536
-0.00486287625418, 151990.200155, 306.281008697, 0.1674932607, -1.03235932908e-05, 0.00650082333124, 101.540509909, 1.72872467026, 154975.787396, 307.999999825
-0.00403010033445, 151994.243678, 306.280325076, 0.167524179936, 4.4251313791e-05, -0.00337673646891, 101.558515217, 1.72877448145, 154981.081488, 307.999988333
-0.00319732441472, 151992.744505, 306.280302663, 0.167523348428, -5.80652751322e-05, -0.000614384009627, 101.553454991, 1.72875755217, 154979.58795, 307.999988471
-0.00236454849498, 151990.043073, 306.28041166, 0.167516277814, -0.00010986006451, 0.00485032252907, 101.543548996, 1.72872617788, 154976.649913, 307.999995171
-0.00153177257525, 151995.35449, 306.279466361, 0.167559892717, 0.000437608181286, -0.00828080726611, 101.569253455, 1.72879176734, 154983.707948, 307.999991964
-0.000698996655518, 151979.238154, 306.278985821, 0.16758193825, 0.000265390706691, 0.0205892472192, 101.56824133, 1.728611249, 154968.118463, 307.999997855
0.000133779264214, 151921.854678, 306.241968086, 0.16936906775, -0.00295544487118, 0.00756995256622, 102.59906218, 1.72816735394, 154974.21565, 307.999997003
0.000966555183946, 151689.088013, 306.096994644, 0.176259890518, 0.0501345598685, -0.0279219822351, 106.640905555, 1.72633669919, 154989.615597, 307.999995503
0.00179933110368, 151384.27527, 305.945415389, 0.183180714069, 0.136275694147, 0.0517433596034, 110.620716134, 1.7237215159, 154942.338952, 307.999994234
0.00263210702341, 151135.784369, 305.763742218, 0.19119014917, 0.286547565991, -0.0733269826586, 115.333536953, 1.72191435766, 155004.366776, 307.999991788
0.00346488294314, 150763.781734, 305.606550479, 0.197869669682, 0.508809269742, 0.117286085604, 119.123895366, 1.71855995536, 154896.356121, 307.999991628
0.00429765886288, 150654.769665, 305.498278608, 0.202330966119, 0.743549509579, -0.0310836621691, 121.736977526, 1.7179259665, 154972.694442, 307.99999432
0.00513043478261, 150360.113516, 305.337734499, 0.208750815165, 1.0980555058, 0.00294356190244, 125.343211969, 1.71546699143, 154948.425587, 307.999998375
0.00596321070234, 150117.55974, 305.209557678, 0.213785435894, 1.49011508646, 0.0444312948308, 128.195239476, 1.71341916065, 154921.13452, 307.999994244
0.00679598662207, 149925.52555, 305.102543682, 0.217889725872, 1.91456602195, 0.0594866217037, 130.491137827, 1.71182755114, 154908.715083, 307.999987144
0.00762876254181, 149721.398025, 304.964786968, 0.223047672041, 2.42133509647, -0.00310415809353, 133.36761774, 1.71026903116, 154936.72295, 307.999995715
0.00846153846154, 149471.01933, 304.821242247, 0.22830280024, 3.00581358165, 0.00451819138513, 136.233583771, 1.70821258212, 154926.299157, 308.00000023
0.00929431438127, 149191.601521, 304.675284112, 0.233567502855, 3.63730062916, 0.0602760597958, 139.091853563, 1.70583655319, 154889.596048, 308.00000191
0.010127090301, 148977.649962, 304.544622583, 0.238143367651, 4.41298091, 0.0413170863662, 141.477207136, 1.70412070947, 154893.527523, 307.999998292
0.0109598662207, 148782.995062, 304.420345169, 0.242462151504, 5.20217627922, 0.00645199714758, 143.753383069, 1.70258919161, 154906.257801, 307.999993599
0.0117926421405, 148575.941529, 304.308821969, 0.246236013985, 6.10116554175, 0.0382991038552, 145.552059348, 1.70084236959, 154883.317778, 307.999993011
0.0126254180602, 148369.505717, 304.201998901, 0.249825357037, 7.01005003709, 0.084616123464, 147.239047165, 1.69907587876, 154852.738045, 307.999993355
0.0134581939799, 148172.623139, 304.083391222, 0.253730107212, 8.04868033817, 0.0739469996244, 148.982628162, 1.69748297096, 154852.015016, 307.999994418
0.0142909698997, 147985.336491, 303.953105227, 0.257947098505, 9.21600369453, 0.00655819854121, 150.784567516, 1.69606354931, 154881.011856, 307.999996197
0.0151237458194, 147802.47329, 303.825896404, 0.262064490394, 10.3557565148, -0.0592389738305, 152.586506869, 1.69467765241, 154909.323832, 307.999997933
0.0159565217391, 147574.407675, 303.702454688, 0.265933010918, 11.6538107201, -0.0237172651702, 153.863921151, 1.69274908881, 154882.702373, 307.999997847
0.0167892976589, 147335.02828, 303.581161335, 0.269695876931, 12.9872605474, 0.0411891691204, 154.983375837, 1.69067785049, 154840.2113, 307.999997228
0.0176220735786, 147099.082191, 303.461607636, 0.273404773929, 14.3015853318, 0.105164680996, 156.102830523, 1.68863631896, 154798.329657, 307.999996618
0.0184548494983, 146884.741851, 303.328779697, 0.277409749418, 15.8125236239, 0.0838387290855, 156.984351159, 1.68691377328, 154801.134967, 307.999997031
0.0192876254181, 146686.536738, 303.185801503, 0.281642057648, 17.4733950057, -0.00196794895337, 157.682935076, 1.68543073911, 154837.712355, 307.999998217
0.0201204013378, 146490.080098, 303.044084597, 0.28583703043, 19.1196149555, -0.0870176805304, 158.381518992, 1.68396078758, 154873.967075, 307.999999392
0.0209531772575, 146295.348896, 302.90361236, 0.289995159629, 20.7513764939, -0.171320437803, 159.080102909, 1.68250374632, 154909.903376, 308.000000557
0.0217859531773, 145952.678851, 302.712675063, 0.29534602393, 22.6326615008, -0.12990429746, 159.248581739, 1.67961616033, 154873.030233, 307.999999479
0.022618729097, 145602.978214, 302.519450081, 0.30074970556, 24.5238580694, -0.0821404443333, 159.389861956, 1.67665995338, 154832.500093, 307.999998289
0.0234515050167, 145253.896964, 302.326567338, 0.306143816227, 26.411704964, -0.0344611902057, 159.531142172, 1.67370898245, 154792.041741, 307.9999971
0.0242842809365, 144899.693552, 302.124731754, 0.31168981388, 28.3326840841, -0.0051909878385, 159.42133528, 1.67074454541, 154760.216548, 307.999996372
0.0251170568562, 144527.262192, 301.895542235, 0.31772279074, 30.3675716871, -0.0273687536996, 158.608960453, 1.66771023035, 154752.323089, 307.99999693
0.0259498327759, 144150.9961, 301.663992869, 0.323817886037, 32.4234114731, -0.0497748725207, 157.796585626, 1.66464467252, 154744.348355, 307.999997493
0.0267826086957, 143770.835742, 301.430047023, 0.329976064135, 34.5005287172, -0.0724128894008, 156.9842108, 1.6615473869, 154736.291085, 307.999998062
0.0276153846154, 143267.028622, 301.142836536, 0.337144104766, 36.5063710888, -0.0196466174502, 155.636017365, 1.65729548235, 154680.06056, 307.999999051
0.0284481605351, 142741.851531, 300.845243977, 0.344537857394, 38.5383828819, 0.0418865678525, 154.233076333, 1.65285161132, 154617.851689, 308.000000101
0.0292809364548, 142206.779525, 300.541626591, 0.352072634687, 40.6038704676, 0.103352458999, 152.818573266, 1.64832576718, 154555.013764, 308.000001153
0.0301137123746, 141647.256791, 300.203615177, 0.360036100527, 42.5275580944, 0.107389515202, 150.843403305, 1.64367925939, 154515.971207, 308.000001434
0.0309464882943, 141072.886664, 299.856634355, 0.368210883423, 44.5022923404, 0.111533697982, 148.868233345, 1.63890945274, 154475.892623, 308.000001722
0.031779264214, 140452.721219, 299.489793987, 0.376631619908, 46.3638436846, 0.147621805297, 146.762093274, 1.63369967074, 154414.165542, 308.000001248
0.0326120401338, 139789.261458, 299.103403458, 0.385325181819, 48.1452702199, 0.210769699892, 144.550759014, 1.62807986778, 154333.804844, 308.000000132
0.0334448160535, 139131.5829, 298.715551057, 0.393917398765, 49.8863429131, 0.260838556849, 142.15354884, 1.62252389997, 154258.713557, 307.999997536
0.0342775919732, 138487.156371, 298.328461763, 0.402299110549, 51.5560699531, 0.291601317952, 139.500562245, 1.61710159347, 154191.808221, 307.999992817
0.035110367893, 137824.09702, 297.928604475, 0.410805952617, 53.1021126964, 0.32272492398, 136.994616706, 1.61151619877, 154121.054466, 307.999994645
0.0359431438127, 137142.213873, 297.516075267, 0.419456088705, 54.5479690087, 0.35428920418, 134.608702768, 1.60576695289, 154046.688488, 308.000002125
0.0367759197324, 136474.471495, 297.120044779, 0.427566054538, 55.8328609243, 0.418924807288, 132.22975479, 1.6000728802, 153954.037647, 307.999999642
0.0376086956522, 135815.208153, 296.721533078, 0.435632437194, 57.058111031, 0.460793799973, 129.926359126, 1.59448095048, 153871.780926, 307.999998827
0.0384414715719, 135181.530875, 296.322372421, 0.443594801867, 58.1912496154, 0.451067456254, 127.753707516, 1.58917897006, 153815.25518, 308.000003765
0.0392742474916, 134573.892298, 295.974849728, 0.450399127168, 59.2627875233, 0.566669844046, 125.240011013, 1.58388897102, 153697.394628, 307.999996619
0.0401070234114, 134059.323653, 295.652257026, 0.456653948909, 60.2705998853, 0.571382030103, 122.785607924, 1.57955239345, 153641.857453, 307.999993053
0.0409397993311, 133579.392282, 295.36588719, 0.462148259373, 61.2025874, 0.627946129184, 120.328238827, 1.5754218685, 153563.475974, 307.999993784
0.0417725752508, 133189.32626, 295.123289617, 0.466759371178, 62.1129569363, 0.642061243091, 117.691943926, 1.5721118027, 153514.323912, 307.999996092
0.0426053511706, 133023.304931, 295.034704432, 0.468447147815, 63.3723841129, 0.698466380349, 112.943627764, 1.57062442856, 153469.115541, 307.999993624
0.0434381270903, 133239.564277, 295.225425502, 0.464850234149, 65.1012755018, 0.880628510188, 105.407747377, 1.57216413555, 153404.950785, 307.999993234
0.04427090301, 133574.624282, 295.392053005, 0.461680504962, 65.9927158643, 0.725762634856, 101.482496572, 1.57523051446, 153516.208987, 307.999999125
0.0451036789298, 133559.392545, 295.388407507, 0.461741581005, 66.0031645302, 0.746626948028, 101.452836851, 1.57506888349, 153504.280293, 307.999997181
0.0459364548495, 133503.677501, 295.378487921, 0.461924212055, 65.9727694305, 0.832908870146, 101.58067616, 1.57446389264, 153456.324968, 307.999995139
0.0467692307692, 133555.288449, 295.382197354, 0.461844992124, 66.014964861, 0.735012896516, 101.43827215, 1.57505160419, 153509.142654, 307.999995692
0.047602006689, 133526.375607, 295.376202631, 0.461953281466, 66.0020861475, 0.777087047527, 101.496079551, 1.57474166191, 153485.50656, 307.999991584
0.0484347826087, 133512.003183, 295.371899138, 0.462029234568, 65.9979108043, 0.793614006067, 101.521485318, 1.57459417237, 153475.815129, 307.99998929
0.0492675585284, 133536.655447, 295.372283976, 0.462015095994, 66.0190373258, 0.742187679942, 101.453632614, 1.57488183884, 153503.244172, 307.999990566
0.0501003344482, 133506.827613, 295.367053893, 0.462110580654, 66.0052465, 0.788860654845, 101.508793648, 1.57455712994, 153477.325723, 307.999989663
0.0509331103679, 133509.576353, 295.365002626, 0.462144509677, 66.0100923367, 0.77612908294, 101.498700846, 1.57459986043, 153483.685963, 307.999995726
0.0517658862876, 133514.136501, 295.363541946, 0.46216750307, 66.0163986906, 0.761543517286, 101.481487076, 1.57466078875, 153491.133941, 307.999990274
0.0525986622074, 133494.756274, 295.360574833, 0.462220677074, 66.0098486899, 0.793518666601, 101.505274528, 1.57444721131, 153473.44345, 307.999955955
0.0534314381271, 133504.365826, 295.358958006, 0.462249051847, 66.0154447822, 0.767255841503, 101.494364093, 1.57456892413, 153487.296032, 308.000081773
0.0542642140468, 133500.502617, 295.357768858, 0.462266648755, 66.0165174914, 0.771764498003, 101.490718922, 1.57452918412, 153484.418846, 307.99993807
0.0550969899666, 133491.951388, 295.356581952, 0.462283596534, 66.0150519517, 0.786411034339, 101.493932748, 1.5744341804, 153476.017807, 307.999714135
0.0559297658863, 133500.561555, 295.354539986, 0.462320838983, 66.0162969719, 0.760587557663, 101.500936626, 1.57454693903, 153489.568755, 307.99984512
0.056762541806, 133492.336732, 295.353437765, 0.462391880362, 66.0219617883, 0.775010223495, 101.488901065, 1.57445507405, 153486.153113, 308.002684733
0.0575953177258, 133491.113011, 295.356470723, 0.462198524353, 66.0099369614, 0.787995433767, 101.494056534, 1.57442449087, 153467.701941, 307.995010745
0.0584280936455, 133490.995893, 295.358829182, 0.461994383312, 65.9934092171, 0.795863773057, 101.513731417, 1.57441108552, 153449.877467, 307.986110233
0.0592608695652, 133427.788272, 295.327399438, 0.463680339371, 66.0791605729, 0.825607444972, 101.488245252, 1.57383070789, 153525.971781, 308.048340556
0.0600936454849, 133198.869502, 295.159453986, 0.465772481103, 65.0478997793, 0.747796675759, 105.749595312, 1.57202262978, 153441.252742, 307.986124797
0.0609264214047, 132850.638018, 294.915992908, 0.468619320656, 63.576622627, 0.670931522803, 111.990923796, 1.56920533132, 153283.646955, 307.886114918
0.0617591973244, 132293.050091, 294.56281108, 0.473394159558, 61.7207296091, 0.674108394855, 119.996670045, 1.56449202802, 153053.587707, 307.779589721
0.0625919732441, 131887.939245, 294.347019836, 0.475760099528, 60.5364906532, 0.818837999659, 125.010823277, 1.56084410963, 152789.0406, 307.683530467
0.0634247491639, 131550.448277, 294.191407584, 0.477078036033, 59.6470957474, 1.02372403234, 128.548008525, 1.5576727733, 152510.989895, 307.592455792
0.0642575250836, 131431.181721, 294.041390202, 0.478254327306, 58.8146094582, 0.770477804726, 131.873778602, 1.55705612017, 152474.715299, 307.499831656
0.0650903010033, 131267.805418, 293.896510453, 0.479375208361, 58.0198117538, 0.63205942235, 135.087033747, 1.55588776029, 152382.427486, 307.409733544
0.0659230769231, 130944.977068, 293.750679856, 0.480455938016, 57.2490724889, 0.841543412928, 137.927186924, 1.55282939156, 152101.557145, 307.317025975
0.0667558528428, 130747.167378, 293.651464643, 0.480722857945, 56.6417158905, 0.935797043031, 140.104594959, 1.5510084288, 151894.619538, 307.227229386
0.0675886287625, 130752.263388, 293.626659256, 0.479618961156, 56.2824414489, 0.838717315822, 141.104792927, 1.55120248676, 151803.268337, 307.1379842
0.0684214046823, 130718.48528, 293.591930891, 0.478635299699, 55.8873602344, 0.793385326381, 142.219006698, 1.5509869658, 151677.633204, 307.045415734
0.069254180602, 130620.557136, 293.540654957, 0.477842852838, 55.4307831871, 0.832850131129, 143.525291648, 1.55009648654, 151494.788769, 306.946769986
0.0700869565217, 130540.759972, 293.497179043, 0.476854881959, 54.9928466188, 0.859114542242, 144.728470448, 1.54938010871, 151316.22784, 306.845511486
0.0709197324415, 130508.304499, 293.473736819, 0.475289103709, 54.5906292964, 0.849752949453, 145.639042713, 1.54912014102, 151143.038991, 306.733327053
0.0717525083612, 130476.506156, 293.450847458, 0.473734127825, 54.1937197114, 0.840844165196, 146.54543413, 1.548865038, 150971.570412, 306.622343609
0.0725852842809, 130467.128053, 293.450964799, 0.471440565987, 53.8276699007, 0.861330402207, 147.08633393, 1.54875477691, 150764.1686, 306.495632378
0.0734180602007, 130457.818672, 293.45108128, 0.469163811173, 53.4643024714, 0.881666517845, 147.62723373, 1.54864532381, 150558.28661, 306.369849675
0.0742508361204, 130470.561697, 293.459597571, 0.466502003297, 53.0987800581, 0.882202723412, 148.04769077, 1.5487533993, 150346.940705, 306.23304167
0.0750836120401, 130496.422568, 293.473107545, 0.463613100439, 52.7322674639, 0.870951384839, 148.395808509, 1.54899088553, 150132.51131, 306.08977973
0.0759163879599, 130521.666121, 293.486989025, 0.460691419309, 52.364554903, 0.862338502135, 148.732019019, 1.54921905668, 149915.050533, 305.94543357
0.0767491638796, 130542.058559, 293.504985298, 0.457336915758, 51.9702761556, 0.878541541656, 148.953942917, 1.54936774639, 149659.73018, 305.784809345
0.0775819397993, 130562.390324, 293.522928025, 0.45399239297, 51.5771705186, 0.894696371749, 149.175866816, 1.5495159937, 149405.169491, 305.624663031
0.0784147157191, 130587.593153, 293.54123847, 0.45041675787, 51.1608872643, 0.901435446068, 149.368493907, 1.54972002291, 149139.785844, 305.454467588
0.0792474916388, 130619.539377, 293.560087367, 0.446516912862, 50.7119865426, 0.895238901858, 149.520681415, 1.5500011238, 148859.044052, 305.270148617
0.0800802675585, 130651.420634, 293.578897933, 0.442624998586, 50.2639987063, 0.889054958952, 149.672868923, 1.55028165305, 148578.873177, 305.086204477
0.0809130434783, 130664.501264, 293.588648593, 0.438613367158, 49.7604849059, 0.893234122241, 149.866301944, 1.55038669431, 148272.744093, 304.890006644
0.081745819398, 130666.161406, 293.592890585, 0.434535198598, 49.224060629, 0.903691176442, 150.084840679, 1.55038516073, 147951.336317, 304.686674509
0.0825785953177, 130667.81672, 293.59712024, 0.430468889224, 48.6891962569, 0.914117821859, 150.303379415, 1.55038363161, 147630.863185, 304.483933657
0.0834113712375, 130646.602202, 293.57953926, 0.426075955243, 48.0039774494, 0.900288875586, 150.706102127, 1.55022556116, 147266.09646, 304.246699556
0.0842441471572, 130616.592783, 293.553558321, 0.421576523269, 47.263487778, 0.877091602418, 151.18097668, 1.55000735073, 146885.808398, 303.997159566
0.0850769230769, 130586.771299, 293.527740089, 0.417105269115, 46.5276354442, 0.854039602837, 151.655851234, 1.54979050686, 146507.9019, 303.749182326
0.0859096989967, 130524.109573, 293.492299644, 0.412277151166, 45.7110024088, 0.870388786472, 152.00959129, 1.54923427505, 146075.607671, 303.479707558
0.0867424749164, 130450.342196, 293.453643141, 0.407337555446, 44.8685218349, 0.900192907011, 152.321541194, 1.54856306904, 145625.650091, 303.203469922
0.0875752508361, 130376.876348, 293.41514465, 0.40241815066, 44.0294849578, 0.929875201174, 152.633491098, 1.54789460662, 145177.531744, 302.928361426
0.0884080267559, 130317.99562, 293.372493964, 0.396880797769, 43.1089558408, 0.913313550966, 152.712751721, 1.54742096436, 144713.045328, 302.62763327
0.0892408026756, 130264.111022, 293.328366941, 0.391124466274, 42.1593758424, 0.880726306308, 152.711244741, 1.54701434205, 144242.469783, 302.317761753
0.0900735785953, 130210.225361, 293.284239048, 0.38536802117, 41.2097771026, 0.84813841849, 152.70973776, 1.54660771172, 143771.88495, 302.007884119
0.0909063545151, 130141.704421, 293.2485103, 0.378589996828, 40.2068931348, 0.876694585642, 152.122857516, 1.54598265666, 143231.696899, 301.671819359
0.0917391304348, 130067.754119, 293.21522127, 0.371415014792, 39.1774538011, 0.925611993327, 151.345230087, 1.54528015289, 142663.75678, 301.324116623
0.0925719063545, 129993.039963, 293.181588388, 0.364165920361, 38.1373811008, 0.975034682591, 150.567602657, 1.54457039277, 142089.950249, 300.972822368
0.0934046822742, 129936.786792, 293.136011137, 0.356752112932, 37.0308978534, 0.942853776799, 149.527882188, 1.54414276301, 141549.659534, 300.617395415
0.094237458194, 129883.842927, 293.087295863, 0.349212515933, 35.896592979, 0.892629373781, 148.432557966, 1.54377096208, 141010.048325, 300.256752134
0.0950702341137, 129830.093216, 293.037856618, 0.341560809885, 34.7454285865, 0.841700737468, 147.337028279, 1.54339340916, 140462.404131, 299.890753443
0.0959030100334, 129719.989053, 292.988477756, 0.333737598767, 33.5888545084, 0.915825998063, 145.639454635, 1.54234476923, 139874.898909, 299.537679493
0.0967357859532, 129607.287872, 292.937934197, 0.325729862105, 32.4050003967, 0.991699646102, 143.941880992, 1.54127139509, 139273.536242, 299.176277611
0.0975685618729, 129507.056777, 292.885187649, 0.317506027538, 31.1855645589, 1.03246224247, 142.098503993, 1.54035775687, 138682.441417, 298.810411289
0.0984013377926, 129442.245922, 292.828395165, 0.308981044131, 29.9123158934, 0.981073726379, 139.89266055, 1.53988621259, 138136.47491, 298.444474658
0.0992341137124, 129375.358432, 292.769782967, 0.300182907794, 28.5982704795, 0.928038647116, 137.686817107, 1.53939955934, 137573.014838, 298.066812883
0.100066889632, 129222.049779, 292.679238073, 0.292282061021, 27.1714119006, 0.95765043055, 135.601272085, 1.53805117771, 136988.588266, 297.701803164
0.100899665552, 129030.317403, 292.573890461, 0.284610699791, 25.6724963141, 1.02191918101, 133.563155694, 1.53632288156, 136385.07079, 297.335501995
0.101732441472, 128835.689569, 292.458820338, 0.277059368054, 24.112101848, 1.05955698155, 131.550650458, 1.53461021851, 135791.501794, 296.967412987
0.102565217391, 128642.626336, 292.324302156, 0.27015971815, 22.4669333206, 1.02773871878, 129.600398548, 1.53301588251, 135250.464211, 296.611663036
0.103397993311, 128442.914593, 292.185452344, 0.26306183593, 20.7708656687, 0.995876920259, 127.651061507, 1.53136501193, 134692.886422, 296.245312743
0.104230769231, 128157.714326, 292.018941191, 0.257084964439, 18.9568196537, 1.06153521634, 125.79733199, 1.52883521667, 134117.587721, 295.896521539
0.105063545151, 127863.983014, 291.84744928, 0.250929309971, 17.0885110455, 1.1291575141, 123.943602472, 1.526229749, 133525.080416, 295.537297129
0.10589632107, 127565.948962, 291.642541853, 0.245735254972, 15.0473693012, 1.09351520882, 122.302875238, 1.52374152477, 132983.375694, 295.179264998
0.10672909699, 127260.669546, 291.427414808, 0.24059320781, 12.9319495937, 1.03933488385, 120.697296174, 1.5212191529, 132438.5842, 294.813622955
0.10756187291, 126876.018728, 291.199482845, 0.235973015948, 10.7224135274, 1.12261932373, 118.958409263, 1.5178072699, 131841.880606, 294.454261747
0.108394648829, 126465.881729, 290.963359624, 0.231344563105, 8.43953259165, 1.23570782788, 117.19373035, 1.51413187177, 131220.019928, 294.087330528
0.109227424749, 126089.138663, 290.687693321, 0.227969839226, 5.98384831471, 1.1401395394, 115.751525177, 1.51105153958, 130691.372781, 293.717984923
0.110060200669, 125690.842684, 290.405232495, 0.224598995764, 3.46004400056, 1.0711395825, 114.240077445, 1.50774552398, 130141.791005, 293.342517449
0.110892976589, 125198.018392, 290.125622386, 0.221130713061, 0.856555981664, 1.23124673717, 112.248807727, 1.50328052031, 129494.547287, 292.969490419
0.111725752508, 124777.653686, 289.862303978, 0.217470938804, -1.72069145396, 1.28332607758, 110.052318582, 1.49959649061, 128917.818102, 292.609600113
0.112558528428, 124443.576186, 289.618181851, 0.213577353451, -4.26962719152, 1.20606660402, 107.624241958, 1.4968434951, 128424.85689, 292.265009934
0.113391304348, 124036.186837, 289.337418355, 0.208424415692, -7.49464580206, 1.17303013989, 104.009085534, 1.49339008652, 127815.817366, 291.855970009
0.114224080268, 123675.708725, 289.129012631, 0.205148016437, -9.78414729429, 1.28377471291, 101.667863721, 1.49012566499, 127324.29819, 291.56587081
0.115056856187, 123449.771716, 289.077738602, 0.205831154502, -10.028424745, 1.63026680518, 101.763320093, 1.48766758754, 127115.860648, 291.530369231
0.115889632107, 123556.402439, 289.089862685, 0.205030254458, -10.1205074792, 1.42474035639, 101.421452685, 1.48889007613, 127197.105046, 291.523506899
0.116722408027, 123715.35583, 289.111897828, 0.203993362173, -10.1897333477, 1.13214490555, 101.012301002, 1.49069195308, 127323.83512, 291.521026526
0.117555183946, 123596.637315, 289.093292828, 0.204770615435, -10.1573619375, 1.34312415629, 101.309088331, 1.48935730884, 127229.41124, 291.520856458
0.118387959866, 123496.142707, 289.077521684, 0.205429943673, -10.1300747348, 1.52163493538, 101.561883323, 1.48822766279, 127149.543662, 291.520730999
0.119220735786, 123587.05744, 289.091160368, 0.204848812381, -10.1595237076, 1.35788256037, 101.333701223, 1.48925297792, 127222.499338, 291.520672402
0.120053511706, 123643.012563, 289.099515546, 0.204491832338, -10.1783738479, 1.25695468442, 101.192960852, 1.4898842231, 127267.451753, 291.52063027
0.120886287625, 123574.306333, 289.089032042, 0.204934118628, -10.1593987609, 1.38005659895, 101.361154908, 1.48911025889, 127212.546101, 291.52064704
0.121719063545, 123546.226534, 289.084610716, 0.20511950275, -10.1524174194, 1.42988391713, 101.43057678, 1.48879465006, 127190.31175, 291.520652567
0.122551839465, 123597.222056, 289.091987144, 0.204804909313, -10.1687901566, 1.33708355334, 101.307051144, 1.48937119322, 127231.671394, 291.520636218
0.123384615385, 123607.192058, 289.093406021, 0.204742951112, -10.1731841731, 1.31885248873, 101.280825161, 1.48948407753, 127239.78118, 291.520625569
0.124217391304, 123568.266964, 289.08772465, 0.204982091677, -10.1632962749, 1.38949505744, 101.370412109, 1.4890443626, 127208.262977, 291.520621735
0.125050167224, 123568.514808, 289.087537802, 0.204988780544, -10.1641064227, 1.38826488679, 101.371639825, 1.48904832858, 127208.8081, 291.520626454
0.125882943144, 123597.762994, 289.091418223, 0.204823396896, -10.1728380428, 1.33382474417, 101.307436927, 1.48938076069, 127233.090856, 291.520637522
0.126715719064, 123590.942038, 289.090569019, 0.204858078552, -10.1724741297, 1.34670868473, 101.318455126, 1.48930298675, 127227.324024, 291.520622839
0.127548494983, 123568.104195, 289.087619513, 0.204981605379, -10.1680696689, 1.38948839581, 101.362889476, 1.48904305672, 127208.21346, 291.52059673
0.128381270903, 123578.143904, 289.088601453, 0.204939326449, -10.1697460477, 1.36958654433, 101.347530401, 1.48915888771, 127217.091941, 291.520608611
0.129214046823, 123595.882576, 289.090503911, 0.204858224862, -10.1728462977, 1.33500610833, 101.318180544, 1.48936271151, 127232.524814, 291.520629391
0.130046822742, 123583.700319, 289.08942113, 0.20490335224, -10.1716750064, 1.35952728123, 101.331827594, 1.48922151388, 127221.557835, 291.520596848
0.130879598662, 123570.446231, 289.088190819, 0.204954794169, -10.170884327, 1.386024875, 101.347682481, 1.48906816698, 127209.709273, 291.520564091
0.131712374582, 123582.551408, 289.088656875, 0.204936071739, -10.1846985735, 1.35954083604, 101.340696196, 1.48921155633, 127221.552593, 291.52061136
0.132545150502, 123590.873001, 289.089229729, 0.204912200645, -10.184325203, 1.34221155103, 101.334823047, 1.48930882619, 127229.30944, 291.520641398
0.133377926421, 123579.947279, 289.090345292, 0.204862162819, -10.1117934964, 1.37145102735, 101.33461464, 1.48917148654, 127216.279029, 291.520583769
0.134210702341, 123566.846212, 289.088645273, 0.204936054608, -10.1593530096, 1.39597304623, 101.338638889, 1.4890224401, 127205.328191, 291.520568642
0.135043478261, 123536.751876, 289.069549461, 0.205746820888, -10.4343798833, 1.39956477927, 101.581279364, 1.48875814722, 127203.215038, 291.52061646
0.135876254181, 123323.467822, 288.886540145, 0.21331013734, -9.44740137131, 1.25927836209, 105.643895191, 1.48712927296, 127258.293265, 291.519937268
0.1367090301, 122966.478705, 288.690256452, 0.221134650552, -8.46199222262, 1.40889343531, 109.655698352, 1.48383185697, 127184.175194, 291.519416391
0.13754180602, 122666.422402, 288.480623039, 0.229227307333, -7.44572911563, 1.38001927604, 113.841746738, 1.48128713194, 127188.021216, 291.518807984
0.13837458194, 122406.064452, 288.272307504, 0.237064816983, -6.43840662022, 1.26432513708, 117.963908295, 1.47921138529, 127229.928345, 291.518167164
0.13920735786, 122035.051685, 288.090985079, 0.243659015271, -5.50961140744, 1.50355149744, 121.216203361, 1.47565601632, 127115.466291, 291.517720822
0.140040133779, 121833.528646, 287.918740082, 0.249756809871, -4.56037967617, 1.37685336234, 124.323033809, 1.47410061799, 127163.025293, 291.517260299
0.140872909699, 121623.697764, 287.749127958, 0.25565639972, -3.60649420393, 1.27996004309, 127.32411367, 1.47242870958, 127197.235144, 291.516805262
0.141705685619, 121279.742375, 287.573343128, 0.261630772836, -2.61645508942, 1.47895091811, 130.160138601, 1.46916224161, 127099.728753, 291.516353979
0.142538461538, 121069.85625, 287.419161916, 0.266762490829, -1.6417569428, 1.43706085243, 132.644032467, 1.46740677824, 127109.767193, 291.516004492
0.143371237458, 120913.301567, 287.274921179, 0.271508282351, -0.686995127738, 1.30412344667, 134.989491766, 1.46624533002, 127160.528287, 291.515699321
0.144204013378, 120580.051173, 287.073148819, 0.277944150368, 0.38251209257, 1.39106567938, 137.839971282, 1.46323036355, 127110.025005, 291.515284536
0.145036789298, 120279.102487, 286.883068173, 0.283961268895, 1.45568710977, 1.44244995023, 140.556949631, 1.46054657367, 127075.791858, 291.514896926
0.145869565217, 120047.635585, 286.710674052, 0.289272209855, 2.63859438571, 1.39160840919, 142.84901216, 1.45861209478, 127087.34768, 291.51455524
0.146702341137, 119816.404389, 286.551027193, 0.29414665514, 3.82846180992, 1.38544444221, 144.898591981, 1.45661404695, 127079.78029, 291.514255912
0.147535117057, 119577.603481, 286.409087245, 0.298394288473, 5.07217883071, 1.46048463891, 146.487647088, 1.45443103465, 127037.102186, 291.514023362
0.148367892977, 119348.779075, 286.25711975, 0.302890387035, 6.33998754247, 1.47687946445, 148.146766384, 1.4524187691, 127019.479019, 291.513782715
0.149200668896, 119134.513421, 286.083623241, 0.307933128131, 7.67582078545, 1.38370485505, 149.941713672, 1.45069004961, 127048.475229, 291.513522526
0.150033444816, 118904.361476, 285.910917006, 0.312916457806, 9.02600025053, 1.33212955317, 151.648996224, 1.44876243983, 127058.960657, 291.513279381
0.150866220736, 118602.836004, 285.72967731, 0.31801634502, 10.5155975286, 1.42452016157, 153.035521019, 1.44600384786, 127004.566354, 291.513080541
0.151698996656, 118306.725539, 285.551692441, 0.323024644198, 11.978442892, 1.51525152835, 154.422042939, 1.44329479667, 126951.148947, 291.512885302
0.152531772575, 118080.459738, 285.376358549, 0.327808492429, 13.6109513841, 1.4481360743, 155.340951281, 1.44141792724, 126966.979665, 291.512749555
0.153364548495, 117858.60909, 285.203058621, 0.33253274475, 15.2297608234, 1.3775173032, 156.246989009, 1.43958449587, 126984.499698, 291.51261695
0.154197324415, 117568.895434, 285.003274789, 0.337853808143, 16.9681173875, 1.3807962371, 156.965224865, 1.4370505001, 126966.534275, 291.512513394
0.155030100334, 117242.525605, 284.789363479, 0.343491553147, 18.768530816, 1.42463101292, 157.578889796, 1.43413715836, 126929.127663, 291.512425998
0.155862876254, 116917.797078, 284.5726999, 0.349151187688, 20.5718888198, 1.4556634599, 158.076052161, 1.43125516521, 126896.821509, 291.51235625
0.156695652174, 116591.379677, 284.342312006, 0.355005596744, 22.4241091978, 1.44545214603, 158.188780663, 1.4284131322, 126880.513108, 291.512342738
0.157528428094, 116265.427735, 284.112252629, 0.36085165746, 24.2736907794, 1.43525534207, 158.301507465, 1.42557515191, 126864.227984, 291.512329248
0.158361204013, 115847.682646, 283.811454219, 0.368232544694, 26.2487183174, 1.40610134627, 158.278162091, 1.42195313409, 126847.857366, 291.512334664
0.159193979933, 115406.122744, 283.492321846, 0.376011974377, 28.257525936, 1.37207928742, 158.220049546, 1.41812765821, 126831.450519, 291.512344915
0.160026755853, 114929.219605, 283.157721532, 0.384025966198, 30.2738061574, 1.37474763273, 157.909266188, 1.41393554591, 126796.076371, 291.51239302
0.160859531773, 114386.529013, 282.793637343, 0.392503225546, 32.3145236851, 1.44300403071, 157.150125573, 1.40906513224, 126726.609232, 291.512509037
0.161692307692, 113838.570695, 282.426019103, 0.401062771459, 34.3750529281, 1.51192289674, 156.390983882, 1.40414744317, 126656.467819, 291.512626168
0.162525083612, 113274.461178, 282.014182454, 0.410231642887, 36.4445469894, 1.47573114222, 154.96097177, 1.39921859736, 126623.553347, 291.512827971
0.163357859532, 112699.600407, 281.593896468, 0.419581681729, 38.5525548633, 1.43692313018, 153.518827404, 1.39419821943, 126590.718087, 291.51303506
0.164190635452, 112007.636763, 281.103146668, 0.430134851005, 40.535471797, 1.45673286903, 152.024344339, 1.38804595322, 126519.159286, 291.513245103
0.165023411371, 111252.028536, 280.573272606, 0.441380237776, 42.4806959623, 1.50476681163, 150.505575396, 1.38128447962, 126428.304556, 291.513458885
0.165856187291, 110494.424865, 280.042512825, 0.452405399149, 44.3940050681, 1.5650749415, 148.564421702, 1.37447556475, 126328.626398, 291.513741036
0.166688963211, 109728.447016, 279.506431419, 0.463287169849, 46.2891373435, 1.63894237315, 146.191030546, 1.36755998698, 126218.736275, 291.514098252
0.16752173913, 108927.198496, 278.928929863, 0.474795962477, 48.110444663, 1.66578294047, 143.890768863, 1.36038133485, 126119.946414, 291.514433094
0.16835451505, 108086.568028, 278.299989311, 0.487043931406, 49.7993562422, 1.62447393156, 141.69101141, 1.35292611557, 126038.563103, 291.514730928
0.16918729097, 107206.447249, 277.667496765, 0.49915125162, 51.4143313736, 1.6881928378, 139.337967001, 1.34496127596, 125906.688789, 291.515059189
0.17002006689, 106279.964127, 277.031233261, 0.511082452633, 52.9401495526, 1.87685893537, 136.811471349, 1.33639568529, 125714.820531, 291.515423424
0.170852842809, 105414.854733, 276.388054624, 0.522900481864, 54.3638957285, 1.88992815347, 134.343556224, 1.32859491338, 125593.491784, 291.515789613
0.171685618729, 104574.428547, 275.731030199, 0.53482571581, 55.7463667374, 1.7955943784, 131.909622568, 1.32114625309, 125513.574098, 291.51616245
0.172518394649, 103659.960047, 275.097721192, 0.546026852339, 56.9248136215, 2.0148137515, 129.493225987, 1.31258957183, 125294.235873, 291.516502635
0.173351170569, 102762.128561, 274.450398759, 0.557364919195, 58.0645442854, 2.14467641675, 127.190323895, 1.30428895096, 125108.272255, 291.516824231
0.174183946488, 101973.643535, 273.794169414, 0.568654420105, 59.0958304418, 1.95382770229, 125.165752203, 1.29737505673, 125054.988355, 291.517088886
0.175016722408, 101174.906445, 273.257486247, 0.577763679893, 60.1129422323, 2.24598200371, 122.48313597, 1.28972965709, 124813.257263, 291.51747735
0.175849498328, 100476.335021, 272.759786152, 0.586123587418, 61.1044479429, 2.40362650791, 119.784773765, 1.28315837892, 124635.688584, 291.517865129
0.176682274247, 100028.456864, 272.279667076, 0.594102676782, 62.0164301587, 1.91820784231, 117.484549921, 1.27968511925, 124738.570065, 291.518150635
0.177515050167, 99633.1781638, 272.155947399, 0.596159091888, 63.3517892962, 2.60164494674, 112.153906646, 1.27520318668, 124415.317468, 291.519061341
0.178347826087, 99836.002751, 272.33790908, 0.593165919965, 64.9097780597, 2.68865372604, 105.562287308, 1.27694703061, 124420.061191, 291.519925682
0.179180602007, 100146.011897, 272.539618608, 0.589841685051, 65.9242613626, 2.53928896401, 101.432883592, 1.27997078042, 124531.367762, 291.520533655
0.180013377926, 100134.266294, 272.537904543, 0.589867263202, 65.9782876413, 2.56713804037, 101.22028151, 1.27982711894, 124518.944786, 291.520734729
0.180846153846, 100087.110762, 272.520787899, 0.590138001571, 65.9585343144, 2.64146077907, 101.305262032, 1.27930013026, 124482.466192, 291.520649279
0.181678929766, 100093.276544, 272.515772616, 0.590210712293, 65.9741483902, 2.60653759998, 101.262861825, 1.27939923952, 124496.166537, 291.520685572
0.182511705686, 100089.37657, 272.50854004, 0.590319977196, 65.9818231378, 2.59243276685, 101.246054557, 1.27937992641, 124500.333012, 291.520704251
0.183344481605, 100062.512887, 272.496196903, 0.59051324776, 65.9725692631, 2.6256774479, 101.286179001, 1.27909061813, 124482.792969, 291.520677582
0.184177257525, 100058.774037, 272.489107825, 0.590620680404, 65.9789733018, 2.61153053989, 101.268959094, 1.27907295638, 124487.017837, 291.520686659
0.185010033445, 100056.318989, 272.482319392, 0.590723284275, 65.986004039, 2.59477327927, 101.248657169, 1.27907035587, 124492.446648, 291.520697765
0.185842809365, 100038.603208, 272.472135752, 0.590881863236, 65.9812734581, 2.60948153754, 101.266821499, 1.27888828952, 124483.461678, 291.520685491
0.186675585284, 100024.574742, 272.462862559, 0.591025724956, 65.9789464096, 2.61688414042, 101.2758689, 1.27874923951, 124477.861374, 291.520680626
0.187508361204, 100019.133978, 272.455704738, 0.591135386733, 65.9822230696, 2.60725428092, 101.263649851, 1.27871039527, 124480.150223, 291.520693037
0.188341137124, 100011.411621, 272.44806574, 0.591253017742, 65.9835465877, 2.60241198, 101.257641889, 1.27864464226, 124480.251569, 291.520698311
0.189173913043, 99998.4360172, 272.439322333, 0.591388945015, 65.9803685092, 2.60860495722, 101.265945383, 1.27851691859, 124475.311962, 291.520687133
0.190006688963, 99986.2862956, 272.430829136, 0.591520884119, 65.9777013789, 2.61332728038, 101.272208368, 1.2783986278, 124471.072831, 291.520678638
0.190839464883, 99978.9598816, 272.423792622, 0.591629601491, 65.9780229117, 2.60944456061, 101.266524695, 1.27833544644, 124470.930407, 291.520685838
0.191672240803, 99971.6326451, 272.416755318, 0.591738331068, 65.9783444806, 2.60556140499, 101.260841022, 1.27827225798, 124470.787967, 291.520693039
0.192505016722, 99962.093803, 272.409386953, 0.591852838649, 65.9761816241, 2.60675607302, 101.263106214, 1.27818246358, 124468.369927, 291.520690804
0.193337792642, 99952.0681055, 272.401946224, 0.591968610405, 65.9734711124, 2.60907035306, 101.267124228, 1.27808681008, 124465.450301, 291.520686489
0.194170568562, 99942.9111963, 272.394890753, 0.592078312299, 65.9712864518, 2.61028056059, 101.268971955, 1.27800055881, 124463.109245, 291.520684943
0.195003344482, 99935.6646584, 272.388681868, 0.592174675695, 65.9702587033, 2.60906109964, 101.266043079, 1.27793498441, 124462.041097, 291.52068949
0.195836120401, 99928.4177014, 272.382472623, 0.592271044666, 65.9692308952, 2.60784156816, 101.263114203, 1.27786940621, 124460.972887, 291.520694038
0.196668896321, 99920.928162, 272.376377132, 0.592365854948, 65.9673254949, 2.60766097825, 101.263385997, 1.2778003013, 124459.482802, 291.520694589
0.197501672241, 99913.2862503, 272.370353687, 0.592459677354, 65.9648673015, 2.60813496539, 101.265674305, 1.2777289787, 124457.727014, 291.520692622
0.198334448161, 99905.644684, 272.364330515, 0.592553495521, 65.9624092191, 2.60860893112, 101.267962614, 1.27765765932, 124455.971305, 291.520690655
0.19916722408, 99899.1335, 272.359123948, 0.592634541345, 65.9607249725, 2.60880216377, 101.267275179, 1.27759712208, 124454.553635, 291.520693166
0.2, 99893.0825172, 272.354249817, 0.592710387621, 65.9593558918, 2.60888104177, 101.26537551, 1.27754097452, 124453.273611, 291.520697503
