1	20	20
SECTION	0
   +0.000000e+00	   +2.498000e-01	   +0.000000e+00	   +1.000000e+00	   +0.000000e+00	   +1.000000e+00	   +0.000000e+00	   +5.000000e-02	   +0.000000e+00	30
   +2.631579e-03	   +2.498000e-01	   +0.000000e+00	   +1.000000e+00	   +0.000000e+00	   +9.809391e-01	   +0.000000e+00	   +5.000000e-02	   +0.000000e+00	30
   +5.263158e-03	   +2.498000e-01	   +0.000000e+00	   +1.000000e+00	   +0.000000e+00	   +9.639960e-01	   +0.000000e+00	   +5.000000e-02	   +0.000000e+00	30
   +7.894737e-03	   +2.498000e-01	   +0.000000e+00	   +1.000000e+00	   +0.000000e+00	   +9.491708e-01	   +0.000000e+00	   +5.000000e-02	   +0.000000e+00	30
   +1.052632e-02	   +2.498000e-01	   +0.000000e+00	   +1.000000e+00	   +0.000000e+00	   +9.364635e-01	   +0.000000e+00	   +5.000000e-02	   +0.000000e+00	30
   +1.315789e-02	   +2.498000e-01	   +0.000000e+00	   +1.000000e+00	   +0.000000e+00	   +9.258741e-01	   +0.000000e+00	   +5.000000e-02	   +0.000000e+00	30
   +1.578947e-02	   +2.498000e-01	   +0.000000e+00	   +1.000000e+00	   +0.000000e+00	   +9.174026e-01	   +0.000000e+00	   +5.000000e-02	   +0.000000e+00	30
   +1.842105e-02	   +2.498000e-01	   +0.000000e+00	   +1.000000e+00	   +0.000000e+00	   +9.110490e-01	   +0.000000e+00	   +5.000000e-02	   +0.000000e+00	30
   +2.105263e-02	   +2.498000e-01	   +0.000000e+00	   +1.000000e+00	   +0.000000e+00	   +9.068132e-01	   +0.000000e+00	   +5.000000e-02	   +0.000000e+00	30
   +2.368421e-02	   +2.498000e-01	   +0.000000e+00	   +1.000000e+00	   +0.000000e+00	   +9.046953e-01	   +0.000000e+00	   +5.000000e-02	   +0.000000e+00	30
   +2.631579e-02	   +2.498000e-01	   +0.000000e+00	   +1.000000e+00	   +0.000000e+00	   +9.046953e-01	   +0.000000e+00	   +5.000000e-02	   +0.000000e+00	30
   +2.894737e-02	   +2.498000e-01	   +0.000000e+00	   +1.000000e+00	   +0.000000e+00	   +9.068132e-01	   +0.000000e+00	   +5.000000e-02	   +0.000000e+00	30
   +3.157895e-02	   +2.498000e-01	   +0.000000e+00	   +1.000000e+00	   +0.000000e+00	   +9.110490e-01	   +0.000000e+00	   +5.000000e-02	   +0.000000e+00	30
   +3.421053e-02	   +2.498000e-01	   +0.000000e+00	   +1.000000e+00	   +0.000000e+00	   +9.174026e-01	   +0.000000e+00	   +5.000000e-02	   +0.000000e+00	30
   +3.684211e-02	   +2.498000e-01	   +0.000000e+00	   +1.000000e+00	   +0.000000e+00	   +9.258741e-01	   +0.000000e+00	   +5.000000e-02	   +0.000000e+00	30
   +3.947368e-02	   +2.498000e-01	   +0.000000e+00	   +1.000000e+00	   +0.000000e+00	   +9.364635e-01	   +0.000000e+00	   +5.000000e-02	   +0.000000e+00	30
   +4.210526e-02	   +2.498000e-01	   +0.000000e+00	   +1.000000e+00	   +0.000000e+00	   +9.491708e-01	   +0.000000e+00	   +5.000000e-02	   +0.000000e+00	30
   +4.473684e-02	   +2.498000e-01	   +0.000000e+00	   +1.000000e+00	   +0.000000e+00	   +9.639960e-01	   +0.000000e+00	   +5.000000e-02	   +0.000000e+00	30
   +4.736842e-02	   +2.498000e-01	   +0.000000e+00	   +1.000000e+00	   +0.000000e+00	   +9.809391e-01	   +0.000000e+00	   +5.000000e-02	   +0.000000e+00	30
   +5.000000e-02	   +2.498000e-01	   +0.000000e+00	   +1.000000e+00	   +0.000000e+00	   +1.000000e+00	   +0.000000e+00	   +5.000000e-02	   +0.000000e+00	30
SECTION	1
   +0.000000e+00	   +2.537580e-01	   +0.000000e+00	   +1.000000e+00	   +0.000000e+00	   +1.000000e+00	   +0.000000e+00	   +5.000000e-02	   +0.000000e+00	30
   +2.631579e-03	   +2.537580e-01	   +0.000000e+00	   +1.000000e+00	   +0.000000e+00	   +9.812364e-01	   +0.000000e+00	   +5.000000e-02	   +0.000000e+00	30
   +5.263158e-03	   +2.537580e-01	   +0.000000e+00	   +1.000000e+00	   +0.000000e+00	   +9.645576e-01	   +0.000000e+00	   +5.000000e-02	   +0.000000e+00	30
   +7.894737e-03	   +2.537580e-01	   +0.000000e+00	   +1.000000e+00	   +0.000000e+00	   +9.499636e-01	   +0.000000e+00	   +5.000000e-02	   +0.000000e+00	30
   +1.052632e-02	   +2.537580e-01	   +0.000000e+00	   +1.000000e+00	   +0.000000e+00	   +9.374546e-01	   +0.000000e+00	   +5.000000e-02	   +0.000000e+00	30
   +1.315789e-02	   +2.537580e-01	   +0.000000e+00	   +1.000000e+00	   +0.000000e+00	   +9.270303e-01	   +0.000000e+00	   +5.000000e-02	   +0.000000e+00	30
   +1.578947e-02	   +2.537580e-01	   +0.000000e+00	   +1.000000e+00	   +0.000000e+00	   +9.186909e-01	   +0.000000e+00	   +5.000000e-02	   +0.000000e+00	30
   +1.842105e-02	   +2.537580e-01	   +0.000000e+00	   +1.000000e+00	   +0.000000e+00	   +9.124364e-01	   +0.000000e+00	   +5.000000e-02	   +0.000000e+00	30
   +2.105263e-02	   +2.537580e-01	   +0.000000e+00	   +1.000000e+00	   +0.000000e+00	   +9.082667e-01	   +0.000000e+00	   +5.000000e-02	   +0.000000e+00	30
   +2.368421e-02	   +2.537580e-01	   +0.000000e+00	   +1.000000e+00	   +0.000000e+00	   +9.061818e-01	   +0.000000e+00	   +5.000000e-02	   +0.000000e+00	30
   +2.631579e-02	   +2.537580e-01	   +0.000000e+00	   +1.000000e+00	   +0.000000e+00	   +9.061818e-01	   +0.000000e+00	   +5.000000e-02	   +0.000000e+00	30
   +2.894737e-02	   +2.537580e-01	   +0.000000e+00	   +1.000000e+00	   +0.000000e+00	   +9.082667e-01	   +0.000000e+00	   +5.000000e-02	   +0.000000e+00	30
   +3.157895e-02	   +2.537580e-01	   +0.000000e+00	   +1.000000e+00	   +0.000000e+00	   +9.124364e-01	   +0.000000e+00	   +5.000000e-02	   +0.000000e+00	30
   +3.421053e-02	   +2.537580e-01	   +0.000000e+00	   +1.000000e+00	   +0.000000e+00	   +9.186909e-01	   +0.000000e+00	   +5.000000e-02	   +0.000000e+00	30
   +3.684211e-02	   +2.537580e-01	   +0.000000e+00	   +1.000000e+00	   +0.000000e+00	   +9.270303e-01	   +0.000000e+00	   +5.000000e-02	   +0.000000e+00	30
   +3.947368e-02	   +2.537580e-01	   +0.000000e+00	   +1.000000e+00	   +0.000000e+00	   +9.374546e-01	   +0.000000e+00	   +5.000000e-02	   +0.000000e+00	30
   +4.210526e-02	   +2.537580e-01	   +0.000000e+00	   +1.000000e+00	   +0.000000e+00	   +9.499636e-01	   +0.000000e+00	   +5.000000e-02	   +0.000000e+00	30
   +4.473684e-02	   +2.537580e-01	   +0.000000e+00	   +1.000000e+00	   +0.000000e+00	   +9.645576e-01	   +0.000000e+00	   +5.000000e-02	   +0.000000e+00	30
   +4.736842e-02	   +2.537580e-01	   +0.000000e+00	   +1.000000e+00	   +0.000000e+00	   +9.812364e-01	   +0.000000e+00	   +5.000000e-02	   +0.000000e+00	30
   +5.000000e-02	   +2.537580e-01	   +0.000000e+00	   +1.000000e+00	   +0.000000e+00	   +1.000000e+00	   +0.000000e+00	   +5.000000e-02	   +0.000000e+00	30
SECTION	2
   +0.000000e+00	   +2.577160e-01	   +0.000000e+00	   +1.000000e+00	   +0.000000e+00	   +1.000000e+00	   +0.000000e+00	   +5.000000e-02	   +0.000000e+00	30
   +2.631579e-03	   +2.577160e-01	   +0.000000e+00	   +1.000000e+00	   +0.000000e+00	   +9.815245e-01	   +0.000000e+00	   +5.000000e-02	   +0.000000e+00	30
   +5.263158e-03	   +2.577160e-01	   +0.000000e+00	   +1.000000e+00	   +0.000000e+00	   +9.651019e-01	   +0.000000e+00	   +5.000000e-02	   +0.000000e+00	30
   +7.894737e-03	   +2.577160e-01	   +0.000000e+00	   +1.000000e+00	   +0.000000e+00	   +9.507321e-01	   +0.000000e+00	   +5.000000e-02	   +0.000000e+00	30
   +1.052632e-02	   +2.577160e-01	   +0.000000e+00	   +1.000000e+00	   +0.000000e+00	   +9.384151e-01	   +0.000000e+00	   +5.000000e-02	   +0.000000e+00	30
   +1.315789e-02	   +2.577160e-01	   +0.000000e+00	   +1.000000e+00	   +0.000000e+00	   +9.281510e-01	   +0.000000e+00	   +5.000000e-02	   +0.000000e+00	30
   +1.578947e-02	   +2.577160e-01	   +0.000000e+00	   +1.000000e+00	   +0.000000e+00	   +9.199397e-01	   +0.000000e+00	   +5.000000e-02	   +0.000000e+00	30
   +1.842105e-02	   +2.577160e-01	   +0.000000e+00	   +1.000000e+00	   +0.000000e+00	   +9.137812e-01	   +0.000000e+00	   +5.000000e-02	   +0.000000e+00	30
   +2.105263e-02	   +2.577160e-01	   +0.000000e+00	   +1.000000e+00	   +0.000000e+00	   +9.096755e-01	   +0.000000e+00	   +5.000000e-02	   +0.000000e+00	30
   +2.368421e-02	   +2.577160e-01	   +0.000000e+00	   +1.000000e+00	   +0.000000e+00	   +9.076227e-01	   +0.000000e+00	   +5.000000e-02	   +0.000000e+00	30
   +2.631579e-02	   +2.577160e-01	   +0.000000e+00	   +1.000000e+00	   +0.000000e+00	   +9.076227e-01	   +0.000000e+00	   +5.000000e-02	   +0.000000e+00	30
   +2.894737e-02	   +2.577160e-01	   +0.000000e+00	   +1.000000e+00	   +0.000000e+00	   +9.096755e-01	   +0.000000e+00	   +5.000000e-02	   +0.000000e+00	30
   +3.157895e-02	   +2.577160e-01	   +0.000000e+00	   +1.000000e+00	   +0.000000e+00	   +9.137812e-01	   +0.000000e+00	   +5.000000e-02	   +0.000000e+00	30
   +3.421053e-02	   +2.577160e-01	   +0.000000e+00	   +1.000000e+00	   +0.000000e+00	   +9.199397e-01	   +0.000000e+00	   +5.000000e-02	   +0.000000e+00	30
   +3.684211e-02	   +2.577160e-01	   +0.000000e+00	   +1.000000e+00	   +0.000000e+00	   +9.281510e-01	   +0.000000e+00	   +5.000000e-02	   +0.000000e+00	30
   +3.947368e-02	   +2.577160e-01	   +0.000000e+00	   +1.000000e+00	   +0.000000e+00	   +9.384151e-01	   +0.000000e+00	   +5.000000e-02	   +0.000000e+00	30
   +4.210526e-02	   +2.577160e-01	   +0.000000e+00	   +1.000000e+00	   +0.000000e+00	   +9.507321e-01	   +0.000000e+00	   +5.000000e-02	   +0.000000e+00	30
   +4.473684e-02	   +2.577160e-01	   +0.000000e+00	   +1.000000e+00	   +0.000000e+00	   +9.651019e-01	   +0.000000e+00	   +5.000000e-02	   +0.000000e+00	30
   +4.736842e-02	   +2.577160e-01	   +0.000000e+00	   +1.000000e+00	   +0.000000e+00	   +9.815245e-01	   +0.000000e+00	   +5.000000e-02	   +0.000000e+00	30
   +5.000000e-02	   +2.577160e-01	   +0.000000e+00	   +1.000000e+00	   +0.000000e+00	   +1.000000e+00	   +0.000000e+00	   +5.000000e-02	   +0.000000e+00	30
SECTION	3
   +0.000000e+00	   +2.616740e-01	   +0.000000e+00	   +1.000000e+00	   +0.000000e+00	   +1.000000e+00	   +0.000000e+00	   +5.000000e-02	   +0.000000e+00	30
   +2.631579e-03	   +2.616740e-01	   +0.000000e+00	   +1.000000e+00	   +0.000000e+00	   +9.818040e-01	   +0.000000e+00	   +5.000000e-02	   +0.000000e+00	30
   +5.263158e-03	   +2.616740e-01	   +0.000000e+00	   +1.000000e+00	   +0.000000e+00	   +9.656298e-01	   +0.000000e+00	   +5.000000e-02	   +0.000000e+00	30
   +7.894737e-03	   +2.616740e-01	   +0.000000e+00	   +1.000000e+00	   +0.000000e+00	   +9.514773e-01	   +0.000000e+00	   +5.000000e-02	   +0.000000e+00	30
   +1.052632e-02	   +2.616740e-01	   +0.000000e+00	   +1.000000e+00	   +0.000000e+00	   +9.393466e-01	   +0.000000e+00	   +5.000000e-02	   +0.000000e+00	30
   +1.315789e-02	   +2.616740e-01	   +0.000000e+00	   +1.000000e+00	   +0.000000e+00	   +9.292377e-01	   +0.000000e+00	   +5.000000e-02	   +0.000000e+00	30
   +1.578947e-02	   +2.616740e-01	   +0.000000e+00	   +1.000000e+00	   +0.000000e+00	   +9.211506e-01	   +0.000000e+00	   +5.000000e-02	   +0.000000e+00	30
   +1.842105e-02	   +2.616740e-01	   +0.000000e+00	   +1.000000e+00	   +0.000000e+00	   +9.150853e-01	   +0.000000e+00	   +5.000000e-02	   +0.000000e+00	30
   +2.105263e-02	   +2.616740e-01	   +0.000000e+00	   +1.000000e+00	   +0.000000e+00	   +9.110417e-01	   +0.000000e+00	   +5.000000e-02	   +0.000000e+00	30
   +2.368421e-02	   +2.616740e-01	   +0.000000e+00	   +1.000000e+00	   +0.000000e+00	   +9.090200e-01	   +0.000000e+00	   +5.000000e-02	   +0.000000e+00	30
   +2.631579e-02	   +2.616740e-01	   +0.000000e+00	   +1.000000e+00	   +0.000000e+00	   +9.090200e-01	   +0.000000e+00	   +5.000000e-02	   +0.000000e+00	30
   +2.894737e-02	   +2.616740e-01	   +0.000000e+00	   +1.000000e+00	   +0.000000e+00	   +9.110417e-01	   +0.000000e+00	   +5.000000e-02	   +0.000000e+00	30
   +3.157895e-02	   +2.616740e-01	   +0.000000e+00	   +1.000000e+00	   +0.000000e+00	   +9.150853e-01	   +0.000000e+00	   +5.000000e-02	   +0.000000e+00	30
   +3.421053e-02	   +2.616740e-01	   +0.000000e+00	   +1.000000e+00	   +0.000000e+00	   +9.211506e-01	   +0.000000e+00	   +5.000000e-02	   +0.000000e+00	30
   +3.684211e-02	   +2.616740e-01	   +0.000000e+00	   +1.000000e+00	   +0.000000e+00	   +9.292377e-01	   +0.000000e+00	   +5.000000e-02	   +0.000000e+00	30
   +3.947368e-02	   +2.616740e-01	   +0.000000e+00	   +1.000000e+00	   +0.000000e+00	   +9.393466e-01	   +0.000000e+00	   +5.000000e-02	   +0.000000e+00	30
   +4.210526e-02	   +2.616740e-01	   +0.000000e+00	   +1.000000e+00	   +0.000000e+00	   +9.514773e-01	   +0.000000e+00	   +5.000000e-02	   +0.000000e+00	30
   +4.473684e-02	   +2.616740e-01	   +0.000000e+00	   +1.000000e+00	   +0.000000e+00	   +9.656298e-01	   +0.000000e+00	   +5.000000e-02	   +0.000000e+00	30
   +4.736842e-02	   +2.616740e-01	   +0.000000e+00	   +1.000000e+00	   +0.000000e+00	   +9.818040e-01	   +0.000000e+00	   +5.000000e-02	   +0.000000e+00	30
   +5.000000e-02	   +2.616740e-01	   +0.000000e+00	   +1.000000e+00	   +0.000000e+00	   +1.000000e+00	   +0.000000e+00	   +5.000000e-02	   +0.000000e+00	30
SECTION	4
   +0.000000e+00	   +2.656320e-01	   +0.000000e+00	   +1.000000e+00	   +0.000000e+00	   +1.000000e+00	   +0.000000e+00	   +5.000000e-02	   +0.000000e+00	30
   +2.631579e-03	   +2.656320e-01	   +0.000000e+00	   +1.000000e+00	   +0.000000e+00	   +9.820751e-01	   +0.000000e+00	   +5.000000e-02	   +0.000000e+00	30
   +5.263158e-03	   +2.656320e-01	   +0.000000e+00	   +1.000000e+00	   +0.000000e+00	   +9.661419e-01	   +0.000000e+00	   +5.000000e-02	   +0.000000e+00	30
   +7.894737e-03	   +2.656320e-01	   +0.000000e+00	   +1.000000e+00	   +0.000000e+00	   +9.522003e-01	   +0.000000e+00	   +5.000000e-02	   +0.000000e+00	30
   +1.052632e-02	   +2.656320e-01	   +0.000000e+00	   +1.000000e+00	   +0.000000e+00	   +9.402504e-01	   +0.000000e+00	   +5.000000e-02	   +0.000000e+00	30
   +1.315789e-02	   +2.656320e-01	   +0.000000e+00	   +1.000000e+00	   +0.000000e+00	   +9.302921e-01	   +0.000000e+00	   +5.000000e-02	   +0.000000e+00	30
   +1.578947e-02	   +2.656320e-01	   +0.000000e+00	   +1.000000e+00	   +0.000000e+00	   +9.223255e-01	   +0.000000e+00	   +5.000000e-02	   +0.000000e+00	30
   +1.842105e-02	   +2.656320e-01	   +0.000000e+00	   +1.000000e+00	   +0.000000e+00	   +9.163506e-01	   +0.000000e+00	   +5.000000e-02	   +0.000000e+00	30
   +2.105263e-02	   +2.656320e-01	   +0.000000e+00	   +1.000000e+00	   +0.000000e+00	   +9.123672e-01	   +0.000000e+00	   +5.000000e-02	   +0.000000e+00	30
   +2.368421e-02	   +2.656320e-01	   +0.000000e+00	   +1.000000e+00	   +0.000000e+00	   +9.103756e-01	   +0.000000e+00	   +5.000000e-02	   +0.000000e+00	30
   +2.631579e-02	   +2.656320e-01	   +0.000000e+00	   +1.000000e+00	   +0.000000e+00	   +9.103756e-01	   +0.000000e+00	   +5.000000e-02	   +0.000000e+00	30
   +2.894737e-02	   +2.656320e-01	   +0.000000e+00	   +1.000000e+00	   +0.000000e+00	   +9.123672e-01	   +0.000000e+00	   +5.000000e-02	   +0.000000e+00	30
   +3.157895e-02	   +2.656320e-01	   +0.000000e+00	   +1.000000e+00	   +0.000000e+00	   +9.163506e-01	   +0.000000e+00	   +5.000000e-02	   +0.000000e+00	30
   +3.421053e-02	   +2.656320e-01	   +0.000000e+00	   +1.000000e+00	   +0.000000e+00	   +9.223255e-01	   +0.000000e+00	   +5.000000e-02	   +0.000000e+00	30
   +3.684211e-02	   +2.656320e-01	   +0.000000e+00	   +1.000000e+00	   +0.000000e+00	   +9.302921e-01	   +0.000000e+00	   +5.000000e-02	   +0.000000e+00	30
   +3.947368e-02	   +2.656320e-01	   +0.000000e+00	   +1.000000e+00	   +0.000000e+00	   +9.402504e-01	   +0.000000e+00	   +5.000000e-02	   +0.000000e+00	30
   +4.210526e-02	   +2.656320e-01	   +0.000000e+00	   +1.000000e+00	   +0.000000e+00	   +9.522003e-01	   +0.000000e+00	   +5.000000e-02	   +0.000000e+00	30
   +4.473684e-02	   +2.656320e-01	   +0.000000e+00	   +1.000000e+00	   +0.000000e+00	   +9.661419e-01	   +0.000000e+00	   +5.000000e-02	   +0.000000e+00	30
   +4.736842e-02	   +2.656320e-01	   +0.000000e+00	   +1.000000e+00	   +0.000000e+00	   +9.820751e-01	   +0.000000e+00	   +5.000000e-02	   +0.000000e+00	30
   +5.000000e-02	   +2.656320e-01	   +0.000000e+00	   +1.000000e+00	   +0.000000e+00	   +1.000000e+00	   +0.000000e+00	   +5.000000e-02	   +0.000000e+00	30
SECTION	5
   +0.000000e+00	   +2.695900e-01	   +0.000000e+00	   +1.000000e+00	   +0.000000e+00	   +1.000000e+00	   +0.000000e+00	   +5.000000e-02	   +0.000000e+00	30
   +2.631579e-03	   +2.695900e-01	   +0.000000e+00	   +1.000000e+00	   +0.000000e+00	   +9.823383e-01	   +0.000000e+00	   +5.000000e-02	   +0.000000e+00	30
   +5.263158e-03	   +2.695900e-01	   +0.000000e+00	   +1.000000e+00	   +0.000000e+00	   +9.666390e-01	   +0.000000e+00	   +5.000000e-02	   +0.000000e+00	30
   +7.894737e-03	   +2.695900e-01	   +0.000000e+00	   +1.000000e+00	   +0.000000e+00	   +9.529021e-01	   +0.000000e+00	   +5.000000e-02	   +0.000000e+00	30
   +1.052632e-02	   +2.695900e-01	   +0.000000e+00	   +1.000000e+00	   +0.000000e+00	   +9.411276e-01	   +0.000000e+00	   +5.000000e-02	   +0.000000e+00	30
   +1.315789e-02	   +2.695900e-01	   +0.000000e+00	   +1.000000e+00	   +0.000000e+00	   +9.313155e-01	   +0.000000e+00	   +5.000000e-02	   +0.000000e+00	30
   +1.578947e-02	   +2.695900e-01	   +0.000000e+00	   +1.000000e+00	   +0.000000e+00	   +9.234659e-01	   +0.000000e+00	   +5.000000e-02	   +0.000000e+00	30
   +1.842105e-02	   +2.695900e-01	   +0.000000e+00	   +1.000000e+00	   +0.000000e+00	   +9.175787e-01	   +0.000000e+00	   +5.000000e-02	   +0.000000e+00	30
   +2.105263e-02	   +2.695900e-01	   +0.000000e+00	   +1.000000e+00	   +0.000000e+00	   +9.136538e-01	   +0.000000e+00	   +5.000000e-02	   +0.000000e+00	30
   +2.368421e-02	   +2.695900e-01	   +0.000000e+00	   +1.000000e+00	   +0.000000e+00	   +9.116914e-01	   +0.000000e+00	   +5.000000e-02	   +0.000000e+00	30
   +2.631579e-02	   +2.695900e-01	   +0.000000e+00	   +1.000000e+00	   +0.000000e+00	   +9.116914e-01	   +0.000000e+00	   +5.000000e-02	   +0.000000e+00	30
   +2.894737e-02	   +2.695900e-01	   +0.000000e+00	   +1.000000e+00	   +0.000000e+00	   +9.136538e-01	   +0.000000e+00	   +5.000000e-02	   +0.000000e+00	30
   +3.157895e-02	   +2.695900e-01	   +0.000000e+00	   +1.000000e+00	   +0.000000e+00	   +9.175787e-01	   +0.000000e+00	   +5.000000e-02	   +0.000000e+00	30
   +3.421053e-02	   +2.695900e-01	   +0.000000e+00	   +1.000000e+00	   +0.000000e+00	   +9.234659e-01	   +0.000000e+00	   +5.000000e-02	   +0.000000e+00	30
   +3.684211e-02	   +2.695900e-01	   +0.000000e+00	   +1.000000e+00	   +0.000000e+00	   +9.313155e-01	   +0.000000e+00	   +5.000000e-02	   +0.000000e+00	30
   +3.947368e-02	   +2.695900e-01	   +0.000000e+00	   +1.000000e+00	   +0.000000e+00	   +9.411276e-01	   +0.000000e+00	   +5.000000e-02	   +0.000000e+00	30
   +4.210526e-02	   +2.695900e-01	   +0.000000e+00	   +1.000000e+00	   +0.000000e+00	   +9.529021e-01	   +0.000000e+00	   +5.000000e-02	   +0.000000e+00	30
   +4.473684e-02	   +2.695900e-01	   +0.000000e+00	   +1.000000e+00	   +0.000000e+00	   +9.666390e-01	   +0.000000e+00	   +5.000000e-02	   +0.000000e+00	30
   +4.736842e-02	   +2.695900e-01	   +0.000000e+00	   +1.000000e+00	   +0.000000e+00	   +9.823383e-01	   +0.000000e+00	   +5.000000e-02	   +0.000000e+00	30
   +5.000000e-02	   +2.695900e-01	   +0.000000e+00	   +1.000000e+00	   +0.000000e+00	   +1.000000e+00	   +0.000000e+00	   +5.000000e-02	   +0.000000e+00	30
SECTION	6
   +0.000000e+00	   +2.735480e-01	   +0.000000e+00	   +1.000000e+00	   +0.000000e+00	   +1.000000e+00	   +0.000000e+00	   +5.000000e-02	   +0.000000e+00	30
   +2.631579e-03	   +2.735480e-01	   +0.000000e+00	   +1.000000e+00	   +0.000000e+00	   +9.825938e-01	   +0.000000e+00	   +5.000000e-02	   +0.000000e+00	30
   +5.263158e-03	   +2.735480e-01	   +0.000000e+00	   +1.000000e+00	   +0.000000e+00	   +9.671217e-01	   +0.000000e+00	   +5.000000e-02	   +0.000000e+00	30
   +7.894737e-03	   +2.735480e-01	   +0.000000e+00	   +1.000000e+00	   +0.000000e+00	   +9.535836e-01	   +0.000000e+00	   +5.000000e-02	   +0.000000e+00	30
   +1.052632e-02	   +2.735480e-01	   +0.000000e+00	   +1.000000e+00	   +0.000000e+00	   +9.419794e-01	   +0.000000e+00	   +5.000000e-02	   +0.000000e+00	30
   +1.315789e-02	   +2.735480e-01	   +0.000000e+00	   +1.000000e+00	   +0.000000e+00	   +9.323094e-01	   +0.000000e+00	   +5.000000e-02	   +0.000000e+00	30
   +1.578947e-02	   +2.735480e-01	   +0.000000e+00	   +1.000000e+00	   +0.000000e+00	   +9.245733e-01	   +0.000000e+00	   +5.000000e-02	   +0.000000e+00	30
   +1.842105e-02	   +2.735480e-01	   +0.000000e+00	   +1.000000e+00	   +0.000000e+00	   +9.187712e-01	   +0.000000e+00	   +5.000000e-02	   +0.000000e+00	30
   +2.105263e-02	   +2.735480e-01	   +0.000000e+00	   +1.000000e+00	   +0.000000e+00	   +9.149032e-01	   +0.000000e+00	   +5.000000e-02	   +0.000000e+00	30
   +2.368421e-02	   +2.735480e-01	   +0.000000e+00	   +1.000000e+00	   +0.000000e+00	   +9.129692e-01	   +0.000000e+00	   +5.000000e-02	   +0.000000e+00	30
   +2.631579e-02	   +2.735480e-01	   +0.000000e+00	   +1.000000e+00	   +0.000000e+00	   +9.129692e-01	   +0.000000e+00	   +5.000000e-02	   +0.000000e+00	30
   +2.894737e-02	   +2.735480e-01	   +0.000000e+00	   +1.000000e+00	   +0.000000e+00	   +9.149032e-01	   +0.000000e+00	   +5.000000e-02	   +0.000000e+00	30
   +3.157895e-02	   +2.735480e-01	   +0.000000e+00	   +1.000000e+00	   +0.000000e+00	   +9.187712e-01	   +0.000000e+00	   +5.000000e-02	   +0.000000e+00	30
   +3.421053e-02	   +2.735480e-01	   +0.000000e+00	   +1.000000e+00	   +0.000000e+00	   +9.245733e-01	   +0.000000e+00	   +5.000000e-02	   +0.000000e+00	30
   +3.684211e-02	   +2.735480e-01	   +0.000000e+00	   +1.000000e+00	   +0.000000e+00	   +9.323094e-01	   +0.000000e+00	   +5.000000e-02	   +0.000000e+00	30
   +3.947368e-02	   +2.735480e-01	   +0.000000e+00	   +1.000000e+00	   +0.000000e+00	   +9.419794e-01	   +0.000000e+00	   +5.000000e-02	   +0.000000e+00	30
   +4.210526e-02	   +2.735480e-01	   +0.000000e+00	   +1.000000e+00	   +0.000000e+00	   +9.535836e-01	   +0.000000e+00	   +5.000000e-02	   +0.000000e+00	30
   +4.473684e-02	   +2.735480e-01	   +0.000000e+00	   +1.000000e+00	   +0.000000e+00	   +9.671217e-01	   +0.000000e+00	   +5.000000e-02	   +0.000000e+00	30
   +4.736842e-02	   +2.735480e-01	   +0.000000e+00	   +1.000000e+00	   +0.000000e+00	   +9.825938e-01	   +0.000000e+00	   +5.000000e-02	   +0.000000e+00	30
   +5.000000e-02	   +2.735480e-01	   +0.000000e+00	   +1.000000e+00	   +0.000000e+00	   +1.000000e+00	   +0.000000e+00	   +5.000000e-02	   +0.000000e+00	30
SECTION	7
   +0.000000e+00	   +2.775060e-01	   +0.000000e+00	   +1.000000e+00	   +0.000000e+00	   +1.000000e+00	   +0.000000e+00	   +5.000000e-02	   +0.000000e+00	30
   +2.631579e-03	   +2.775060e-01	   +0.000000e+00	   +1.000000e+00	   +0.000000e+00	   +9.828421e-01	   +0.000000e+00	   +5.000000e-02	   +0.000000e+00	30
   +5.263158e-03	   +2.775060e-01	   +0.000000e+00	   +1.000000e+00	   +0.000000e+00	   +9.675906e-01	   +0.000000e+00	   +5.000000e-02	   +0.000000e+00	30
   +7.894737e-03	   +2.775060e-01	   +0.000000e+00	   +1.000000e+00	   +0.000000e+00	   +9.542456e-01	   +0.000000e+00	   +5.000000e-02	   +0.000000e+00	30
   +1.052632e-02	   +2.775060e-01	   +0.000000e+00	   +1.000000e+00	   +0.000000e+00	   +9.428070e-01	   +0.000000e+00	   +5.000000e-02	   +0.000000e+00	30
   +1.315789e-02	   +2.775060e-01	   +0.000000e+00	   +1.000000e+00	   +0.000000e+00	   +9.332748e-01	   +0.000000e+00	   +5.000000e-02	   +0.000000e+00	30
   +1.578947e-02	   +2.775060e-01	   +0.000000e+00	   +1.000000e+00	   +0.000000e+00	   +9.256491e-01	   +0.000000e+00	   +5.000000e-02	   +0.000000e+00	30
   +1.842105e-02	   +2.775060e-01	   +0.000000e+00	   +1.000000e+00	   +0.000000e+00	   +9.199298e-01	   +0.000000e+00	   +5.000000e-02	   +0.000000e+00	30
   +2.105263e-02	   +2.775060e-01	   +0.000000e+00	   +1.000000e+00	   +0.000000e+00	   +9.161169e-01	   +0.000000e+00	   +5.000000e-02	   +0.000000e+00	30
   +2.368421e-02	   +2.775060e-01	   +0.000000e+00	   +1.000000e+00	   +0.000000e+00	   +9.142105e-01	   +0.000000e+00	   +5.000000e-02	   +0.000000e+00	30
   +2.631579e-02	   +2.775060e-01	   +0.000000e+00	   +1.000000e+00	   +0.000000e+00	   +9.142105e-01	   +0.000000e+00	   +5.000000e-02	   +0.000000e+00	30
   +2.894737e-02	   +2.775060e-01	   +0.000000e+00	   +1.000000e+00	   +0.000000e+00	   +9.161169e-01	   +0.000000e+00	   +5.000000e-02	   +0.000000e+00	30
   +3.157895e-02	   +2.775060e-01	   +0.000000e+00	   +1.000000e+00	   +0.000000e+00	   +9.199298e-01	   +0.000000e+00	   +5.000000e-02	   +0.000000e+00	30
   +3.421053e-02	   +2.775060e-01	   +0.000000e+00	   +1.000000e+00	   +0.000000e+00	   +9.256491e-01	   +0.000000e+00	   +5.000000e-02	   +0.000000e+00	30
   +3.684211e-02	   +2.775060e-01	   +0.000000e+00	   +1.000000e+00	   +0.000000e+00	   +9.332748e-01	   +0.000000e+00	   +5.000000e-02	   +0.000000e+00	30
   +3.947368e-02	   +2.775060e-01	   +0.000000e+00	   +1.000000e+00	   +0.000000e+00	   +9.428070e-01	   +0.000000e+00	   +5.000000e-02	   +0.000000e+00	30
   +4.210526e-02	   +2.775060e-01	   +0.000000e+00	   +1.000000e+00	   +0.000000e+00	   +9.542456e-01	   +0.000000e+00	   +5.000000e-02	   +0.000000e+00	30
   +4.473684e-02	   +2.775060e-01	   +0.000000e+00	   +1.000000e+00	   +0.000000e+00	   +9.675906e-01	   +0.000000e+00	   +5.000000e-02	   +0.000000e+00	30
   +4.736842e-02	   +2.775060e-01	   +0.000000e+00	   +1.000000e+00	   +0.000000e+00	   +9.828421e-01	   +0.000000e+00	   +5.000000e-02	   +0.000000e+00	30
   +5.000000e-02	   +2.775060e-01	   +0.000000e+00	   +1.000000e+00	   +0.000000e+00	   +1.000000e+00	   +0.000000e+00	   +5.000000e-02	   +0.000000e+00	30
SECTION	8
   +0.000000e+00	   +2.814640e-01	   +0.000000e+00	   +1.000000e+00	   +0.000000e+00	   +1.000000e+00	   +0.000000e+00	   +5.000000e-02	   +0.000000e+00	30
   +2.631579e-03	   +2.814640e-01	   +0.000000e+00	   +1.000000e+00	   +0.000000e+00	   +9.830834e-01	   +0.000000e+00	   +5.000000e-02	   +0.000000e+00	30
   +5.263158e-03	   +2.814640e-01	   +0.000000e+00	   +1.000000e+00	   +0.000000e+00	   +9.680464e-01	   +0.000000e+00	   +5.000000e-02	   +0.000000e+00	30
   +7.894737e-03	   +2.814640e-01	   +0.000000e+00	   +1.000000e+00	   +0.000000e+00	   +9.548890e-01	   +0.000000e+00	   +5.000000e-02	   +0.000000e+00	30
   +1.052632e-02	   +2.814640e-01	   +0.000000e+00	   +1.000000e+00	   +0.000000e+00	   +9.436112e-01	   +0.000000e+00	   +5.000000e-02	   +0.000000e+00	30
   +1.315789e-02	   +2.814640e-01	   +0.000000e+00	   +1.000000e+00	   +0.000000e+00	   +9.342131e-01	   +0.000000e+00	   +5.000000e-02	   +0.000000e+00	30
   +1.578947e-02	   +2.814640e-01	   +0.000000e+00	   +1.000000e+00	   +0.000000e+00	   +9.266946e-01	   +0.000000e+00	   +5.000000e-02	   +0.000000e+00	30
   +1.842105e-02	   +2.814640e-01	   +0.000000e+00	   +1.000000e+00	   +0.000000e+00	   +9.210557e-01	   +0.000000e+00	   +5.000000e-02	   +0.000000e+00	30
   +2.105263e-02	   +2.814640e-01	   +0.000000e+00	   +1.000000e+00	   +0.000000e+00	   +9.172965e-01	   +0.000000e+00	   +5.000000e-02	   +0.000000e+00	30
   +2.368421e-02	   +2.814640e-01	   +0.000000e+00	   +1.000000e+00	   +0.000000e+00	   +9.154169e-01	   +0.000000e+00	   +5.000000e-02	   +0.000000e+00	30
   +2.631579e-02	   +2.814640e-01	   +0.000000e+00	   +1.000000e+00	   +0.000000e+00	   +9.154169e-01	   +0.000000e+00	   +5.000000e-02	   +0.000000e+00	30
   +2.894737e-02	   +2.814640e-01	   +0.000000e+00	   +1.000000e+00	   +0.000000e+00	   +9.172965e-01	   +0.000000e+00	   +5.000000e-02	   +0.000000e+00	30
   +3.157895e-02	   +2.814640e-01	   +0.000000e+00	   +1.000000e+00	   +0.000000e+00	   +9.210557e-01	   +0.000000e+00	   +5.000000e-02	   +0.000000e+00	30
   +3.421053e-02	   +2.814640e-01	   +0.000000e+00	   +1.000000e+00	   +0.000000e+00	   +9.266946e-01	   +0.000000e+00	   +5.000000e-02	   +0.000000e+00	30
   +3.684211e-02	   +2.814640e-01	   +0.000000e+00	   +1.000000e+00	   +0.000000e+00	   +9.342131e-01	   +0.000000e+00	   +5.000000e-02	   +0.000000e+00	30
   +3.947368e-02	   +2.814640e-01	   +0.000000e+00	   +1.000000e+00	   +0.000000e+00	   +9.436112e-01	   +0.000000e+00	   +5.000000e-02	   +0.000000e+00	30
   +4.210526e-02	   +2.814640e-01	   +0.000000e+00	   +1.000000e+00	   +0.000000e+00	   +9.548890e-01	   +0.000000e+00	   +5.000000e-02	   +0.000000e+00	30
   +4.473684e-02	   +2.814640e-01	   +0.000000e+00	   +1.000000e+00	   +0.000000e+00	   +9.680464e-01	   +0.000000e+00	   +5.000000e-02	   +0.000000e+00	30
   +4.736842e-02	   +2.814640e-01	   +0.000000e+00	   +1.000000e+00	   +0.000000e+00	   +9.830834e-01	   +0.000000e+00	   +5.000000e-02	   +0.000000e+00	30
   +5.000000e-02	   +2.814640e-01	   +0.000000e+00	   +1.000000e+00	   +0.000000e+00	   +1.000000e+00	   +0.000000e+00	   +5.000000e-02	   +0.000000e+00	30
SECTION	9
   +0.000000e+00	   +2.854220e-01	   +0.000000e+00	   +1.000000e+00	   +0.000000e+00	   +1.000000e+00	   +0.000000e+00	   +5.000000e-02	   +0.000000e+00	30
   +2.631579e-03	   +2.854220e-01	   +0.000000e+00	   +1.000000e+00	   +0.000000e+00	   +9.833180e-01	   +0.000000e+00	   +5.000000e-02	   +0.000000e+00	30
   +5.263158e-03	   +2.854220e-01	   +0.000000e+00	   +1.000000e+00	   +0.000000e+00	   +9.684895e-01	   +0.000000e+00	   +5.000000e-02	   +0.000000e+00	30
   +7.894737e-03	   +2.854220e-01	   +0.000000e+00	   +1.000000e+00	   +0.000000e+00	   +9.555146e-01	   +0.000000e+00	   +5.000000e-02	   +0.000000e+00	30
   +1.052632e-02	   +2.854220e-01	   +0.000000e+00	   +1.000000e+00	   +0.000000e+00	   +9.443932e-01	   +0.000000e+00	   +5.000000e-02	   +0.000000e+00	30
   +1.315789e-02	   +2.854220e-01	   +0.000000e+00	   +1.000000e+00	   +0.000000e+00	   +9.351254e-01	   +0.000000e+00	   +5.000000e-02	   +0.000000e+00	30
   +1.578947e-02	   +2.854220e-01	   +0.000000e+00	   +1.000000e+00	   +0.000000e+00	   +9.277111e-01	   +0.000000e+00	   +5.000000e-02	   +0.000000e+00	30
   +1.842105e-02	   +2.854220e-01	   +0.000000e+00	   +1.000000e+00	   +0.000000e+00	   +9.221505e-01	   +0.000000e+00	   +5.000000e-02	   +0.000000e+00	30
   +2.105263e-02	   +2.854220e-01	   +0.000000e+00	   +1.000000e+00	   +0.000000e+00	   +9.184433e-01	   +0.000000e+00	   +5.000000e-02	   +0.000000e+00	30
   +2.368421e-02	   +2.854220e-01	   +0.000000e+00	   +1.000000e+00	   +0.000000e+00	   +9.165898e-01	   +0.000000e+00	   +5.000000e-02	   +0.000000e+00	30
   +2.631579e-02	   +2.854220e-01	   +0.000000e+00	   +1.000000e+00	   +0.000000e+00	   +9.165898e-01	   +0.000000e+00	   +5.000000e-02	   +0.000000e+00	30
   +2.894737e-02	   +2.854220e-01	   +0.000000e+00	   +1.000000e+00	   +0.000000e+00	   +9.184433e-01	   +0.000000e+00	   +5.000000e-02	   +0.000000e+00	30
   +3.157895e-02	   +2.854220e-01	   +0.000000e+00	   +1.000000e+00	   +0.000000e+00	   +9.221505e-01	   +0.000000e+00	   +5.000000e-02	   +0.000000e+00	30
   +3.421053e-02	   +2.854220e-01	   +0.000000e+00	   +1.000000e+00	   +0.000000e+00	   +9.277111e-01	   +0.000000e+00	   +5.000000e-02	   +0.000000e+00	30
   +3.684211e-02	   +2.854220e-01	   +0.000000e+00	   +1.000000e+00	   +0.000000e+00	   +9.351254e-01	   +0.000000e+00	   +5.000000e-02	   +0.000000e+00	30
   +3.947368e-02	   +2.854220e-01	   +0.000000e+00	   +1.000000e+00	   +0.000000e+00	   +9.443932e-01	   +0.000000e+00	   +5.000000e-02	   +0.000000e+00	30
   +4.210526e-02	   +2.854220e-01	   +0.000000e+00	   +1.000000e+00	   +0.000000e+00	   +9.555146e-01	   +0.000000e+00	   +5.000000e-02	   +0.000000e+00	30
   +4.473684e-02	   +2.854220e-01	   +0.000000e+00	   +1.000000e+00	   +0.000000e+00	   +9.684895e-01	   +0.000000e+00	   +5.000000e-02	   +0.000000e+00	30
   +4.736842e-02	   +2.854220e-01	   +0.000000e+00	   +1.000000e+00	   +0.000000e+00	   +9.833180e-01	   +0.000000e+00	   +5.000000e-02	   +0.000000e+00	30
   +5.000000e-02	   +2.854220e-01	   +0.000000e+00	   +1.000000e+00	   +0.000000e+00	   +1.000000e+00	   +0.000000e+00	   +5.000000e-02	   +0.000000e+00	30
SECTION	10
   +0.000000e+00	   +2.893800e-01	   +0.000000e+00	   +1.000000e+00	   +0.000000e+00	   +1.000000e+00	   +0.000000e+00	   +5.000000e-02	   +0.000000e+00	30
   +2.631579e-03	   +2.893800e-01	   +0.000000e+00	   +1.000000e+00	   +0.000000e+00	   +9.835461e-01	   +0.000000e+00	   +5.000000e-02	   +0.000000e+00	30
   +5.263158e-03	   +2.893800e-01	   +0.000000e+00	   +1.000000e+00	   +0.000000e+00	   +9.689205e-01	   +0.000000e+00	   +5.000000e-02	   +0.000000e+00	30
   +7.894737e-03	   +2.893800e-01	   +0.000000e+00	   +1.000000e+00	   +0.000000e+00	   +9.561230e-01	   +0.000000e+00	   +5.000000e-02	   +0.000000e+00	30
   +1.052632e-02	   +2.893800e-01	   +0.000000e+00	   +1.000000e+00	   +0.000000e+00	   +9.451538e-01	   +0.000000e+00	   +5.000000e-02	   +0.000000e+00	30
   +1.315789e-02	   +2.893800e-01	   +0.000000e+00	   +1.000000e+00	   +0.000000e+00	   +9.360127e-01	   +0.000000e+00	   +5.000000e-02	   +0.000000e+00	30
   +1.578947e-02	   +2.893800e-01	   +0.000000e+00	   +1.000000e+00	   +0.000000e+00	   +9.286999e-01	   +0.000000e+00	   +5.000000e-02	   +0.000000e+00	30
   +1.842105e-02	   +2.893800e-01	   +0.000000e+00	   +1.000000e+00	   +0.000000e+00	   +9.232153e-01	   +0.000000e+00	   +5.000000e-02	   +0.000000e+00	30
   +2.105263e-02	   +2.893800e-01	   +0.000000e+00	   +1.000000e+00	   +0.000000e+00	   +9.195588e-01	   +0.000000e+00	   +5.000000e-02	   +0.000000e+00	30
   +2.368421e-02	   +2.893800e-01	   +0.000000e+00	   +1.000000e+00	   +0.000000e+00	   +9.177306e-01	   +0.000000e+00	   +5.000000e-02	   +0.000000e+00	30
   +2.631579e-02	   +2.893800e-01	   +0.000000e+00	   +1.000000e+00	   +0.000000e+00	   +9.177306e-01	   +0.000000e+00	   +5.000000e-02	   +0.000000e+00	30
   +2.894737e-02	   +2.893800e-01	   +0.000000e+00	   +1.000000e+00	   +0.000000e+00	   +9.195588e-01	   +0.000000e+00	   +5.000000e-02	   +0.000000e+00	30
   +3.157895e-02	   +2.893800e-01	   +0.000000e+00	   +1.000000e+00	   +0.000000e+00	   +9.232153e-01	   +0.000000e+00	   +5.000000e-02	   +0.000000e+00	30
   +3.421053e-02	   +2.893800e-01	   +0.000000e+00	   +1.000000e+00	   +0.000000e+00	   +9.286999e-01	   +0.000000e+00	   +5.000000e-02	   +0.000000e+00	30
   +3.684211e-02	   +2.893800e-01	   +0.000000e+00	   +1.000000e+00	   +0.000000e+00	   +9.360127e-01	   +0.000000e+00	   +5.000000e-02	   +0.000000e+00	30
   +3.947368e-02	   +2.893800e-01	   +0.000000e+00	   +1.000000e+00	   +0.000000e+00	   +9.451538e-01	   +0.000000e+00	   +5.000000e-02	   +0.000000e+00	30
   +4.210526e-02	   +2.893800e-01	   +0.000000e+00	   +1.000000e+00	   +0.000000e+00	   +9.561230e-01	   +0.000000e+00	   +5.000000e-02	   +0.000000e+00	30
   +4.473684e-02	   +2.893800e-01	   +0.000000e+00	   +1.000000e+00	   +0.000000e+00	   +9.689205e-01	   +0.000000e+00	   +5.000000e-02	   +0.000000e+00	30
   +4.736842e-02	   +2.893800e-01	   +0.000000e+00	   +1.000000e+00	   +0.000000e+00	   +9.835461e-01	   +0.000000e+00	   +5.000000e-02	   +0.000000e+00	30
   +5.000000e-02	   +2.893800e-01	   +0.000000e+00	   +1.000000e+00	   +0.000000e+00	   +1.000000e+00	   +0.000000e+00	   +5.000000e-02	   +0.000000e+00	30
SECTION	11
   +0.000000e+00	   +2.933380e-01	   +0.000000e+00	   +1.000000e+00	   +0.000000e+00	   +1.000000e+00	   +0.000000e+00	   +5.000000e-02	   +0.000000e+00	30
   +2.631579e-03	   +2.933380e-01	   +0.000000e+00	   +1.000000e+00	   +0.000000e+00	   +9.837681e-01	   +0.000000e+00	   +5.000000e-02	   +0.000000e+00	30
   +5.263158e-03	   +2.933380e-01	   +0.000000e+00	   +1.000000e+00	   +0.000000e+00	   +9.693398e-01	   +0.000000e+00	   +5.000000e-02	   +0.000000e+00	30
   +7.894737e-03	   +2.933380e-01	   +0.000000e+00	   +1.000000e+00	   +0.000000e+00	   +9.567150e-01	   +0.000000e+00	   +5.000000e-02	   +0.000000e+00	30
   +1.052632e-02	   +2.933380e-01	   +0.000000e+00	   +1.000000e+00	   +0.000000e+00	   +9.458938e-01	   +0.000000e+00	   +5.000000e-02	   +0.000000e+00	30
   +1.315789e-02	   +2.933380e-01	   +0.000000e+00	   +1.000000e+00	   +0.000000e+00	   +9.368761e-01	   +0.000000e+00	   +5.000000e-02	   +0.000000e+00	30
   +1.578947e-02	   +2.933380e-01	   +0.000000e+00	   +1.000000e+00	   +0.000000e+00	   +9.296619e-01	   +0.000000e+00	   +5.000000e-02	   +0.000000e+00	30
   +1.842105e-02	   +2.933380e-01	   +0.000000e+00	   +1.000000e+00	   +0.000000e+00	   +9.242513e-01	   +0.000000e+00	   +5.000000e-02	   +0.000000e+00	30
   +2.105263e-02	   +2.933380e-01	   +0.000000e+00	   +1.000000e+00	   +0.000000e+00	   +9.206442e-01	   +0.000000e+00	   +5.000000e-02	   +0.000000e+00	30
   +2.368421e-02	   +2.933380e-01	   +0.000000e+00	   +1.000000e+00	   +0.000000e+00	   +9.188407e-01	   +0.000000e+00	   +5.000000e-02	   +0.000000e+00	30
   +2.631579e-02	   +2.933380e-01	   +0.000000e+00	   +1.000000e+00	   +0.000000e+00	   +9.188407e-01	   +0.000000e+00	   +5.000000e-02	   +0.000000e+00	30
   +2.894737e-02	   +2.933380e-01	   +0.000000e+00	   +1.000000e+00	   +0.000000e+00	   +9.206442e-01	   +0.000000e+00	   +5.000000e-02	   +0.000000e+00	30
   +3.157895e-02	   +2.933380e-01	   +0.000000e+00	   +1.000000e+00	   +0.000000e+00	   +9.242513e-01	   +0.000000e+00	   +5.000000e-02	   +0.000000e+00	30
   +3.421053e-02	   +2.933380e-01	   +0.000000e+00	   +1.000000e+00	   +0.000000e+00	   +9.296619e-01	   +0.000000e+00	   +5.000000e-02	   +0.000000e+00	30
   +3.684211e-02	   +2.933380e-01	   +0.000000e+00	   +1.000000e+00	   +0.000000e+00	   +9.368761e-01	   +0.000000e+00	   +5.000000e-02	   +0.000000e+00	30
   +3.947368e-02	   +2.933380e-01	   +0.000000e+00	   +1.000000e+00	   +0.000000e+00	   +9.458938e-01	   +0.000000e+00	   +5.000000e-02	   +0.000000e+00	30
   +4.210526e-02	   +2.933380e-01	   +0.000000e+00	   +1.000000e+00	   +0.000000e+00	   +9.567150e-01	   +0.000000e+00	   +5.000000e-02	   +0.000000e+00	30
   +4.473684e-02	   +2.933380e-01	   +0.000000e+00	   +1.000000e+00	   +0.000000e+00	   +9.693398e-01	   +0.000000e+00	   +5.000000e-02	   +0.000000e+00	30
   +4.736842e-02	   +2.933380e-01	   +0.000000e+00	   +1.000000e+00	   +0.000000e+00	   +9.837681e-01	   +0.000000e+00	   +5.000000e-02	   +0.000000e+00	30
   +5.000000e-02	   +2.933380e-01	   +0.000000e+00	   +1.000000e+00	   +0.000000e+00	   +1.000000e+00	   +0.000000e+00	   +5.000000e-02	   +0.000000e+00	30
SECTION	12
   +0.000000e+00	   +2.972960e-01	   +0.000000e+00	   +1.000000e+00	   +0.000000e+00	   +1.000000e+00	   +0.000000e+00	   +5.000000e-02	   +0.000000e+00	30
   +2.631579e-03	   +2.972960e-01	   +0.000000e+00	   +1.000000e+00	   +0.000000e+00	   +9.839842e-01	   +0.000000e+00	   +5.000000e-02	   +0.000000e+00	30
   +5.263158e-03	   +2.972960e-01	   +0.000000e+00	   +1.000000e+00	   +0.000000e+00	   +9.697480e-01	   +0.000000e+00	   +5.000000e-02	   +0.000000e+00	30
   +7.894737e-03	   +2.972960e-01	   +0.000000e+00	   +1.000000e+00	   +0.000000e+00	   +9.572913e-01	   +0.000000e+00	   +5.000000e-02	   +0.000000e+00	30
   +1.052632e-02	   +2.972960e-01	   +0.000000e+00	   +1.000000e+00	   +0.000000e+00	   +9.466141e-01	   +0.000000e+00	   +5.000000e-02	   +0.000000e+00	30
   +1.315789e-02	   +2.972960e-01	   +0.000000e+00	   +1.000000e+00	   +0.000000e+00	   +9.377165e-01	   +0.000000e+00	   +5.000000e-02	   +0.000000e+00	30
   +1.578947e-02	   +2.972960e-01	   +0.000000e+00	   +1.000000e+00	   +0.000000e+00	   +9.305984e-01	   +0.000000e+00	   +5.000000e-02	   +0.000000e+00	30
   +1.842105e-02	   +2.972960e-01	   +0.000000e+00	   +1.000000e+00	   +0.000000e+00	   +9.252598e-01	   +0.000000e+00	   +5.000000e-02	   +0.000000e+00	30
   +2.105263e-02	   +2.972960e-01	   +0.000000e+00	   +1.000000e+00	   +0.000000e+00	   +9.217007e-01	   +0.000000e+00	   +5.000000e-02	   +0.000000e+00	30
   +2.368421e-02	   +2.972960e-01	   +0.000000e+00	   +1.000000e+00	   +0.000000e+00	   +9.199212e-01	   +0.000000e+00	   +5.000000e-02	   +0.000000e+00	30
   +2.631579e-02	   +2.972960e-01	   +0.000000e+00	   +1.000000e+00	   +0.000000e+00	   +9.199212e-01	   +0.000000e+00	   +5.000000e-02	   +0.000000e+00	30
   +2.894737e-02	   +2.972960e-01	   +0.000000e+00	   +1.000000e+00	   +0.000000e+00	   +9.217007e-01	   +0.000000e+00	   +5.000000e-02	   +0.000000e+00	30
   +3.157895e-02	   +2.972960e-01	   +0.000000e+00	   +1.000000e+00	   +0.000000e+00	   +9.252598e-01	   +0.000000e+00	   +5.000000e-02	   +0.000000e+00	30
   +3.421053e-02	   +2.972960e-01	   +0.000000e+00	   +1.000000e+00	   +0.000000e+00	   +9.305984e-01	   +0.000000e+00	   +5.000000e-02	   +0.000000e+00	30
   +3.684211e-02	   +2.972960e-01	   +0.000000e+00	   +1.000000e+00	   +0.000000e+00	   +9.377165e-01	   +0.000000e+00	   +5.000000e-02	   +0.000000e+00	30
   +3.947368e-02	   +2.972960e-01	   +0.000000e+00	   +1.000000e+00	   +0.000000e+00	   +9.466141e-01	   +0.000000e+00	   +5.000000e-02	   +0.000000e+00	30
   +4.210526e-02	   +2.972960e-01	   +0.000000e+00	   +1.000000e+00	   +0.000000e+00	   +9.572913e-01	   +0.000000e+00	   +5.000000e-02	   +0.000000e+00	30
   +4.473684e-02	   +2.972960e-01	   +0.000000e+00	   +1.000000e+00	   +0.000000e+00	   +9.697480e-01	   +0.000000e+00	   +5.000000e-02	   +0.000000e+00	30
   +4.736842e-02	   +2.972960e-01	   +0.000000e+00	   +1.000000e+00	   +0.000000e+00	   +9.839842e-01	   +0.000000e+00	   +5.000000e-02	   +0.000000e+00	30
   +5.000000e-02	   +2.972960e-01	   +0.000000e+00	   +1.000000e+00	   +0.000000e+00	   +1.000000e+00	   +0.000000e+00	   +5.000000e-02	   +0.000000e+00	30
SECTION	13
   +0.000000e+00	   +3.012540e-01	   +0.000000e+00	   +1.000000e+00	   +0.000000e+00	   +1.000000e+00	   +0.000000e+00	   +5.000000e-02	   +0.000000e+00	30
   +2.631579e-03	   +3.012540e-01	   +0.000000e+00	   +1.000000e+00	   +0.000000e+00	   +9.841947e-01	   +0.000000e+00	   +5.000000e-02	   +0.000000e+00	30
   +5.263158e-03	   +3.012540e-01	   +0.000000e+00	   +1.000000e+00	   +0.000000e+00	   +9.701455e-01	   +0.000000e+00	   +5.000000e-02	   +0.000000e+00	30
   +7.894737e-03	   +3.012540e-01	   +0.000000e+00	   +1.000000e+00	   +0.000000e+00	   +9.578524e-01	   +0.000000e+00	   +5.000000e-02	   +0.000000e+00	30
   +1.052632e-02	   +3.012540e-01	   +0.000000e+00	   +1.000000e+00	   +0.000000e+00	   +9.473155e-01	   +0.000000e+00	   +5.000000e-02	   +0.000000e+00	30
   +1.315789e-02	   +3.012540e-01	   +0.000000e+00	   +1.000000e+00	   +0.000000e+00	   +9.385348e-01	   +0.000000e+00	   +5.000000e-02	   +0.000000e+00	30
   +1.578947e-02	   +3.012540e-01	   +0.000000e+00	   +1.000000e+00	   +0.000000e+00	   +9.315102e-01	   +0.000000e+00	   +5.000000e-02	   +0.000000e+00	30
   +1.842105e-02	   +3.012540e-01	   +0.000000e+00	   +1.000000e+00	   +0.000000e+00	   +9.262417e-01	   +0.000000e+00	   +5.000000e-02	   +0.000000e+00	30
   +2.105263e-02	   +3.012540e-01	   +0.000000e+00	   +1.000000e+00	   +0.000000e+00	   +9.227294e-01	   +0.000000e+00	   +5.000000e-02	   +0.000000e+00	30
   +2.368421e-02	   +3.012540e-01	   +0.000000e+00	   +1.000000e+00	   +0.000000e+00	   +9.209733e-01	   +0.000000e+00	   +5.000000e-02	   +0.000000e+00	30
   +2.631579e-02	   +3.012540e-01	   +0.000000e+00	   +1.000000e+00	   +0.000000e+00	   +9.209733e-01	   +0.000000e+00	   +5.000000e-02	   +0.000000e+00	30
   +2.894737e-02	   +3.012540e-01	   +0.000000e+00	   +1.000000e+00	   +0.000000e+00	   +9.227294e-01	   +0.000000e+00	   +5.000000e-02	   +0.000000e+00	30
   +3.157895e-02	   +3.012540e-01	   +0.000000e+00	   +1.000000e+00	   +0.000000e+00	   +9.262417e-01	   +0.000000e+00	   +5.000000e-02	   +0.000000e+00	30
   +3.421053e-02	   +3.012540e-01	   +0.000000e+00	   +1.000000e+00	   +0.000000e+00	   +9.315102e-01	   +0.000000e+00	   +5.000000e-02	   +0.000000e+00	30
   +3.684211e-02	   +3.012540e-01	   +0.000000e+00	   +1.000000e+00	   +0.000000e+00	   +9.385348e-01	   +0.000000e+00	   +5.000000e-02	   +0.000000e+00	30
   +3.947368e-02	   +3.012540e-01	   +0.000000e+00	   +1.000000e+00	   +0.000000e+00	   +9.473155e-01	   +0.000000e+00	   +5.000000e-02	   +0.000000e+00	30
   +4.210526e-02	   +3.012540e-01	   +0.000000e+00	   +1.000000e+00	   +0.000000e+00	   +9.578524e-01	   +0.000000e+00	   +5.000000e-02	   +0.000000e+00	30
   +4.473684e-02	   +3.012540e-01	   +0.000000e+00	   +1.000000e+00	   +0.000000e+00	   +9.701455e-01	   +0.000000e+00	   +5.000000e-02	   +0.000000e+00	30
   +4.736842e-02	   +3.012540e-01	   +0.000000e+00	   +1.000000e+00	   +0.000000e+00	   +9.841947e-01	   +0.000000e+00	   +5.000000e-02	   +0.000000e+00	30
   +5.000000e-02	   +3.012540e-01	   +0.000000e+00	   +1.000000e+00	   +0.000000e+00	   +1.000000e+00	   +0.000000e+00	   +5.000000e-02	   +0.000000e+00	30
SECTION	14
   +0.000000e+00	   +3.052120e-01	   +0.000000e+00	   +1.000000e+00	   +0.000000e+00	   +1.000000e+00	   +0.000000e+00	   +5.000000e-02	   +0.000000e+00	30
   +2.631579e-03	   +3.052120e-01	   +0.000000e+00	   +1.000000e+00	   +0.000000e+00	   +9.843996e-01	   +0.000000e+00	   +5.000000e-02	   +0.000000e+00	30
   +5.263158e-03	   +3.052120e-01	   +0.000000e+00	   +1.000000e+00	   +0.000000e+00	   +9.705326e-01	   +0.000000e+00	   +5.000000e-02	   +0.000000e+00	30
   +7.894737e-03	   +3.052120e-01	   +0.000000e+00	   +1.000000e+00	   +0.000000e+00	   +9.583990e-01	   +0.000000e+00	   +5.000000e-02	   +0.000000e+00	30
   +1.052632e-02	   +3.052120e-01	   +0.000000e+00	   +1.000000e+00	   +0.000000e+00	   +9.479987e-01	   +0.000000e+00	   +5.000000e-02	   +0.000000e+00	30
   +1.315789e-02	   +3.052120e-01	   +0.000000e+00	   +1.000000e+00	   +0.000000e+00	   +9.393319e-01	   +0.000000e+00	   +5.000000e-02	   +0.000000e+00	30
   +1.578947e-02	   +3.052120e-01	   +0.000000e+00	   +1.000000e+00	   +0.000000e+00	   +9.323984e-01	   +0.000000e+00	   +5.000000e-02	   +0.000000e+00	30
   +1.842105e-02	   +3.052120e-01	   +0.000000e+00	   +1.000000e+00	   +0.000000e+00	   +9.271982e-01	   +0.000000e+00	   +5.000000e-02	   +0.000000e+00	30
   +2.105263e-02	   +3.052120e-01	   +0.000000e+00	   +1.000000e+00	   +0.000000e+00	   +9.237315e-01	   +0.000000e+00	   +5.000000e-02	   +0.000000e+00	30
   +2.368421e-02	   +3.052120e-01	   +0.000000e+00	   +1.000000e+00	   +0.000000e+00	   +9.219981e-01	   +0.000000e+00	   +5.000000e-02	   +0.000000e+00	30
   +2.631579e-02	   +3.052120e-01	   +0.000000e+00	   +1.000000e+00	   +0.000000e+00	   +9.219981e-01	   +0.000000e+00	   +5.000000e-02	   +0.000000e+00	30
   +2.894737e-02	   +3.052120e-01	   +0.000000e+00	   +1.000000e+00	   +0.000000e+00	   +9.237315e-01	   +0.000000e+00	   +5.000000e-02	   +0.000000e+00	30
   +3.157895e-02	   +3.052120e-01	   +0.000000e+00	   +1.000000e+00	   +0.000000e+00	   +9.271982e-01	   +0.000000e+00	   +5.000000e-02	   +0.000000e+00	30
   +3.421053e-02	   +3.052120e-01	   +0.000000e+00	   +1.000000e+00	   +0.000000e+00	   +9.323984e-01	   +0.000000e+00	   +5.000000e-02	   +0.000000e+00	30
   +3.684211e-02	   +3.052120e-01	   +0.000000e+00	   +1.000000e+00	   +0.000000e+00	   +9.393319e-01	   +0.000000e+00	   +5.000000e-02	   +0.000000e+00	30
   +3.947368e-02	   +3.052120e-01	   +0.000000e+00	   +1.000000e+00	   +0.000000e+00	   +9.479987e-01	   +0.000000e+00	   +5.000000e-02	   +0.000000e+00	30
   +4.210526e-02	   +3.052120e-01	   +0.000000e+00	   +1.000000e+00	   +0.000000e+00	   +9.583990e-01	   +0.000000e+00	   +5.000000e-02	   +0.000000e+00	30
   +4.473684e-02	   +3.052120e-01	   +0.000000e+00	   +1.000000e+00	   +0.000000e+00	   +9.705326e-01	   +0.000000e+00	   +5.000000e-02	   +0.000000e+00	30
   +4.736842e-02	   +3.052120e-01	   +0.000000e+00	   +1.000000e+00	   +0.000000e+00	   +9.843996e-01	   +0.000000e+00	   +5.000000e-02	   +0.000000e+00	30
   +5.000000e-02	   +3.052120e-01	   +0.000000e+00	   +1.000000e+00	   +0.000000e+00	   +1.000000e+00	   +0.000000e+00	   +5.000000e-02	   +0.000000e+00	30
SECTION	15
   +0.000000e+00	   +3.091700e-01	   +0.000000e+00	   +1.000000e+00	   +0.000000e+00	   +1.000000e+00	   +0.000000e+00	   +5.000000e-02	   +0.000000e+00	30
   +2.631579e-03	   +3.091700e-01	   +0.000000e+00	   +1.000000e+00	   +0.000000e+00	   +9.845993e-01	   +0.000000e+00	   +5.000000e-02	   +0.000000e+00	30
   +5.263158e-03	   +3.091700e-01	   +0.000000e+00	   +1.000000e+00	   +0.000000e+00	   +9.709099e-01	   +0.000000e+00	   +5.000000e-02	   +0.000000e+00	30
   +7.894737e-03	   +3.091700e-01	   +0.000000e+00	   +1.000000e+00	   +0.000000e+00	   +9.589316e-01	   +0.000000e+00	   +5.000000e-02	   +0.000000e+00	30
   +1.052632e-02	   +3.091700e-01	   +0.000000e+00	   +1.000000e+00	   +0.000000e+00	   +9.486645e-01	   +0.000000e+00	   +5.000000e-02	   +0.000000e+00	30
   +1.315789e-02	   +3.091700e-01	   +0.000000e+00	   +1.000000e+00	   +0.000000e+00	   +9.401085e-01	   +0.000000e+00	   +5.000000e-02	   +0.000000e+00	30
   +1.578947e-02	   +3.091700e-01	   +0.000000e+00	   +1.000000e+00	   +0.000000e+00	   +9.332638e-01	   +0.000000e+00	   +5.000000e-02	   +0.000000e+00	30
   +1.842105e-02	   +3.091700e-01	   +0.000000e+00	   +1.000000e+00	   +0.000000e+00	   +9.281303e-01	   +0.000000e+00	   +5.000000e-02	   +0.000000e+00	30
   +2.105263e-02	   +3.091700e-01	   +0.000000e+00	   +1.000000e+00	   +0.000000e+00	   +9.247079e-01	   +0.000000e+00	   +5.000000e-02	   +0.000000e+00	30
   +2.368421e-02	   +3.091700e-01	   +0.000000e+00	   +1.000000e+00	   +0.000000e+00	   +9.229967e-01	   +0.000000e+00	   +5.000000e-02	   +0.000000e+00	30
   +2.631579e-02	   +3.091700e-01	   +0.000000e+00	   +1.000000e+00	   +0.000000e+00	   +9.229967e-01	   +0.000000e+00	   +5.000000e-02	   +0.000000e+00	30
   +2.894737e-02	   +3.091700e-01	   +0.000000e+00	   +1.000000e+00	   +0.000000e+00	   +9.247079e-01	   +0.000000e+00	   +5.000000e-02	   +0.000000e+00	30
   +3.157895e-02	   +3.091700e-01	   +0.000000e+00	   +1.000000e+00	   +0.000000e+00	   +9.281303e-01	   +0.000000e+00	   +5.000000e-02	   +0.000000e+00	30
   +3.421053e-02	   +3.091700e-01	   +0.000000e+00	   +1.000000e+00	   +0.000000e+00	   +9.332638e-01	   +0.000000e+00	   +5.000000e-02	   +0.000000e+00	30
   +3.684211e-02	   +3.091700e-01	   +0.000000e+00	   +1.000000e+00	   +0.000000e+00	   +9.401085e-01	   +0.000000e+00	   +5.000000e-02	   +0.000000e+00	30
   +3.947368e-02	   +3.091700e-01	   +0.000000e+00	   +1.000000e+00	   +0.000000e+00	   +9.486645e-01	   +0.000000e+00	   +5.000000e-02	   +0.000000e+00	30
   +4.210526e-02	   +3.091700e-01	   +0.000000e+00	   +1.000000e+00	   +0.000000e+00	   +9.589316e-01	   +0.000000e+00	   +5.000000e-02	   +0.000000e+00	30
   +4.473684e-02	   +3.091700e-01	   +0.000000e+00	   +1.000000e+00	   +0.000000e+00	   +9.709099e-01	   +0.000000e+00	   +5.000000e-02	   +0.000000e+00	30
   +4.736842e-02	   +3.091700e-01	   +0.000000e+00	   +1.000000e+00	   +0.000000e+00	   +9.845993e-01	   +0.000000e+00	   +5.000000e-02	   +0.000000e+00	30
   +5.000000e-02	   +3.091700e-01	   +0.000000e+00	   +1.000000e+00	   +0.000000e+00	   +1.000000e+00	   +0.000000e+00	   +5.000000e-02	   +0.000000e+00	30
SECTION	16
   +0.000000e+00	   +3.131280e-01	   +0.000000e+00	   +1.000000e+00	   +0.000000e+00	   +1.000000e+00	   +0.000000e+00	   +5.000000e-02	   +0.000000e+00	30
   +2.631579e-03	   +3.131280e-01	   +0.000000e+00	   +1.000000e+00	   +0.000000e+00	   +9.847940e-01	   +0.000000e+00	   +5.000000e-02	   +0.000000e+00	30
   +5.263158e-03	   +3.131280e-01	   +0.000000e+00	   +1.000000e+00	   +0.000000e+00	   +9.712776e-01	   +0.000000e+00	   +5.000000e-02	   +0.000000e+00	30
   +7.894737e-03	   +3.131280e-01	   +0.000000e+00	   +1.000000e+00	   +0.000000e+00	   +9.594507e-01	   +0.000000e+00	   +5.000000e-02	   +0.000000e+00	30
   +1.052632e-02	   +3.131280e-01	   +0.000000e+00	   +1.000000e+00	   +0.000000e+00	   +9.493134e-01	   +0.000000e+00	   +5.000000e-02	   +0.000000e+00	30
   +1.315789e-02	   +3.131280e-01	   +0.000000e+00	   +1.000000e+00	   +0.000000e+00	   +9.408656e-01	   +0.000000e+00	   +5.000000e-02	   +0.000000e+00	30
   +1.578947e-02	   +3.131280e-01	   +0.000000e+00	   +1.000000e+00	   +0.000000e+00	   +9.341074e-01	   +0.000000e+00	   +5.000000e-02	   +0.000000e+00	30
   +1.842105e-02	   +3.131280e-01	   +0.000000e+00	   +1.000000e+00	   +0.000000e+00	   +9.290387e-01	   +0.000000e+00	   +5.000000e-02	   +0.000000e+00	30
   +2.105263e-02	   +3.131280e-01	   +0.000000e+00	   +1.000000e+00	   +0.000000e+00	   +9.256596e-01	   +0.000000e+00	   +5.000000e-02	   +0.000000e+00	30
   +2.368421e-02	   +3.131280e-01	   +0.000000e+00	   +1.000000e+00	   +0.000000e+00	   +9.239700e-01	   +0.000000e+00	   +5.000000e-02	   +0.000000e+00	30
   +2.631579e-02	   +3.131280e-01	   +0.000000e+00	   +1.000000e+00	   +0.000000e+00	   +9.239700e-01	   +0.000000e+00	   +5.000000e-02	   +0.000000e+00	30
   +2.894737e-02	   +3.131280e-01	   +0.000000e+00	   +1.000000e+00	   +0.000000e+00	   +9.256596e-01	   +0.000000e+00	   +5.000000e-02	   +0.000000e+00	30
   +3.157895e-02	   +3.131280e-01	   +0.000000e+00	   +1.000000e+00	   +0.000000e+00	   +9.290387e-01	   +0.000000e+00	   +5.000000e-02	   +0.000000e+00	30
   +3.421053e-02	   +3.131280e-01	   +0.000000e+00	   +1.000000e+00	   +0.000000e+00	   +9.341074e-01	   +0.000000e+00	   +5.000000e-02	   +0.000000e+00	30
   +3.684211e-02	   +3.131280e-01	   +0.000000e+00	   +1.000000e+00	   +0.000000e+00	   +9.408656e-01	   +0.000000e+00	   +5.000000e-02	   +0.000000e+00	30
   +3.947368e-02	   +3.131280e-01	   +0.000000e+00	   +1.000000e+00	   +0.000000e+00	   +9.493134e-01	   +0.000000e+00	   +5.000000e-02	   +0.000000e+00	30
   +4.210526e-02	   +3.131280e-01	   +0.000000e+00	   +1.000000e+00	   +0.000000e+00	   +9.594507e-01	   +0.000000e+00	   +5.000000e-02	   +0.000000e+00	30
   +4.473684e-02	   +3.131280e-01	   +0.000000e+00	   +1.000000e+00	   +0.000000e+00	   +9.712776e-01	   +0.000000e+00	   +5.000000e-02	   +0.000000e+00	30
   +4.736842e-02	   +3.131280e-01	   +0.000000e+00	   +1.000000e+00	   +0.000000e+00	   +9.847940e-01	   +0.000000e+00	   +5.000000e-02	   +0.000000e+00	30
   +5.000000e-02	   +3.131280e-01	   +0.000000e+00	   +1.000000e+00	   +0.000000e+00	   +1.000000e+00	   +0.000000e+00	   +5.000000e-02	   +0.000000e+00	30
SECTION	17
   +0.000000e+00	   +3.170860e-01	   +0.000000e+00	   +1.000000e+00	   +0.000000e+00	   +1.000000e+00	   +0.000000e+00	   +5.000000e-02	   +0.000000e+00	30
   +2.631579e-03	   +3.170860e-01	   +0.000000e+00	   +1.000000e+00	   +0.000000e+00	   +9.849838e-01	   +0.000000e+00	   +5.000000e-02	   +0.000000e+00	30
   +5.263158e-03	   +3.170860e-01	   +0.000000e+00	   +1.000000e+00	   +0.000000e+00	   +9.716361e-01	   +0.000000e+00	   +5.000000e-02	   +0.000000e+00	30
   +7.894737e-03	   +3.170860e-01	   +0.000000e+00	   +1.000000e+00	   +0.000000e+00	   +9.599568e-01	   +0.000000e+00	   +5.000000e-02	   +0.000000e+00	30
   +1.052632e-02	   +3.170860e-01	   +0.000000e+00	   +1.000000e+00	   +0.000000e+00	   +9.499460e-01	   +0.000000e+00	   +5.000000e-02	   +0.000000e+00	30
   +1.315789e-02	   +3.170860e-01	   +0.000000e+00	   +1.000000e+00	   +0.000000e+00	   +9.416037e-01	   +0.000000e+00	   +5.000000e-02	   +0.000000e+00	30
   +1.578947e-02	   +3.170860e-01	   +0.000000e+00	   +1.000000e+00	   +0.000000e+00	   +9.349299e-01	   +0.000000e+00	   +5.000000e-02	   +0.000000e+00	30
   +1.842105e-02	   +3.170860e-01	   +0.000000e+00	   +1.000000e+00	   +0.000000e+00	   +9.299245e-01	   +0.000000e+00	   +5.000000e-02	   +0.000000e+00	30
   +2.105263e-02	   +3.170860e-01	   +0.000000e+00	   +1.000000e+00	   +0.000000e+00	   +9.265875e-01	   +0.000000e+00	   +5.000000e-02	   +0.000000e+00	30
   +2.368421e-02	   +3.170860e-01	   +0.000000e+00	   +1.000000e+00	   +0.000000e+00	   +9.249191e-01	   +0.000000e+00	   +5.000000e-02	   +0.000000e+00	30
   +2.631579e-02	   +3.170860e-01	   +0.000000e+00	   +1.000000e+00	   +0.000000e+00	   +9.249191e-01	   +0.000000e+00	   +5.000000e-02	   +0.000000e+00	30
   +2.894737e-02	   +3.170860e-01	   +0.000000e+00	   +1.000000e+00	   +0.000000e+00	   +9.265875e-01	   +0.000000e+00	   +5.000000e-02	   +0.000000e+00	30
   +3.157895e-02	   +3.170860e-01	   +0.000000e+00	   +1.000000e+00	   +0.000000e+00	   +9.299245e-01	   +0.000000e+00	   +5.000000e-02	   +0.000000e+00	30
   +3.421053e-02	   +3.170860e-01	   +0.000000e+00	   +1.000000e+00	   +0.000000e+00	   +9.349299e-01	   +0.000000e+00	   +5.000000e-02	   +0.000000e+00	30
   +3.684211e-02	   +3.170860e-01	   +0.000000e+00	   +1.000000e+00	   +0.000000e+00	   +9.416037e-01	   +0.000000e+00	   +5.000000e-02	   +0.000000e+00	30
   +3.947368e-02	   +3.170860e-01	   +0.000000e+00	   +1.000000e+00	   +0.000000e+00	   +9.499460e-01	   +0.000000e+00	   +5.000000e-02	   +0.000000e+00	30
   +4.210526e-02	   +3.170860e-01	   +0.000000e+00	   +1.000000e+00	   +0.000000e+00	   +9.599568e-01	   +0.000000e+00	   +5.000000e-02	   +0.000000e+00	30
   +4.473684e-02	   +3.170860e-01	   +0.000000e+00	   +1.000000e+00	   +0.000000e+00	   +9.716361e-01	   +0.000000e+00	   +5.000000e-02	   +0.000000e+00	30
   +4.736842e-02	   +3.170860e-01	   +0.000000e+00	   +1.000000e+00	   +0.000000e+00	   +9.849838e-01	   +0.000000e+00	   +5.000000e-02	   +0.000000e+00	30
   +5.000000e-02	   +3.170860e-01	   +0.000000e+00	   +1.000000e+00	   +0.000000e+00	   +1.000000e+00	   +0.000000e+00	   +5.000000e-02	   +0.000000e+00	30
SECTION	18
   +0.000000e+00	   +3.210440e-01	   +0.000000e+00	   +1.000000e+00	   +0.000000e+00	   +1.000000e+00	   +0.000000e+00	   +5.000000e-02	   +0.000000e+00	30
   +2.631579e-03	   +3.210440e-01	   +0.000000e+00	   +1.000000e+00	   +0.000000e+00	   +9.851689e-01	   +0.000000e+00	   +5.000000e-02	   +0.000000e+00	30
   +5.263158e-03	   +3.210440e-01	   +0.000000e+00	   +1.000000e+00	   +0.000000e+00	   +9.719858e-01	   +0.000000e+00	   +5.000000e-02	   +0.000000e+00	30
   +7.894737e-03	   +3.210440e-01	   +0.000000e+00	   +1.000000e+00	   +0.000000e+00	   +9.604505e-01	   +0.000000e+00	   +5.000000e-02	   +0.000000e+00	30
   +1.052632e-02	   +3.210440e-01	   +0.000000e+00	   +1.000000e+00	   +0.000000e+00	   +9.505631e-01	   +0.000000e+00	   +5.000000e-02	   +0.000000e+00	30
   +1.315789e-02	   +3.210440e-01	   +0.000000e+00	   +1.000000e+00	   +0.000000e+00	   +9.423237e-01	   +0.000000e+00	   +5.000000e-02	   +0.000000e+00	30
   +1.578947e-02	   +3.210440e-01	   +0.000000e+00	   +1.000000e+00	   +0.000000e+00	   +9.357321e-01	   +0.000000e+00	   +5.000000e-02	   +0.000000e+00	30
   +1.842105e-02	   +3.210440e-01	   +0.000000e+00	   +1.000000e+00	   +0.000000e+00	   +9.307884e-01	   +0.000000e+00	   +5.000000e-02	   +0.000000e+00	30
   +2.105263e-02	   +3.210440e-01	   +0.000000e+00	   +1.000000e+00	   +0.000000e+00	   +9.274926e-01	   +0.000000e+00	   +5.000000e-02	   +0.000000e+00	30
   +2.368421e-02	   +3.210440e-01	   +0.000000e+00	   +1.000000e+00	   +0.000000e+00	   +9.258447e-01	   +0.000000e+00	   +5.000000e-02	   +0.000000e+00	30
   +2.631579e-02	   +3.210440e-01	   +0.000000e+00	   +1.000000e+00	   +0.000000e+00	   +9.258447e-01	   +0.000000e+00	   +5.000000e-02	   +0.000000e+00	30
   +2.894737e-02	   +3.210440e-01	   +0.000000e+00	   +1.000000e+00	   +0.000000e+00	   +9.274926e-01	   +0.000000e+00	   +5.000000e-02	   +0.000000e+00	30
   +3.157895e-02	   +3.210440e-01	   +0.000000e+00	   +1.000000e+00	   +0.000000e+00	   +9.307884e-01	   +0.000000e+00	   +5.000000e-02	   +0.000000e+00	30
   +3.421053e-02	   +3.210440e-01	   +0.000000e+00	   +1.000000e+00	   +0.000000e+00	   +9.357321e-01	   +0.000000e+00	   +5.000000e-02	   +0.000000e+00	30
   +3.684211e-02	   +3.210440e-01	   +0.000000e+00	   +1.000000e+00	   +0.000000e+00	   +9.423237e-01	   +0.000000e+00	   +5.000000e-02	   +0.000000e+00	30
   +3.947368e-02	   +3.210440e-01	   +0.000000e+00	   +1.000000e+00	   +0.000000e+00	   +9.505631e-01	   +0.000000e+00	   +5.000000e-02	   +0.000000e+00	30
   +4.210526e-02	   +3.210440e-01	   +0.000000e+00	   +1.000000e+00	   +0.000000e+00	   +9.604505e-01	   +0.000000e+00	   +5.000000e-02	   +0.000000e+00	30
   +4.473684e-02	   +3.210440e-01	   +0.000000e+00	   +1.000000e+00	   +0.000000e+00	   +9.719858e-01	   +0.000000e+00	   +5.000000e-02	   +0.000000e+00	30
   +4.736842e-02	   +3.210440e-01	   +0.000000e+00	   +1.000000e+00	   +0.000000e+00	   +9.851689e-01	   +0.000000e+00	   +5.000000e-02	   +0.000000e+00	30
   +5.000000e-02	   +3.210440e-01	   +0.000000e+00	   +1.000000e+00	   +0.000000e+00	   +1.000000e+00	   +0.000000e+00	   +5.000000e-02	   +0.000000e+00	30
SECTION	19
   +0.000000e+00	   +3.250020e-01	   +0.000000e+00	   +1.000000e+00	   +0.000000e+00	   +1.000000e+00	   +0.000000e+00	   +5.000000e-02	   +0.000000e+00	30
   +2.631579e-03	   +3.250020e-01	   +0.000000e+00	   +1.000000e+00	   +0.000000e+00	   +9.853496e-01	   +0.000000e+00	   +5.000000e-02	   +0.000000e+00	30
   +5.263158e-03	   +3.250020e-01	   +0.000000e+00	   +1.000000e+00	   +0.000000e+00	   +9.723269e-01	   +0.000000e+00	   +5.000000e-02	   +0.000000e+00	30
   +7.894737e-03	   +3.250020e-01	   +0.000000e+00	   +1.000000e+00	   +0.000000e+00	   +9.609322e-01	   +0.000000e+00	   +5.000000e-02	   +0.000000e+00	30
   +1.052632e-02	   +3.250020e-01	   +0.000000e+00	   +1.000000e+00	   +0.000000e+00	   +9.511652e-01	   +0.000000e+00	   +5.000000e-02	   +0.000000e+00	30
   +1.315789e-02	   +3.250020e-01	   +0.000000e+00	   +1.000000e+00	   +0.000000e+00	   +9.430261e-01	   +0.000000e+00	   +5.000000e-02	   +0.000000e+00	30
   +1.578947e-02	   +3.250020e-01	   +0.000000e+00	   +1.000000e+00	   +0.000000e+00	   +9.365148e-01	   +0.000000e+00	   +5.000000e-02	   +0.000000e+00	30
   +1.842105e-02	   +3.250020e-01	   +0.000000e+00	   +1.000000e+00	   +0.000000e+00	   +9.316313e-01	   +0.000000e+00	   +5.000000e-02	   +0.000000e+00	30
   +2.105263e-02	   +3.250020e-01	   +0.000000e+00	   +1.000000e+00	   +0.000000e+00	   +9.283756e-01	   +0.000000e+00	   +5.000000e-02	   +0.000000e+00	30
   +2.368421e-02	   +3.250020e-01	   +0.000000e+00	   +1.000000e+00	   +0.000000e+00	   +9.267478e-01	   +0.000000e+00	   +5.000000e-02	   +0.000000e+00	30
   +2.631579e-02	   +3.250020e-01	   +0.000000e+00	   +1.000000e+00	   +0.000000e+00	   +9.267478e-01	   +0.000000e+00	   +5.000000e-02	   +0.000000e+00	30
   +2.894737e-02	   +3.250020e-01	   +0.000000e+00	   +1.000000e+00	   +0.000000e+00	   +9.283756e-01	   +0.000000e+00	   +5.000000e-02	   +0.000000e+00	30
   +3.157895e-02	   +3.250020e-01	   +0.000000e+00	   +1.000000e+00	   +0.000000e+00	   +9.316313e-01	   +0.000000e+00	   +5.000000e-02	   +0.000000e+00	30
   +3.421053e-02	   +3.250020e-01	   +0.000000e+00	   +1.000000e+00	   +0.000000e+00	   +9.365148e-01	   +0.000000e+00	   +5.000000e-02	   +0.000000e+00	30
   +3.684211e-02	   +3.250020e-01	   +0.000000e+00	   +1.000000e+00	   +0.000000e+00	   +9.430261e-01	   +0.000000e+00	   +5.000000e-02	   +0.000000e+00	30
   +3.947368e-02	   +3.250020e-01	   +0.000000e+00	   +1.000000e+00	   +0.000000e+00	   +9.511652e-01	   +0.000000e+00	   +5.000000e-02	   +0.000000e+00	30
   +4.210526e-02	   +3.250020e-01	   +0.000000e+00	   +1.000000e+00	   +0.000000e+00	   +9.609322e-01	   +0.000000e+00	   +5.000000e-02	   +0.000000e+00	30
   +4.473684e-02	   +3.250020e-01	   +0.000000e+00	   +1.000000e+00	   +0.000000e+00	   +9.723269e-01	   +0.000000e+00	   +5.000000e-02	   +0.000000e+00	30
   +4.736842e-02	   +3.250020e-01	   +0.000000e+00	   +1.000000e+00	   +0.000000e+00	   +9.853496e-01	   +0.000000e+00	   +5.000000e-02	   +0.000000e+00	30
   +5.000000e-02	   +3.250020e-01	   +0.000000e+00	   +1.000000e+00	   +0.000000e+00	   +1.000000e+00	   +0.000000e+00	   +5.000000e-02	   +0.000000e+00	30
