z, massflux, p, T, rho, M, alpha, dS, P_tot, T_tot
-0.049, 83.8171075382, 152967.855678, 306.836944215, 1.7366922973, 0.137438106214, -1.92575973406e-07, -0.00281091211893, 154990.46771, 307.996127238
-0.0481672240803, 83.8172856588, 152967.804983, 306.836937149, 1.73669175749, 0.137438444966, -2.07240403787e-06, -0.00273891493083, 154990.426266, 307.996125834
-0.0473344481605, 83.8172291779, 152967.840632, 306.836950993, 1.73669206933, 0.137438324423, -2.88343661872e-06, -0.00276048101273, 154990.458867, 307.996137724
-0.0465016722408, 83.8172399433, 152967.849084, 306.836965283, 1.73669209388, 0.137438337786, -5.81127646617e-07, -0.00272954902796, 154990.467873, 307.996152315
-0.0456688963211, 83.8172344603, 152967.864491, 306.836981392, 1.73669217271, 0.137438322643, -1.01155144017e-06, -0.00270571199642, 154990.483016, 307.996168221
-0.0448361204013, 83.817232133, 152967.87781, 306.83699644, 1.73669224792, 0.137438313421, -5.06323477484e-06, -0.00268142865526, 154990.496262, 307.996183179
-0.0440033444816, 83.8172288428, 152967.893078, 306.837010535, 1.73669231805, 0.137438303867, -6.14859949602e-06, -0.00266392763277, 154990.511469, 307.996197192
-0.0431705685619, 83.8172255842, 152967.906352, 306.837026072, 1.73669239653, 0.137438295596, -3.80083035253e-06, -0.00263795717723, 154990.524736, 307.996212675
-0.0423377926421, 83.8172231693, 152967.920922, 306.837040732, 1.73669246987, 0.137438290728, -3.85990216012e-06, -0.00261729018687, 154990.53943, 307.99622736
-0.0415050167224, 83.817219154, 152967.935307, 306.837056442, 1.73669254439, 0.137438286766, -5.26344042006e-06, -0.00259283653923, 154990.553973, 307.996243114
-0.0406722408027, 83.8172166523, 152967.948095, 306.837069481, 1.73669261512, 0.137438290542, -4.9045527066e-06, -0.00257413365974, 154990.56714, 307.996256326
-0.0398394648829, 83.8172133599, 152967.96205, 306.837084045, 1.73669269443, 0.137438296897, -7.33784528482e-06, -0.00255262288945, 154990.58161, 307.996271137
-0.0390066889632, 83.8172095318, 152967.974687, 306.837097929, 1.73669277348, 0.137438309035, -9.50675330692e-06, -0.00253086360711, 154990.59498, 307.996285394
-0.0381739130435, 83.8172068671, 152967.988054, 306.83711118, 1.73669284992, 0.137438331689, -8.85176605779e-06, -0.00251253947721, 154990.609443, 307.996299232
-0.0373411371237, 83.8172015375, 152967.999458, 306.837125114, 1.73669290692, 0.137438358815, -8.76309173119e-06, -0.00248829557265, 154990.622239, 307.996313935
-0.036508361204, 83.8171995638, 152968.010849, 306.837138301, 1.73669295684, 0.137438406968, -1.34314756273e-05, -0.00246646737154, 154990.635694, 307.996328285
-0.0356755852843, 83.8171952013, 152968.02351, 306.837151107, 1.73669301196, 0.137438468997, -1.24528258764e-05, -0.00244826264156, 154990.650943, 307.996342555
-0.0348428093645, 83.8171913575, 152968.032246, 306.837161944, 1.73669306318, 0.137438553061, -6.36531364247e-06, -0.00242912926403, 154990.66313, 307.996355358
-0.0340100334448, 83.8171880032, 152968.04135, 306.837173634, 1.73669309208, 0.137438665172, -1.44888866409e-05, -0.00240788975628, 154990.676776, 307.996369658
-0.0331772575251, 83.8171818314, 152968.050255, 306.837183857, 1.73669312975, 0.137438810383, -2.70778590758e-05, -0.00239105959682, 154990.691422, 307.996383182
-0.0323444816054, 83.8171803416, 152968.054511, 306.837193432, 1.73669314098, 0.137439007852, -1.37699258012e-05, -0.00236761394518, 154990.703368, 307.996397202
-0.0315117056856, 83.8171719521, 152968.059686, 306.837201061, 1.73669314024, 0.137439250578, -6.23718085643e-06, -0.00235224388899, 154990.718084, 307.996410357
-0.0306789297659, 83.8171713205, 152968.060475, 306.837207853, 1.73669310254, 0.1374395805, -2.24399598617e-05, -0.00233135702291, 154990.73156, 307.996424518
-0.0298461538462, 83.8171605598, 152968.054368, 306.837210956, 1.73669304194, 0.137439987038, -3.46909857631e-05, -0.00230957947182, 154990.741169, 307.99643676
-0.0290133779264, 83.8171613513, 152968.048503, 306.837212652, 1.73669293925, 0.13744052731, -2.71571125795e-05, -0.00229281684604, 154990.756016, 307.996450513
-0.0281806020067, 83.8171477553, 152968.035415, 306.837210289, 1.7366928186, 0.137441194243, -2.4302448123e-05, -0.00227574099529, 154990.768569, 307.996463072
-0.027347826087, 83.8171511479, 152968.015952, 306.837202846, 1.73669262588, 0.137442074019, -3.40476945425e-05, -0.00226326581435, 154990.782704, 307.996475202
-0.0265150501672, 83.817136993, 152967.984582, 306.837192953, 1.73669233973, 0.13744316753, -4.20396708787e-05, -0.00223638588141, 154990.793207, 307.996489736
-0.0256822742475, 83.8171341864, 152967.941073, 306.837174413, 1.73669193995, 0.137444581178, -4.53526615284e-05, -0.00221493500787, 154990.803554, 307.99650263
-0.0248494983278, 83.8171339944, 152967.884408, 306.837146511, 1.73669146347, 0.13744638, -3.24232108391e-05, -0.00219931872444, 154990.815409, 307.996514697
-0.024016722408, 83.8171021118, 152967.814532, 306.837109063, 1.73669088256, 0.137448606802, -2.47260291808e-05, -0.00219000105098, 154990.830839, 307.996527009
-0.0231839464883, 83.8171220764, 152967.71381, 306.837056582, 1.73669001751, 0.137451534816, -4.68419934275e-05, -0.00217180527157, 154990.841266, 307.996539418
-0.0223511705686, 83.8170978864, 152967.583217, 306.836987548, 1.73668893816, 0.137455166081, -7.61790230948e-05, -0.00215148735678, 154990.849231, 307.996551288
-0.0215183946488, 83.817078058, 152967.419716, 306.836895806, 1.73668758374, 0.137459781654, -8.31989750372e-05, -0.00214342951066, 154990.861791, 307.996562332
-0.0206856187291, 83.8171006959, 152967.203419, 306.836775958, 1.73668580059, 0.13746571494, -6.59083199473e-05, -0.00212789514255, 154990.870966, 307.996574135
-0.0198528428094, 83.8170673846, 152966.927121, 306.836621869, 1.73668351485, 0.137473134053, -5.68542429249e-05, -0.00211134324478, 154990.877468, 307.996585216
-0.0190200668896, 83.8170418412, 152966.576191, 306.836422449, 1.73668066269, 0.137482554568, -8.88968066044e-05, -0.00210247881037, 154990.885572, 307.996595452
-0.0181872909699, 83.8170656826, 152966.129413, 306.836164584, 1.73667702447, 0.137494578671, -0.000155617973383, -0.00210424493561, 154990.896233, 307.996604694
-0.0173545150502, 83.8170454855, 152965.555619, 306.835838034, 1.73667235485, 0.137509745111, -0.000207535134162, -0.00209146073931, 154990.899983, 307.996615439
-0.0165217391304, 83.8170172311, 152964.822025, 306.835417336, 1.73666636424, 0.137528980901, -0.000231151155758, -0.00208568420864, 154990.898725, 307.996622478
-0.0156889632107, 83.8169751372, 152963.892423, 306.834880986, 1.7366588221, 0.137553349372, -0.000234450010019, -0.00208899311161, 154990.897045, 307.996628069
-0.014856187291, 83.8169821913, 152962.716521, 306.834198044, 1.73664930494, 0.137584341205, -0.000297417850439, -0.00210787186392, 154990.900401, 307.996633786
-0.0140234113712, 83.817010356, 152961.233143, 306.833332865, 1.73663731843, 0.137623697494, -0.000568801728469, -0.00214361854179, 154990.91403, 307.996642745
-0.0131906354515, 83.8170063508, 152959.356311, 306.83223662, 1.73662215992, 0.137673588006, -0.00114911754371, -0.00219401192025, 154990.935193, 307.996654757
-0.0123578595318, 83.8169885315, 152956.965714, 306.830841214, 1.73660285414, 0.137736951853, -0.00188800863767, -0.00225525655633, 154990.954418, 307.996666493
-0.011525083612, 83.8169654685, 152953.924319, 306.829060331, 1.73657829432, 0.137817560338, -0.00251954191472, -0.00235160520497, 154990.976638, 307.996674485
-0.0106923076923, 83.8169863443, 152950.044522, 306.826785495, 1.7365470098, 0.137920355903, -0.00298648924258, -0.00248466199987, 154990.999337, 307.996678256
-0.00985953177258, 83.8170508101, 152945.071624, 306.823878014, 1.73650684453, 0.138051639553, -0.00370178163402, -0.00262865740758, 154991.003799, 307.99667699
-0.00902675585284, 83.8170719213, 152938.642169, 306.82016159, 1.73645468875, 0.13821936961, -0.00521954711052, -0.00267627190155, 154990.925, 307.996669046
-0.00819397993311, 83.8170032403, 152930.365485, 306.815409148, 1.73638738564, 0.138434061042, -0.00733187317128, -0.00263434527131, 154990.764157, 307.996656112
-0.00736120401338, 83.8177906333, 152919.982889, 306.809285594, 1.73630385259, 0.138711715492, -0.00825882276264, -0.00311034244894, 154990.844347, 307.996639814
-0.00652842809365, 83.8193399643, 152906.594348, 306.801354177, 1.73619633959, 0.13907289818, -0.00683022178803, -0.00384056375432, 154991.00682, 307.996616518
-0.00569565217391, 83.8203743963, 152888.15431, 306.791063574, 1.73604472877, 0.139543738117, -0.0068160494856, -0.00278550505016, 154990.144139, 307.996589978
-0.00486287625418, 83.8199590759, 152863.906026, 306.777692759, 1.73584442425, 0.14015834113, -0.0121103881608, -0.00087687919731, 154988.736257, 307.996556326
-0.00403010033445, 83.8197777588, 152833.307239, 306.760204218, 1.73559520801, 0.140969148678, -0.0226958570968, -0.000484064130428, 154988.05153, 307.996521895
-0.00319732441472, 83.8195268066, 152793.520049, 306.737045268, 1.73527356206, 0.142056618615, -0.0401885261743, -0.00135488758138, 154987.925493, 307.996488795
-0.00236454849498, 83.8182739856, 152739.718166, 306.70587363, 1.73483786995, 0.14354829903, -0.0735569254765, -0.00208734471431, 154987.544842, 307.996450653
-0.00153177257525, 83.8173910995, 152665.177041, 306.662906454, 1.73423323426, 0.145669043924, -0.141149159001, -0.00244335137071, 154986.710441, 307.996404775
-0.000698996655518, 83.8157331373, 152558.475621, 306.601509563, 1.73336754373, 0.148875435209, -0.31075544347, -0.00272876399078, 154985.47832, 307.996346437
0.000133779264214, 86.3826064266, 152400.124696, 306.510910237, 1.73208060355, 0.1541024866, -1.02918447549, -0.00168066989557, 154982.993618, 307.996269515
0.000966555183946, 90.9541794415, 152224.256083, 306.41050502, 1.73064850805, 0.15949555395, -1.80952758603, 0.000665645840142, 154979.43394, 307.996226002
0.00179933110368, 94.1466631948, 152049.315015, 306.310432126, 1.72922318652, 0.164477388123, -2.47036804509, 0.00290685826549, 154975.653274, 307.996180961
0.00263210702341, 96.9376314387, 151872.418436, 306.209059336, 1.72778131432, 0.169273491821, -3.11310242151, 0.00506767076543, 154971.63537, 307.996137326
0.00346488294314, 99.5241062758, 151691.115649, 306.105018253, 1.72630265352, 0.173992406235, -3.76870088879, 0.00729912338879, 154967.255809, 307.996092853
0.00429765886288, 101.985343718, 151503.099799, 305.99705001, 1.72476789945, 0.178704800745, -4.45334674541, 0.00988897157422, 154962.298544, 307.996046768
0.00513043478261, 104.36127936, 151306.624595, 305.884018405, 1.72316331488, 0.183460463655, -5.17763564473, 0.0124979201479, 154956.871027, 307.995998097
0.00596321070234, 106.676568993, 151099.865073, 305.764752852, 1.72147426451, 0.188301208201, -5.95142311898, 0.0148627122098, 154951.013877, 307.995941877
0.00679598662207, 108.94044676, 150881.209471, 305.63831084, 1.71968725212, 0.193251753458, -6.78136023479, 0.0170920207667, 154944.550835, 307.995870434
0.00762876254181, 111.143088031, 150649.490266, 305.504104768, 1.71779163845, 0.198318514619, -7.67501335213, 0.0196575731238, 154937.12211, 307.995785275
0.00846153846154, 113.265572125, 150404.145666, 305.361807475, 1.71578221844, 0.203499141059, -8.64208750406, 0.0227548079829, 154928.523934, 307.995691375
0.00929431438127, 115.29022737, 150145.038975, 305.211265549, 1.71365762447, 0.208788431664, -9.69009865664, 0.02634369216, 154918.678004, 307.995589266
0.010127090301, 117.203155266, 149871.941165, 305.052437555, 1.71141484404, 0.214182548144, -10.8243689195, 0.030918812307, 154907.215828, 307.995472853
0.0109598662207, 118.999593618, 149585.615241, 304.885350986, 1.70906188277, 0.219681510752, -12.051108628, 0.035264757783, 154894.722924, 307.995345909
0.0117926421405, 120.684269412, 149286.174185, 304.710224547, 1.70659842963, 0.225285732143, -13.3689921215, 0.0400321641143, 154880.801662, 307.995207461
0.0126254180602, 122.264253415, 148974.646329, 304.527904946, 1.70403137298, 0.230981061143, -14.7710670545, 0.0460772637475, 154865.006718, 307.995049238
0.0134581939799, 123.734609561, 148653.949595, 304.339659505, 1.70138718443, 0.236739771068, -16.2486734603, 0.0518732628527, 154848.255832, 307.994881003
0.0142909698997, 125.089710064, 148324.283711, 304.145975081, 1.69866546469, 0.242555963864, -17.7932144335, 0.0586792902033, 154829.902419, 307.994698287
0.0151237458194, 126.319486109, 147988.248705, 303.948496669, 1.69588737948, 0.248397837983, -19.3975612667, 0.0667069204674, 154810.028491, 307.994505898
0.0159565217391, 127.418830718, 147647.795023, 303.748171588, 1.69307072233, 0.254252282207, -21.0506854845, 0.0750631056645, 154789.243567, 307.994298646
0.0167892976589, 128.391695213, 147300.824119, 303.543711809, 1.69019832267, 0.260156311016, -22.7430660398, 0.0836671403481, 154767.480866, 307.994077865
0.0176220735786, 129.241100267, 146944.157813, 303.333324136, 1.68724301068, 0.26615503093, -24.4690259432, 0.0930009274924, 154744.291707, 307.993849749
0.0184548494983, 129.967686247, 146575.443117, 303.115592781, 1.68418507455, 0.272282912191, -26.2262266118, 0.103158700438, 154719.437073, 307.993605408
0.0192876254181, 130.568930501, 146192.848686, 302.889359229, 1.68100937525, 0.278567799091, -28.0121848837, 0.114043317014, 154692.835144, 307.993352227
0.0201204013378, 131.040802093, 145794.892647, 302.653702251, 1.67770350344, 0.285029575768, -29.8227754327, 0.125654841978, 154664.333508, 307.993080257
0.0209531772575, 131.377890506, 145379.350486, 302.407327641, 1.67424836307, 0.291695725497, -31.6545930609, 0.138299352283, 154633.594651, 307.992802552
0.0217859531773, 131.573264247, 144944.288483, 302.148978783, 1.67062782722, 0.298590852008, -33.5050381503, 0.151867436286, 154600.453005, 307.992505457
0.022618729097, 131.620807676, 144487.462116, 301.877203111, 1.66682320203, 0.305743540145, -35.3712030999, 0.166248941459, 154564.737679, 307.992197419
0.0234515050167, 131.517717719, 144006.860416, 301.590815733, 1.6628169465, 0.313176614958, -37.2490379574, 0.181765339505, 154526.057228, 307.991873929
0.0242842809365, 131.256716343, 143500.968114, 301.288917828, 1.65859584414, 0.320904306785, -39.1343361715, 0.198676167685, 154484.087925, 307.991535328
0.0251170568562, 130.831855357, 142969.165858, 300.971032254, 1.65415476112, 0.328932260909, -41.0221174747, 0.216788497403, 154438.80398, 307.991178898
0.0259498327759, 130.237640132, 142411.844386, 300.637441675, 1.64949651021, 0.337250020563, -42.9047227019, 0.236300694229, 154390.098243, 307.990803775
0.0267826086957, 129.469915117, 141829.721798, 300.288566921, 1.64462694945, 0.345841461272, -44.773045972, 0.257210974875, 154337.981028, 307.990412566
0.0276153846154, 128.522090889, 141224.257026, 299.925375659, 1.63955765876, 0.354677032604, -46.6172345376, 0.279814961841, 154282.379368, 307.990004252
0.0284481605351, 127.391162963, 140597.616861, 299.549105963, 1.63430704767, 0.363722025396, -48.4275564742, 0.303820049298, 154223.579763, 307.98957891
0.0292809364548, 126.080866155, 139952.4919, 299.161441923, 1.62889733572, 0.372933013691, -50.1939086931, 0.32930149792, 154161.748362, 307.989137475
0.0301137123746, 124.594760054, 139292.891395, 298.764916393, 1.62336198308, 0.382250224073, -51.9074425769, 0.356365294954, 154097.184911, 307.988674569
0.0309464882943, 122.938774569, 138626.462475, 298.364344286, 1.61776564575, 0.391572472419, -53.5589672474, 0.384798777812, 154030.795453, 307.988196435
0.031779264214, 121.12957298, 137962.202238, 297.965424059, 1.61218416888, 0.400782110057, -55.1380479906, 0.414573757718, 153963.545541, 307.987697661
0.0326120401338, 119.198042605, 137307.604497, 297.572755272, 1.60668110664, 0.409782500577, -56.6347494374, 0.445384527697, 153896.39332, 307.987202809
0.0334448160535, 117.192496311, 136665.653787, 297.187941539, 1.60128167301, 0.418533209996, -58.040957759, 0.476850734186, 153829.688115, 307.986707196
0.0342775919732, 115.129202445, 136035.195683, 296.810271266, 1.59597397606, 0.427031730482, -59.3566231498, 0.509822364131, 153762.606973, 307.986192553
0.035110367893, 113.015137468, 135418.797254, 296.441265178, 1.59077859513, 0.435237865606, -60.5847667242, 0.544355061636, 153695.109313, 307.985660043
0.0359431438127, 110.890232512, 134816.33779, 296.080464578, 1.58569573623, 0.44316530096, -61.7259007019, 0.579538839949, 153627.549981, 307.985105191
0.0367759197324, 108.817370196, 134223.959506, 295.72578835, 1.58069031806, 0.450858747828, -62.7737590723, 0.61692801932, 153558.727018, 307.984532513
0.0376086956522, 106.824484088, 133644.65333, 295.37901, 1.57578633787, 0.458271519622, -63.7216823232, 0.656635322619, 153488.612503, 307.983957491
0.0384414715719, 104.903666189, 133091.401897, 295.048582478, 1.57108989891, 0.465220695724, -64.564753745, 0.699957376273, 153417.533213, 307.983350667
0.0392742474916, 103.033152266, 132587.536962, 294.748600173, 1.5667991651, 0.471416724478, -65.2982427387, 0.745170496232, 153348.500797, 307.982728728
0.0401070234114, 101.234540486, 132170.34065, 294.501868408, 1.56323046087, 0.476415586693, -65.9118571843, 0.790399649676, 153286.176321, 307.982087338
0.0409397993311, 99.4398284794, 131888.207061, 294.34287704, 1.56077021913, 0.479581461244, -66.4125555293, 0.850057145841, 153229.064426, 307.98135096
0.0417725752508, 97.448646794, 131779.849022, 294.309597713, 1.559678684, 0.480263868969, -66.8337134248, 0.968709030825, 153160.401998, 307.980179185
0.0426053511706, 94.8709656607, 131882.599934, 294.372342936, 1.56056708244, 0.479083798644, -67.3465385288, 0.959132694206, 153176.788657, 307.979081884
0.0434381270903, 90.4840954873, 132118.445899, 294.499157361, 1.562675249, 0.476082249645, -68.2236232513, 0.879921162889, 153229.21709, 307.972741539
0.04427090301, 83.8680434403, 132102.642752, 294.615610649, 1.56185706179, 0.473060765902, -69.2882347949, 1.29798683836, 153012.343775, 307.971147097
0.0451036789298, 83.7871078193, 132235.928845, 294.712978868, 1.56290883112, 0.471612564023, -69.9011831987, 1.33749632115, 153009.444674, 307.974384031
0.0459364548495, 83.7444810086, 132360.887635, 294.834198255, 1.56375251798, 0.469857859828, -70.12633335, 1.48196342296, 152958.425618, 307.974518612
0.0467692307692, 83.7983170072, 132426.617489, 294.90651274, 1.56415772351, 0.46891832152, -70.2110011395, 1.58720150727, 152920.763557, 307.975264812
0.047602006689, 83.8077554605, 132473.543369, 294.931537171, 1.56458904004, 0.468759076371, -70.275157707, 1.5715674485, 152938.538144, 307.976251229
0.0484347826087, 83.8057533628, 132508.818086, 294.943305816, 1.56495022328, 0.468772440358, -70.3191400903, 1.53578570741, 152964.90103, 307.978001163
0.0492675585284, 83.8069806301, 132535.80818, 294.959057319, 1.56519024405, 0.468651426633, -70.3364456423, 1.53119922011, 152975.693966, 307.980554394
0.0501003344482, 83.8461533238, 132538.736502, 294.939681479, 1.56531860745, 0.468375289182, -70.4127484914, 1.46410316976, 152914.862961, 307.917316225
0.0509331103679, 83.8426956416, 132543.390561, 294.941895668, 1.5653624422, 0.468323373881, -70.4027032426, 1.46123190016, 152917.864462, 307.918192169
0.0517658862876, 83.8400125214, 132538.415095, 294.938935492, 1.56531885703, 0.468312896032, -70.3820893027, 1.4620132576, 152917.288254, 307.918848297
0.0525986622074, 83.8432571992, 132523.432299, 294.929645615, 1.56518931396, 0.468363134703, -70.3471220564, 1.46344685525, 152914.63762, 307.919464108
0.0534314381271, 83.8401681275, 132497.107187, 294.912793155, 1.56496449426, 0.468484884722, -70.2946772164, 1.46413339779, 152909.990618, 307.919874214
0.0542642140468, 83.8412680243, 132454.439745, 294.885380159, 1.56460073288, 0.468723769141, -70.2138402731, 1.46489185651, 152902.203273, 307.920106358
0.0550969899666, 83.8406361239, 132390.195674, 294.843997568, 1.56405366775, 0.46912529752, -70.0941075873, 1.46566424374, 152890.23918, 307.920059345
0.0559297658863, 83.8385712306, 132296.925163, 294.783638074, 1.56326102906, 0.469766684485, -69.9180986177, 1.46580420107, 152873.5226, 307.919968357
0.056762541806, 83.8381340054, 132165.260789, 294.698039721, 1.56214404288, 0.470748937066, -69.6600239823, 1.46470396675, 152851.412266, 307.920261006
0.0575953177258, 83.8307426594, 131979.948595, 294.578615583, 1.56056616385, 0.47219741938, -69.2802090934, 1.46682825854, 152819.382584, 307.921019892
0.0584280936455, 83.8323719556, 131725.701839, 294.412963, 1.55840964266, 0.474277295093, -68.700368688, 1.46398443117, 152776.819871, 307.921124506
0.0592608695652, 83.8411920761, 131375.18917, 294.187773515, 1.55541724414, 0.477169662627, -68.4397604226, 1.47181934743, 152709.92064, 307.919494183
0.0600936454849, 93.3580871755, 131130.379137, 294.041985973, 1.55327578261, 0.476687300336, -66.9572042166, 1.51494816332, 152439.774614, 307.784834017
0.0609264214047, 98.7538339868, 131013.961498, 293.972527861, 1.55227075377, 0.473529038779, -65.5294554083, 1.5304101322, 152051.937137, 307.550018824
0.0617591973244, 102.699851414, 130912.413207, 293.912730367, 1.55139353969, 0.47056922438, -64.4438191285, 1.54528170763, 151682.620501, 307.323826515
0.0625919732441, 105.899498975, 130819.017125, 293.85757706, 1.5505866955, 0.46781708082, -63.4490719135, 1.55867348226, 151332.996955, 307.108636618
0.0634247491639, 108.599750963, 130732.465771, 293.806433623, 1.54983688636, 0.465027776291, -62.5211557287, 1.57169364389, 150986.504375, 306.894807591
0.0642575250836, 110.918884388, 130652.276013, 293.758690208, 1.54914120805, 0.462055028268, -61.6379760522, 1.58354205241, 150632.250094, 306.675301698
0.0650903010033, 112.92073064, 130578.381122, 293.714882306, 1.54849666009, 0.458793552761, -60.7808856575, 1.59600102169, 150261.568502, 306.444956496
0.0659230769231, 114.641290389, 130513.403998, 293.676434752, 1.54792800435, 0.455156583571, -59.9385583208, 1.60769541283, 149870.236585, 306.200175643
0.0667558528428, 116.11437709, 130458.237681, 293.644234722, 1.54744223978, 0.451121114532, -59.1052142202, 1.6194320454, 149457.685279, 305.940577426
0.0675886287625, 117.381047002, 130414.388928, 293.618808575, 1.54705554878, 0.446694858165, -58.2775044898, 1.62920861953, 149027.066904, 305.667369444
0.0684214046823, 118.462611969, 130380.546332, 293.600308472, 1.54675249273, 0.441941794304, -57.4599478651, 1.64019983776, 148583.151192, 305.384638628
0.069254180602, 119.375526367, 130355.780023, 293.587339922, 1.54652925016, 0.436944497724, -56.6564912387, 1.64960516573, 148133.360229, 305.096604369
0.0700869565217, 120.132518882, 130338.163346, 293.579005314, 1.5463675821, 0.431750358414, -55.8690009368, 1.65871219516, 147680.566762, 304.805792454
0.0709197324415, 120.747133968, 130326.02229, 293.574499551, 1.54625169052, 0.426414621382, -55.0994478469, 1.66850719321, 147228.617345, 304.515274651
0.0717525083612, 121.247104817, 130315.000382, 293.570127299, 1.54614850403, 0.421042218416, -54.3456314081, 1.67616114626, 146782.130718, 304.227730705
0.0725852842809, 121.659434661, 130299.693441, 293.562863764, 1.54600884644, 0.415705215862, -53.6017308555, 1.68364758755, 146341.045854, 303.944174661
0.0734180602007, 122.005166756, 130276.284272, 293.550314429, 1.54579935792, 0.410433769419, -52.8593345699, 1.6914339097, 145903.311182, 303.663671344
0.0742508361204, 122.302278578, 130242.486131, 293.530634809, 1.54550223653, 0.405242704012, -52.1103368989, 1.69836627189, 145467.276698, 303.38489502
0.0750836120401, 122.556052544, 130197.041937, 293.503504892, 1.54510423966, 0.400099432095, -51.3471875209, 1.70615964583, 145028.435163, 303.105363264
0.0759163879599, 122.771376973, 130141.829126, 293.469685841, 1.54462407729, 0.394960299762, -50.5650761693, 1.71308627851, 144585.19424, 302.823269815
0.0767491638796, 122.95974137, 130075.659579, 293.428772297, 1.54404988001, 0.38983044496, -49.7607642381, 1.72037153542, 144136.604466, 302.53836179
0.0775819397993, 123.129948533, 129999.118368, 293.380983936, 1.54338752277, 0.384688076666, -48.9295304713, 1.72742418147, 143681.521901, 302.249577549
0.0784147157191, 123.292715099, 129911.464953, 293.325921101, 1.5426303831, 0.379534440403, -48.0675091663, 1.73448274038, 143219.209669, 301.956478603
0.0792474916388, 123.459071086, 129812.510258, 293.263523874, 1.54177659901, 0.374361509814, -47.1702543711, 1.7417757065, 142748.804389, 301.658483054
0.0800802675585, 123.639200518, 129702.69391, 293.193798657, 1.54083148223, 0.369168587997, -46.2346271429, 1.74826265156, 142270.782517, 301.355494058
0.0809130434783, 123.8409391, 129580.945012, 293.116524362, 1.53978343145, 0.363966870095, -45.2582279366, 1.7556022024, 141784.670151, 301.047665468
0.081745819398, 124.067327927, 129448.071103, 293.031934707, 1.53864088755, 0.358753297639, -44.2385447694, 1.76275582858, 141291.121222, 300.734996259
0.0825785953177, 124.319742104, 129304.150133, 292.940156708, 1.53740409771, 0.353535695176, -43.1743891282, 1.77000439789, 140790.757458, 300.417903605
0.0834113712375, 124.600026791, 129149.199041, 292.841243265, 1.53607299084, 0.348327592674, -42.065001255, 1.77748876973, 140284.44341, 300.09693012
0.0842441471572, 124.910185237, 128983.463583, 292.735222636, 1.53465017932, 0.343134596512, -40.9080506084, 1.78481990613, 139772.755331, 299.772262467
0.0850769230769, 125.248902255, 128807.25215, 292.622333192, 1.53313799447, 0.337971116813, -39.7035045377, 1.79214863708, 139256.821807, 299.444608576
0.0859096989967, 125.604855726, 128621.13029, 292.503032123, 1.53154059591, 0.332850303237, -38.4531958218, 1.79984347903, 138737.867994, 299.114789747
0.0867424749164, 125.948474272, 128426.755183, 292.37839132, 1.52987194157, 0.327770589864, -37.1620894316, 1.80794019053, 138217.449728, 298.783716686
0.0875752508361, 126.244215544, 128226.378917, 292.249723585, 1.52815187155, 0.322716500573, -35.8356805726, 1.81596970006, 137697.052977, 298.452100741
0.0884080267559, 126.446108491, 128022.628608, 292.118981316, 1.52640155873, 0.31765818102, -34.4822757688, 1.82469491646, 137177.906116, 298.120873559
0.0892408026756, 126.510052618, 127818.955062, 291.988383727, 1.52465082887, 0.312557036896, -33.1101959557, 1.83390619668, 136661.851201, 297.79110069
0.0900735785953, 126.397800021, 127617.798744, 291.859505097, 1.52292082165, 0.307370545442, -31.7251235831, 1.84345568616, 136149.702796, 297.46326542
0.0909063545151, 126.097515974, 127421.084597, 291.733491785, 1.52122910211, 0.30206442443, -30.3273482027, 1.852748836, 135642.230652, 297.137739383
0.0917391304348, 125.615226952, 127229.465395, 291.61103454, 1.51958028363, 0.296637985372, -28.9177254161, 1.86254307816, 135140.58321, 296.815587204
0.0925719063545, 124.955202308, 127043.451898, 291.492390046, 1.51797943379, 0.291097441352, -27.4965067311, 1.87249082199, 134646.061236, 296.497634491
0.0934046822742, 124.121606425, 126863.663778, 291.378012596, 1.5164318063, 0.285451633893, -26.0653975813, 1.8826693262, 134160.111854, 296.18492925
0.094237458194, 123.116187177, 126690.855369, 291.268473981, 1.5149437607, 0.279706913602, -24.626849918, 1.89325311865, 133684.139528, 295.878511256
0.0950702341137, 121.942476382, 126526.261925, 291.164529349, 1.51352637578, 0.273870946991, -23.1851004953, 1.90392467721, 133220.035189, 295.579598154
0.0959030100334, 120.609785747, 126370.625068, 291.066668035, 1.51218627869, 0.267957991585, -21.7435247905, 1.91460026232, 132769.424826, 295.289309206
0.0967357859532, 119.134911418, 126224.648781, 290.975483001, 1.51092902608, 0.261994388195, -20.3082845916, 1.92565914639, 132334.346375, 295.009163561
0.0975685618729, 117.537605411, 126089.032341, 290.891347376, 1.50976108962, 0.256016436277, -18.886620373, 1.9367914015, 131917.134001, 294.740660036
0.0984013377926, 115.841881364, 125964.04871, 290.814412968, 1.50868474486, 0.250072008874, -17.4874124527, 1.94796116268, 131520.022207, 294.485304719
0.0992341137124, 114.078187091, 125849.43952, 290.74448338, 1.50769757477, 0.244216212196, -16.1187366908, 1.95922664658, 131144.767335, 294.244291452
0.100066889632, 112.28197712, 125744.612238, 290.681085941, 1.50679441548, 0.238512232113, -14.7893662112, 1.97049513648, 130792.912417, 294.018609888
0.100899665552, 110.490883866, 125648.551866, 290.623470243, 1.50596643434, 0.233028883147, -13.5061702238, 1.98171449484, 130465.554732, 293.808950169
0.101732441472, 108.732794895, 125560.977042, 290.571501631, 1.50521035839, 0.227824632762, -12.2811010086, 1.99329654716, 130163.950636, 293.616211469
0.102565217391, 107.021749895, 125482.468996, 290.525435918, 1.50453107993, 0.222943320608, -11.1295416973, 2.00502138106, 129889.544811, 293.44122947
0.103397993311, 105.37168817, 125413.769635, 290.485673423, 1.50393492725, 0.21841446884, -10.0653338761, 2.01677455122, 129643.31726, 293.284571427
0.104230769231, 103.792821436, 125355.927469, 290.452906688, 1.50343044975, 0.21425427346, -9.10541653763, 2.02871422815, 129426.056486, 293.146764184
0.105063545151, 102.29509821, 125309.741098, 290.427633064, 1.50302428073, 0.210463785305, -8.26192572334, 2.04085082808, 129237.831849, 293.027833347
0.10589632107, 100.884833756, 125275.964852, 290.410432776, 1.50272232706, 0.207036503035, -7.546261433, 2.05353553866, 129078.473311, 292.927755318
0.10672909699, 99.5662484625, 125255.409988, 290.401662301, 1.50253245897, 0.203958554894, -6.9661287439, 2.06615814477, 128947.71173, 292.846175273
0.10756187291, 98.3373663272, 125249.443407, 290.402354854, 1.50246576834, 0.201199621765, -6.5291956056, 2.07916487367, 128845.410135, 292.783121695
0.108394648829, 97.1774946381, 125261.055614, 290.414331588, 1.50254879677, 0.19869394935, -6.24200321495, 2.09197539502, 128771.961905, 292.738666584
0.109227424749, 96.0530343273, 125292.436058, 290.439404318, 1.50279884656, 0.196347951773, -6.10512606239, 2.10572782736, 128726.042376, 292.712266172
0.110060200669, 94.9350731515, 125345.929048, 290.478783105, 1.50323819068, 0.194045877315, -6.10317804908, 2.11908440143, 128705.716301, 292.70224234
0.110892976589, 93.7568631968, 125424.163761, 290.534477096, 1.5038885223, 0.191637168105, -6.22024671943, 2.1327907597, 128708.01362, 292.706816123
0.111725752508, 92.4060592433, 125532.002443, 290.609355481, 1.50479358772, 0.188889942392, -6.43124649669, 2.14542115427, 128728.917677, 292.722845337
0.112558528428, 90.7051375616, 125672.16016, 290.706843925, 1.50596750149, 0.185497004409, -6.72409496507, 2.16238296997, 128758.362334, 292.745237175
0.113391304348, 88.1747272433, 125807.550853, 290.793037001, 1.50714047835, 0.181415731778, -6.9080560156, 2.15130630381, 128756.241196, 292.738831007
0.114224080268, 83.858358531, 125900.819599, 290.869192017, 1.50786045569, 0.177690745977, -7.28303268362, 2.2007163006, 128725.973071, 292.732828414
0.115056856187, 83.8626452258, 125980.13684, 290.937174321, 1.50845551289, 0.174597240139, -7.44407533241, 2.2534473183, 128705.22935, 292.734493811
0.115889632107, 83.8535331237, 126051.206116, 290.992579422, 1.50901781969, 0.171874885372, -7.56082426137, 2.28265374812, 128688.535503, 292.731694467
0.116722408027, 83.8249560215, 126106.084148, 291.03494543, 1.50945553922, 0.169864319534, -7.61512799249, 2.304279554, 128679.100945, 292.731316404
0.117555183946, 83.8415107248, 126142.379739, 291.06560003, 1.50973233164, 0.168535346238, -7.64988354734, 2.32786104881, 128673.231105, 292.733875606
0.118387959866, 83.8500590644, 126164.429903, 291.084559509, 1.50989933381, 0.167643888193, -7.65495479806, 2.34342527106, 128667.725125, 292.734449943
0.119220735786, 83.8500921055, 126179.640715, 291.097503893, 1.51001540277, 0.167048991161, -7.66521467445, 2.35379381106, 128664.716352, 292.735201342
0.120053511706, 83.848847714, 126189.149404, 291.106582578, 1.51008305234, 0.166640620671, -7.67798357906, 2.3637703261, 128661.940021, 292.736050877
0.120886287625, 83.8483660706, 126196.302561, 291.113626345, 1.51013291206, 0.166334662909, -7.68869170076, 2.37212264683, 128659.992515, 292.736987961
0.121719063545, 83.8479005625, 126202.55385, 291.120117913, 1.51017473496, 0.166070118342, -7.68890975311, 2.38070158196, 128658.226636, 292.738103082
0.122551839465, 83.8481178091, 126209.436186, 291.12598807, 1.51022717044, 0.165810754449, -7.66298485412, 2.38579143265, 128656.853152, 292.738443247
0.123384615385, 83.8447329092, 126216.724263, 291.132335794, 1.51028168793, 0.165566226117, -7.62494529878, 2.39167315092, 128655.879777, 292.73927819
0.124217391304, 83.8497333217, 126222.848255, 291.137222643, 1.51032932483, 0.165403924709, -7.58400844027, 2.39519110124, 128655.480091, 292.739847059
0.125050167224, 83.833579851, 126220.727844, 291.111152807, 1.51043100438, 0.164777039431, -7.57092383726, 2.31136821582, 128632.594224, 292.700439589
0.125882943144, 83.827817961, 126224.742016, 291.111970163, 1.51047480943, 0.16476100334, -7.57523714077, 2.30505553527, 128635.888468, 292.70074185
0.126715719064, 83.8302373591, 126224.383157, 291.111780323, 1.51047129674, 0.164799349211, -7.57519607405, 2.30529153438, 128636.427125, 292.701165718
0.127548494983, 83.8315758731, 126221.776013, 291.110481018, 1.51044646716, 0.164887909617, -7.57179259916, 2.30687403877, 128636.368339, 292.701614386
0.128381270903, 83.831525806, 126217.347313, 291.107775465, 1.51040695676, 0.165037137126, -7.56497504144, 2.30780062299, 128636.530189, 292.702040526
0.129214046823, 83.8309838064, 126209.935386, 291.103002287, 1.51034228463, 0.165274047432, -7.55416315911, 2.30844173972, 128636.689736, 292.702417414
0.130046822742, 83.8303116049, 126198.090749, 291.095238122, 1.51023986244, 0.165637719562, -7.53759542162, 2.3089175968, 128636.761961, 292.702741782
0.130879598662, 83.8304010618, 126179.62006, 291.083166158, 1.5100802403, 0.166188205173, -7.51398506131, 2.30967531761, 128636.602524, 292.703074375
0.131712374582, 83.8283915381, 126151.83572, 291.064872023, 1.5098411844, 0.167010084399, -7.48206159133, 2.31024527016, 128636.38942, 292.703423278
0.132545150502, 83.8258065622, 126109.183735, 291.036979037, 1.50947371801, 0.168257266738, -7.43845016558, 2.31158374127, 128635.449404, 292.703679281
0.133377926421, 83.8234569701, 126044.962766, 290.994176368, 1.50892547281, 0.170199262671, -7.3830579406, 2.31053429411, 128635.07153, 292.703834306
0.134210702341, 83.8264549726, 125943.309566, 290.92684492, 1.50805707167, 0.173402743341, -7.30314014108, 2.30979350149, 128633.911351, 292.703904431
0.135043478261, 85.0894422049, 125776.686454, 290.817151103, 1.50663312327, 0.179282912592, -7.10883733199, 2.30987080467, 128631.368319, 292.703806776
0.135876254181, 90.4487443141, 125568.094788, 290.681050635, 1.50484272988, 0.18617201473, -6.9991916493, 2.31467790026, 128626.093834, 292.703847089
0.1367090301, 93.7277946525, 125363.718613, 290.547180191, 1.50308713907, 0.192322650973, -7.05753740387, 2.31898921402, 128620.535256, 292.703855358
0.13754180602, 96.5565503861, 125160.831035, 290.413880131, 1.50134312727, 0.198121948568, -7.22130376943, 2.32298116827, 128614.659869, 292.703822587
0.13837458194, 99.1621896581, 124955.626455, 290.278847289, 1.49957722789, 0.20375058439, -7.4728445497, 2.32732625553, 128608.187263, 292.703792535
0.13920735786, 101.634826166, 124744.730468, 290.139931163, 1.49775996692, 0.209321292833, -7.80634684641, 2.33237541679, 128600.826037, 292.703737731
0.140040133779, 104.019662263, 124525.588791, 289.995164583, 1.49587041322, 0.214915083435, -8.22179691564, 2.33732290853, 128592.805415, 292.70365349
0.140872909699, 106.340035345, 124296.578424, 289.842935679, 1.49389690637, 0.220585935211, -8.72113767234, 2.34050363922, 128584.719202, 292.703531814
0.141705685619, 108.607230965, 124054.661016, 289.68169741, 1.49181008227, 0.226376526042, -9.30327053632, 2.34382890339, 128575.550085, 292.703377644
0.142538461538, 110.814872525, 123797.678391, 289.510235642, 1.48958925811, 0.232308155233, -9.97150989105, 2.3484477617, 128564.5465, 292.703161808
0.143371237458, 112.945719905, 123524.892125, 289.32793256, 1.48722751941, 0.238382404728, -10.7332215891, 2.35435599211, 128551.555483, 292.702903456
0.144204013378, 114.979518244, 123236.747358, 289.134526334, 1.48473043383, 0.24459297228, -11.5939580167, 2.35998180035, 128537.110808, 292.702601026
0.145036789298, 116.903291394, 122931.167401, 288.929229311, 1.48207573764, 0.250954369277, -12.5575713426, 2.36791975156, 128519.847097, 292.70225516
0.145869565217, 118.710689965, 122608.802247, 288.711739089, 1.47927175114, 0.257474612116, -13.6295673069, 2.37597827916, 128500.641606, 292.701899002
0.146702341137, 120.405280221, 122270.165649, 288.481929066, 1.47632448881, 0.264161836137, -14.8092354661, 2.38281300782, 128479.877786, 292.701467437
0.147535117057, 121.994401749, 121914.637979, 288.240102379, 1.47322425524, 0.271017161008, -16.0853783468, 2.39118545643, 128456.31389, 292.700993197
0.148367892977, 123.475577657, 121543.845226, 287.987481176, 1.46998427988, 0.278016684983, -17.4488070298, 2.4016057717, 128429.800239, 292.700491304
0.149200668896, 124.840238142, 121160.605553, 287.72568283, 1.46663062933, 0.285128329622, -18.8901205122, 2.41297531311, 128400.950907, 292.699951694
0.150033444816, 126.080287396, 120766.734629, 287.456114192, 1.46317861061, 0.292328639472, -20.3988709904, 2.42574988642, 128369.734693, 292.699371035
0.150866220736, 127.191246483, 120363.564933, 287.179520943, 1.45964121806, 0.299610453207, -21.9658829327, 2.4391381836, 128336.640901, 292.698752918
0.151698996656, 128.174322409, 119949.840421, 286.895048064, 1.45600730456, 0.306999137964, -23.5802262642, 2.45321898961, 128301.552228, 292.698102105
0.152531772575, 129.033625552, 119521.993576, 286.600175558, 1.45224509487, 0.3145502029, -25.2335262075, 2.4681741933, 128264.028944, 292.697419296
0.153364548495, 129.770008902, 119076.21926, 286.29217393, 1.44832040442, 0.322320022256, -26.9238654616, 2.48425558349, 128223.522221, 292.69669771
0.154197324415, 130.381577286, 118610.336241, 285.969372815, 1.44421388653, 0.330342168851, -28.6478424878, 2.50129851218, 128179.811926, 292.695943049
0.155030100334, 130.864185335, 118121.772556, 285.630048555, 1.43990158663, 0.338648396925, -30.4010326381, 2.5199939221, 128132.255045, 292.6951473
0.155862876254, 131.21216581, 117607.887169, 285.272086578, 1.4353600494, 0.347276127569, -32.1799544763, 2.53998530117, 128080.593586, 292.694321586
0.156695652174, 131.41857781, 117065.736607, 284.893246096, 1.43056250308, 0.356263363068, -33.9813621748, 2.56138826293, 128024.301448, 292.69346462
0.157528428094, 131.4784428, 116491.80779, 284.490901012, 1.42547668302, 0.365654554213, -35.8019270383, 2.58448221969, 127962.682199, 292.692578153
0.158361204013, 131.387506222, 115882.76445, 284.062411813, 1.42007219247, 0.375491678934, -37.6379634727, 2.60918925656, 127895.140835, 292.691660706
0.159193979933, 131.139734424, 115235.506215, 283.605470127, 1.41431977973, 0.385808893222, -39.4850886267, 2.63608770653, 127820.82576, 292.690709293
0.160026755853, 130.728140132, 114548.374866, 283.118683866, 1.40820373103, 0.396622256993, -41.3379771218, 2.66521082998, 127739.285006, 292.689734816
0.160859531773, 130.146993979, 113820.376301, 282.601182063, 1.40171414171, 0.407936802766, -43.1894152119, 2.69672357688, 127650.088032, 292.688740075
0.161692307692, 129.393554855, 113050.843095, 282.052370981, 1.39484357259, 0.419748914826, -45.0302331006, 2.73094931548, 127552.733907, 292.687718573
0.162525083612, 128.460134617, 112240.611349, 281.472698781, 1.387598513, 0.43203316929, -46.8508359382, 2.76795104433, 127447.037897, 292.68667679
0.163357859532, 127.342685316, 111391.601666, 280.863432447, 1.37999511449, 0.444749549881, -48.6414054221, 2.80781622829, 127332.975262, 292.685622987
0.164190635452, 126.046162571, 110506.374546, 280.226291663, 1.37205583052, 0.457852427126, -50.3916391013, 2.85034985395, 127210.763925, 292.684566928
0.165023411371, 124.57438444, 109589.200459, 279.564449893, 1.36381815513, 0.471270102517, -52.0923270859, 2.89578266746, 127080.745634, 292.683509695
0.165856187291, 122.931002412, 108650.793243, 278.886254598, 1.35537914955, 0.484849674906, -53.7347140635, 2.94405853856, 126944.666841, 292.68245755
0.166688963211, 121.131567415, 107705.326909, 278.202736122, 1.34686862188, 0.498398642869, -55.3082848439, 2.99475153974, 126805.264631, 292.681418418
0.16752173913, 119.209986008, 106764.927202, 277.523222362, 1.33839747183, 0.511752926987, -56.8019882619, 3.0475979176, 126664.824596, 292.680418587
0.16835451505, 117.211775567, 105833.988695, 276.850489385, 1.33000594211, 0.524852710762, -58.2079520109, 3.10180700293, 126524.163904, 292.679493905
0.16918729097, 115.154354496, 104911.82233, 276.183686632, 1.3216844732, 0.537689653142, -59.5256256062, 3.15830598386, 126382.139774, 292.678674528
0.17002006689, 113.046666451, 104000.569238, 275.524266774, 1.31344942544, 0.550220030776, -60.7569688997, 3.21783646102, 126238.07292, 292.677923213
0.170852842809, 110.922207571, 103100.436277, 274.871688538, 1.30530331829, 0.562452386549, -61.9027138946, 3.27906415924, 126092.102599, 292.677227583
0.171685618729, 108.848871089, 102208.121856, 274.223470837, 1.29721370621, 0.574432829312, -62.9550122306, 3.34331660191, 125942.818688, 292.676557046
0.172518394649, 106.854080026, 101328.784233, 273.583651137, 1.28922291363, 0.586074736427, -63.9058308129, 3.41223045905, 125789.691365, 292.675864333
0.173351170569, 104.932491144, 100483.858766, 272.968570485, 1.28152277369, 0.597082864233, -64.7493779292, 3.48607491089, 125635.54367, 292.675119996
0.174183946488, 103.060161005, 99710.1917801, 272.406718764, 1.27444485355, 0.60696538066, -65.4805465319, 3.56580745067, 125485.833977, 292.674286536
0.175016722408, 101.258771779, 99063.9466169, 271.942794198, 1.26848983266, 0.614980481471, -66.0883441137, 3.65801561837, 125347.565746, 292.673307835
0.175849498328, 99.4652513461, 98617.6335124, 271.62908255, 1.26433113066, 0.620290491635, -66.5868348442, 3.75217897784, 125237.96948, 292.672246152
0.176682274247, 97.5009333592, 98432.5247384, 271.507665465, 1.26256696184, 0.622337070295, -67.0314763776, 3.82525460129, 125181.102834, 292.67173934
0.177515050167, 94.9379220744, 98555.4532908, 271.680520546, 1.2633501469, 0.619562167423, -67.5065178704, 4.10506405032, 125101.51602, 292.668892009
0.178347826087, 90.5787238314, 98772.478538, 271.781055147, 1.26565015396, 0.617434380921, -68.4505196674, 3.84886015382, 125229.072072, 292.663412138
0.179180602007, 83.8880341375, 98766.7534708, 271.893060632, 1.2650380416, 0.614384929569, -69.4292078383, 4.24132911706, 125051.968948, 292.655896566
0.180013377926, 83.8439824255, 98905.7893593, 272.0662782, 1.26600006838, 0.611698954472, -70.0214804213, 4.45956713349, 124986.303468, 292.655820929
0.180846153846, 83.8071735618, 99064.9416861, 272.235101085, 1.26727048496, 0.60979027149, -70.2925628604, 4.62956261364, 124963.59344, 292.657510006
0.181678929766, 83.8008783187, 99169.9926009, 272.351627967, 1.26810194895, 0.608605189085, -70.4188825222, 4.76395976421, 124950.713026, 292.662395868
0.182511705686, 83.8063422961, 99234.9811658, 272.427702417, 1.26860582291, 0.607852395943, -70.4850383913, 4.86145518588, 124940.938245, 292.666892886
0.183344481605, 83.8103492943, 99276.3009556, 272.475697514, 1.26893154959, 0.607385062511, -70.5258296097, 4.92095904463, 124936.408801, 292.670159049
0.184177257525, 83.8161617721, 99305.4719792, 272.50043198, 1.26920472289, 0.607190850143, -70.5564201665, 4.92802872509, 124945.893316, 292.672529566
0.185010033445, 83.825200227, 99328.3289711, 272.509031359, 1.26946827054, 0.60719476462, -70.5816531238, 4.8929185498, 124967.689207, 292.674134942
0.185842809365, 83.8345531808, 99347.0710585, 272.512496942, 1.26970076194, 0.607244597285, -70.6006775373, 4.85061064672, 124990.2256, 292.675148843
0.186675585284, 83.8395573165, 99361.1500854, 272.518684269, 1.26985871249, 0.607225109344, -70.6121040213, 4.83181580677, 125002.497963, 292.675937589
0.187508361204, 83.8430238738, 99369.9479548, 272.527518225, 1.26993414879, 0.60714140234, -70.6160944301, 4.83762795973, 125004.126408, 292.676896403
0.188341137124, 83.8442075962, 99374.8100966, 272.536479147, 1.26995613578, 0.607036890189, -70.6157168644, 4.8546084837, 125000.389823, 292.678138104
0.189173913043, 83.8438876036, 99377.2983487, 272.543910949, 1.2699532518, 0.606941163495, -70.6134715216, 4.87221649835, 124995.48802, 292.679500481
0.190006688963, 83.8431793929, 99378.7569833, 272.549492079, 1.26994515435, 0.606865094674, -70.6109478059, 4.88568122208, 124991.639832, 292.680878706
0.190839464883, 83.8419371726, 99380.3595083, 272.55411692, 1.26994341124, 0.606800082704, -70.6089922851, 4.89526041661, 124989.191265, 292.682198409
0.191672240803, 83.8403384102, 99382.7355687, 272.558713119, 1.26995238803, 0.606736289129, -70.6078072485, 4.90280246724, 124987.795447, 292.68346149
0.192505016722, 83.8389372717, 99386.1989158, 272.563747281, 1.26997408775, 0.606669136289, -70.6072675095, 4.90925807756, 124987.25159, 292.684659277
0.193337792642, 83.8380390689, 99390.8035346, 272.569256262, 1.27000903046, 0.606598822817, -70.6071709389, 4.9146572615, 124987.541186, 292.685771506
0.194170568562, 83.837644892, 99396.3708366, 272.575070788, 1.27005544941, 0.606527365763, -70.6072840183, 4.9188714517, 124988.577751, 292.686766001
0.195003344482, 83.8375931694, 99402.5646441, 272.580909448, 1.27011011189, 0.6064581322, -70.6073926985, 4.92178079642, 124990.267192, 292.687653365
0.195836120401, 83.8376037609, 99409.0495858, 272.586867753, 1.27016807548, 0.606388622833, -70.6071673579, 4.92458867646, 124992.06783, 292.688474558
0.196668896321, 83.8370905435, 99415.5232881, 272.59298682, 1.27022506436, 0.606316892672, -70.606420829, 4.92820487348, 124993.550993, 292.689274582
0.197501672241, 83.8361596747, 99421.7205989, 272.599077846, 1.27027835693, 0.606245037336, -70.6050475334, 4.93257121335, 124994.651289, 292.690077146
0.198334448161, 83.8352998074, 99427.5335167, 272.60468491, 1.27032863478, 0.606178758893, -70.6030833789, 4.93623326333, 124995.783585, 292.690840186
0.19916722408, 83.8352765628, 99432.9574059, 272.609298158, 1.27037815067, 0.606124617072, -70.6006608787, 4.93728052082, 124997.524448, 292.691479587
0.2, 83.8358543655, 99438.0792964, 272.613614807, 1.2704249701, 0.606073050384, -70.5977053933, 4.93809631725, 124999.129902, 292.69203308
