X, P, T, M, alpha, eta, rhou_x, Vx, P_tot, T_tot
-0.06, 152011.087794, 306.291087218, 0.167023099833, -1.92643026432e-09, 0.000205772509292, 101.312262129, 58.5992410642, 154979.523204, 307.999995322
-0.0591638795987, 152011.075191, 306.291087504, 0.167023087221, -1.73782840287e-09, 0.000230535494607, 101.312221399, 58.5992324266, 154979.510467, 307.999995693
-0.0583277591973, 152011.062588, 306.291087789, 0.167023074609, -1.54922638977e-09, 0.000255298499833, 101.31218067, 58.5992237889, 154979.49773, 307.999996064
-0.057491638796, 152011.049985, 306.291088074, 0.167023061997, -1.36062422503e-09, 0.00028006152497, 101.312139941, 58.5992151513, 154979.484993, 307.999996435
-0.0566555183946, 152011.043517, 306.291087273, 0.167023096256, -1.2451895102e-09, 0.000289683067151, 101.312124879, 58.5992212513, 154979.480272, 307.999996731
-0.0558193979933, 152011.055639, 306.291083179, 0.167023272544, -1.35147016944e-09, 0.000253422232303, 101.312187594, 58.59927201, 154979.499839, 307.999996797
-0.054983277592, 152011.06776, 306.291079086, 0.167023448831, -1.45775069709e-09, 0.000217161442349, 101.31225031, 58.5993227687, 154979.519407, 307.999996864
-0.0541471571906, 152011.079882, 306.291074993, 0.167023625119, -1.56403109317e-09, 0.000180900697287, 101.312313025, 58.5993735273, 154979.538975, 307.99999693
-0.0533110367893, 152011.092003, 306.2910709, 0.167023801406, -1.67031135766e-09, 0.000144639997118, 101.31237574, 58.5994242859, 154979.558543, 307.999996997
-0.052474916388, 152011.104125, 306.291066806, 0.167023977692, -1.77659149057e-09, 0.000108379341842, 101.312438455, 58.5994750444, 154979.57811, 307.999997064
-0.0516387959866, 152011.116246, 306.291062713, 0.167024153979, -1.8828714919e-09, 7.21187314586e-05, 101.31250117, 58.5995258029, 154979.597678, 307.99999713
-0.0508026755853, 152011.128367, 306.29105862, 0.167024330266, -1.98915136166e-09, 3.58581659677e-05, 101.312563885, 58.5995765612, 154979.617246, 307.999997197
-0.0499665551839, 152011.140489, 306.291054526, 0.167024506552, -2.09543109983e-09, -4.02354630705e-07, 101.312626601, 58.5996273195, 154979.636813, 307.999997263
-0.0491304347826, 152011.15261, 306.291050433, 0.167024682838, -2.20171070642e-09, -3.66628303367e-05, 101.312689316, 58.5996780778, 154979.656381, 307.99999733
-0.0482943143813, 152011.133391, 306.29104666, 0.167024761753, -4.3719874828e-09, -1.26576993023e-05, 101.312638298, 58.59968879, 154979.641239, 307.999996158
-0.0474581939799, 152011.101683, 306.291043014, 0.167024801866, -7.36479045882e-09, 3.536388047e-05, 101.312541957, 58.5996835435, 154979.612264, 307.999994493
-0.0466220735786, 152011.069975, 306.291039368, 0.167024841979, -1.03575991267e-08, 8.33855515727e-05, 101.312445616, 58.599678297, 154979.583289, 307.999992827
-0.0457859531773, 152011.038267, 306.291035722, 0.167024882092, -1.33504134865e-08, 0.000131407314006, 101.312349275, 58.5996730504, 154979.554315, 307.999991162
-0.0449498327759, 152011.006559, 306.291032077, 0.167024922205, -1.63432335383e-08, 0.00017942916777, 101.312252934, 58.5996678039, 154979.52534, 307.999989497
-0.0441137123746, 152010.97485, 306.291028431, 0.167024962318, -1.9336059282e-08, 0.000227451112865, 101.312156593, 58.5996625573, 154979.496365, 307.999987831
-0.0432775919732, 152010.943142, 306.291024785, 0.167025002431, -2.23288907176e-08, 0.000275473149292, 101.312060252, 58.5996573108, 154979.46739, 307.999986166
-0.0424414715719, 152010.911433, 306.291021139, 0.167025042545, -2.53217278452e-08, 0.00032349527705, 101.311963911, 58.5996520642, 154979.438415, 307.9999845
-0.0416053511706, 152010.893903, 306.291015652, 0.167025203338, -2.57874801693e-08, 0.000338726778237, 101.311929977, 58.5996844344, 154979.428489, 307.999983639
-0.0407692307692, 152010.916364, 306.291004971, 0.167025704511, -1.91254900842e-08, 0.000261470964139, 101.312072067, 58.5998229039, 154979.47229, 307.999985046
-0.0399331103679, 152010.938825, 306.29099429, 0.167026205684, -1.2463518686e-08, 0.000184215366743, 101.312214157, 58.5999613731, 154979.516092, 307.999986452
-0.0390969899666, 152010.961286, 306.29098361, 0.167026706855, -5.8015659744e-09, 0.000106959986048, 101.312356246, 58.6000998418, 154979.559893, 307.999987859
-0.0382608695652, 152010.983747, 306.290972929, 0.167027208024, 8.60368050546e-10, 2.97048220519e-05, 101.312498336, 58.6002383102, 154979.603694, 307.999989265
-0.0374247491639, 152011.006207, 306.290962248, 0.167027709192, 7.52228338895e-09, -4.75501252455e-05, 101.312640425, 58.6003767781, 154979.647495, 307.999990672
-0.0365886287625, 152011.028668, 306.290951568, 0.167028210359, 1.41841800409e-08, -0.000124804855845, 101.312782515, 58.6005152457, 154979.691296, 307.999992078
-0.0357525083612, 152011.051129, 306.290940887, 0.167028711524, 2.08460580065e-08, -0.000202059369748, 101.312924604, 58.6006537129, 154979.735096, 307.999993484
-0.0349163879599, 152010.99687, 306.290932227, 0.167028982694, 3.35751634717e-08, -0.000127732292341, 101.312786225, 58.6006961363, 154979.694397, 307.999993365
-0.0340802675585, 152010.920628, 306.290924147, 0.167029187963, 4.80427884368e-08, -9.9716775884e-06, 101.312567483, 58.60071104, 154979.629486, 307.999992808
-0.0332441471572, 152010.844386, 306.290916067, 0.167029393232, 6.25104758758e-08, 0.000107789445677, 101.31234874, 58.6007259438, 154979.564574, 307.999992251
-0.0324080267559, 152010.768143, 306.290907986, 0.167029598503, 7.6978225789e-08, 0.000225551077457, 101.312129997, 58.6007408477, 154979.499662, 307.999991694
-0.0315719063545, 152010.6919, 306.290899906, 0.167029803774, 9.14460381769e-08, 0.000343313217756, 101.311911254, 58.6007557517, 154979.43475, 307.999991137
-0.0307357859532, 152010.615657, 306.290891825, 0.167030009047, 1.0591391304e-07, 0.000461075866577, 101.311692512, 58.6007706557, 154979.369837, 307.99999058
-0.0298996655518, 152010.558197, 306.29088015, 0.167030377638, 9.93496202235e-08, 0.000531612680238, 101.311560363, 58.6008370979, 154979.330326, 307.999990024
-0.0290635451505, 152010.598277, 306.290849808, 0.167031594307, -1.64308456137e-08, 0.000356912361806, 101.311877881, 58.6011711671, 154979.422726, 307.999989472
-0.0282274247492, 152010.638356, 306.290819466, 0.167032810968, -1.32210585726e-07, 0.000182213138414, 101.312195399, 58.6015052342, 154979.515124, 307.99998892
-0.0273913043478, 152010.678435, 306.290789124, 0.167034027621, -2.47989600121e-07, 7.51501005328e-06, 101.312512917, 58.6018392992, 154979.607522, 307.999988368
-0.0265551839465, 152010.718514, 306.290758782, 0.167035244266, -3.63767888805e-07, -0.000167182023288, 101.312830435, 58.6021733621, 154979.69992, 307.999987817
-0.0257190635452, 152010.758592, 306.290728441, 0.167036460904, -4.79545451785e-07, -0.000341877961619, 101.313147953, 58.6025074229, 154979.792317, 307.999987265
-0.0248829431438, 152010.732436, 306.290702277, 0.167037452862, -5.04219435562e-07, -0.000377750445348, 101.313211001, 58.6027506464, 154979.81069, 307.999987225
-0.0240468227425, 152010.568038, 306.290684833, 0.167037975891, -3.38744688134e-07, -0.0001238746374, 101.312742928, 58.6028042805, 154979.674562, 307.999988252
-0.0232107023411, 152010.403638, 306.290667389, 0.167038498924, -1.73268411684e-07, 0.000130003516414, 101.312274854, 58.6028579152, 154979.538432, 307.999989279
-0.0223745819398, 152010.239236, 306.290649945, 0.167039021962, -7.79060619042e-09, 0.000383884016127, 101.311806781, 58.6029115503, 154979.402302, 307.999990306
-0.0215384615385, 152010.074833, 306.2906325, 0.167039545005, 1.57688728367e-07, 0.000637766861771, 101.311338707, 58.602965186, 154979.26617, 307.999991333
-0.0207023411371, 152009.955997, 306.290606569, 0.167040439307, 4.53637563315e-07, 0.000777850471961, 101.311079744, 58.6031372772, 154979.190463, 307.999991898
-0.0198662207358, 152010.040505, 306.290542768, 0.167042990264, 1.33177786582e-06, 0.000410111955672, 101.311753909, 58.6038379546, 154979.384402, 307.999990406
-0.0190301003344, 152010.125012, 306.290478967, 0.167045541188, 2.20990648148e-06, 4.2378333481e-05, 101.312428074, 58.6045386228, 154979.578338, 307.999988914
-0.0181939799331, 152010.209518, 306.290415168, 0.167048092077, 3.08802341052e-06, -0.000325350394709, 101.313102239, 58.6052392816, 154979.772272, 307.999987422
-0.0173578595318, 152010.294023, 306.290351369, 0.167050642933, 3.96612865317e-06, -0.000693074228997, 101.313776404, 58.6059399311, 154979.966203, 307.99998593
-0.0165217391304, 152010.10066, 306.290308458, 0.167052094214, 9.93833710266e-07, -0.000467530800327, 101.313351012, 58.6062188874, 154979.842873, 307.999986022
-0.0156856187291, 152009.767563, 306.290276051, 0.167052992584, -3.91476878897e-06, 5.63529150564e-05, 101.31237269, 58.6062857931, 154979.559999, 307.99998691
-0.0148494983278, 152009.434459, 306.290243643, 0.167053890971, -8.82346608885e-06, 0.000580246748291, 101.311394369, 58.6063527001, 154979.277121, 307.999987798
-0.0140133779264, 152009.101349, 306.290211235, 0.167054789375, -1.37322581921e-05, 0.00110415069967, 101.310416047, 58.6064196084, 154978.994237, 307.999988687
-0.0131772575251, 152009.139707, 306.290122956, 0.167058409102, -1.11512751e-05, 0.000743988726446, 101.311105961, 58.6073746843, 154979.190388, 307.999991351
-0.0123411371237, 152009.333789, 306.290011258, 0.167063169535, -5.43056671362e-06, 1.32265450701e-05, 101.312495227, 58.6087020629, 154979.58735, 307.999994759
-0.0115050167224, 152009.527865, 306.289899563, 0.167067929837, 2.89984782484e-07, -0.000717515595169, 101.313884492, 58.610029405, 154979.984301, 307.999998168
-0.0106688963211, 152009.523321, 306.289803125, 0.167071791966, 1.49783024987e-05, -0.00102320516108, 101.314465915, 58.6110252942, 154980.149581, 308.000000161
-0.00983277591973, 152008.893322, 306.289754718, 0.167072826139, 5.79075227496e-05, 9.56232223147e-06, 101.312503444, 58.6109775398, 154979.585347, 307.999997699
-0.00899665551839, 152008.263298, 306.28970631, 0.167073860351, 0.00010083840615, 0.00104236981669, 101.310540974, 58.6109297837, 154979.02109, 307.999995236
-0.00816053511706, 152007.865115, 306.289626547, 0.16707646045, 8.17389200969e-05, 0.00153486362421, 101.309610519, 58.6114055324, 154978.749849, 307.999993987
-0.00732441471572, 152008.28472, 306.289436202, 0.167084583209, -0.000156145929963, 0.000121532431131, 101.312320094, 58.6137276705, 154979.512151, 307.999997015
-0.00648829431438, 152008.704303, 306.289245869, 0.167092705534, -0.000394018056011, -0.00129172316553, 101.315029669, 58.6160496843, 154980.274411, 308.000000044
-0.00565217391304, 152008.210001, 306.289139211, 0.167096285575, -0.000267073258399, -0.00070451864921, 101.313935764, 58.6167256765, 154979.95251, 307.999999362
-0.00481605351171, 152007.095758, 306.289089303, 0.167096784825, 0.000107342163088, 0.00123967280826, 101.310261961, 58.6162852072, 154978.895182, 307.999996163
-0.00397993311037, 152006.575218, 306.288943476, 0.167102000309, 0.000894614068723, 0.00174804331883, 101.309741687, 58.6174614002, 154978.612639, 307.999994369
-0.00314381270903, 152007.30272, 306.288596065, 0.167117128018, 0.00254952795659, -0.000761721562072, 101.315850112, 58.622035499, 154979.958718, 307.999995528
-0.00230769230769, 152001.607064, 306.288277163, 0.167130720526, -0.000923964479684, 0.00895499759198, 101.316487739, 58.6260208689, 154974.706569, 307.999996342
-0.00147157190635, 151984.559212, 306.288008545, 0.167141604167, -0.0134610101791, 0.0402802947592, 101.307458009, 58.6289670617, 154957.792982, 307.999996547
-0.000635451505017, 151930.570765, 306.238673217, 0.169529724224, 0.0061405574332, -0.0195742966778, 102.705490124, 59.4612625963, 154988.868918, 307.99999322
0.000200668896321, 151817.438957, 306.165350089, 0.173052352992, 0.0336250704587, -0.0462352038095, 104.785840941, 60.6892855966, 155001.399661, 307.999990448
0.00103678929766, 151572.359119, 306.085394855, 0.176811358607, 0.0406566360654, 0.155095713328, 106.908570558, 61.9995052255, 154890.614068, 307.999994204
0.001872909699, 151369.372528, 305.896168361, 0.18528015932, 0.204185564289, -0.0816109196531, 111.764111557, 64.9480511697, 155012.893969, 307.999998544
0.00270903010033, 151128.589711, 305.714420378, 0.193305894517, 0.394069474579, -0.221339381049, 116.617566314, 67.7411934409, 155082.893531, 308.000001159
0.00354515050167, 150698.50119, 305.59736226, 0.19822150788, 0.58789637313, 0.21222831484, 119.249599579, 69.4489144682, 154844.987496, 307.999998734
0.00438127090301, 150487.243046, 305.478103953, 0.203118992436, 0.84210199989, 0.222038553116, 122.035820015, 71.1465958986, 154835.528747, 307.9999973
0.00521739130435, 150488.006788, 305.356984118, 0.207988049014, 1.15411214789, -0.177835423526, 124.981790034, 72.8307925023, 155046.939694, 307.999996827
0.00605351170569, 150241.026747, 305.21061507, 0.213677761124, 1.55384699356, -0.186968810111, 128.1573017, 74.7910346531, 155046.138918, 307.99999606
0.00688963210702, 149800.381535, 305.045900117, 0.21995304858, 2.01857146294, 0.113924002878, 131.529040355, 76.9477153175, 154877.02867, 307.999995069
0.00772575250836, 149474.237473, 304.899859065, 0.225447726874, 2.53750813928, 0.257281863591, 134.585273413, 78.8225319562, 154793.542023, 307.999994773
0.0085618729097, 149380.485132, 304.784324949, 0.229618563704, 3.22009292963, 0.0565905656822, 136.881133199, 80.2106364562, 154896.609997, 307.99999602
0.00939799331104, 149289.825864, 304.672602528, 0.233651796518, 3.88015792073, -0.137479536144, 139.176992986, 81.5529446902, 154996.277558, 307.999997226
0.0102341137124, 149073.101897, 304.553920838, 0.237797933514, 4.62408969334, -0.111162516953, 141.291799103, 82.8931245835, 154976.326774, 307.999998021
0.0110702341137, 148792.016847, 304.432865454, 0.241958040325, 5.40421121195, 0.0315669686598, 143.306230191, 84.21736768, 154893.254038, 307.99999859
0.0119063545151, 148518.724584, 304.315166203, 0.24600281256, 6.16270468364, 0.17033942971, 145.32066128, 85.5048975322, 154812.484405, 307.999999142
0.0127424749164, 148301.801746, 304.198770073, 0.249914788633, 7.03201991043, 0.205004947157, 147.18483671, 86.6836916431, 154787.66803, 307.999999841
0.0135785953177, 148160.896507, 304.08234024, 0.253702369063, 8.07162153866, 0.0933911495264, 148.828918171, 87.728075667, 154841.371392, 308.000000756
0.0144147157191, 148023.070354, 303.968454653, 0.257407182607, 9.08850560602, -0.01578364342, 150.472999632, 88.7496376241, 154893.901219, 308.000001652
0.0152508361204, 147888.223452, 303.857030816, 0.2610319129, 10.0834087067, -0.122598513973, 152.117081092, 89.7491174974, 154945.29556, 308.000002528
0.0160869565217, 147717.354669, 303.733567285, 0.264946662332, 11.2772571942, -0.198712230552, 153.61772292, 90.6851239499, 154979.047674, 308.00000304
0.0169230769231, 147455.599319, 303.577442297, 0.269680562574, 12.9816749638, -0.204997476929, 154.770209049, 91.5035672043, 154972.329523, 308.000002711
0.0177591973244, 147197.713442, 303.423625271, 0.274344482568, 14.6608966858, -0.211189809836, 155.922695177, 92.3099115849, 154965.710685, 308.000002388
0.0185953177258, 146943.611867, 303.272065407, 0.278939962685, 16.3154769625, -0.217291274439, 157.075181305, 93.1044234061, 154959.188973, 308.000002069
0.0194314381271, 146693.211902, 303.122713381, 0.283468498415, 17.9459542381, -0.223303856313, 158.227667433, 93.887361223, 154952.762266, 308.000001754
0.0202675585284, 146441.329348, 302.971595049, 0.288003414832, 19.5885430979, -0.231850874401, 159.253300649, 94.5889761934, 154947.350941, 308.000001458
0.0211036789298, 146146.006005, 302.786808368, 0.293144250805, 21.5356137082, -0.263420047171, 159.163939972, 94.6703527014, 154950.090376, 308.000001286
0.0219397993311, 145850.350864, 302.601814078, 0.298290862542, 23.4848718654, -0.295024688118, 159.074579294, 94.7518206364, 154952.832888, 308.000001114
0.0227759197324, 145554.363366, 302.416611828, 0.303443259782, 25.4363212581, -0.326664857048, 158.985218617, 94.8333801527, 154955.578483, 308.000000941
0.0236120401338, 145258.042951, 302.231201269, 0.308601452285, 27.3899655833, -0.358340613904, 158.895857939, 94.9150314047, 154958.327167, 308.000000768
0.0244481605351, 144961.389055, 302.045582048, 0.313765449836, 29.3458085463, -0.39005201876, 158.806497262, 94.9967745472, 154961.078944, 308.000000595
0.0252842809365, 144570.600911, 301.817390517, 0.319775347641, 31.3240979928, -0.372469921163, 158.135131025, 94.7883067964, 154931.696867, 308.000000521
0.0261204013378, 144092.670804, 301.549233691, 0.326595269716, 33.3435079863, -0.311274265625, 156.957317046, 94.3219357717, 154873.690252, 308.000000534
0.0269565217391, 143607.513651, 301.277021917, 0.333518319601, 35.3934545943, -0.24915323676, 155.779503066, 93.848512493, 154814.806488, 308.000000548
0.0277926421405, 143114.964279, 301.000662519, 0.340546854297, 37.4746357353, -0.186085685038, 154.601689087, 93.3678757802, 154755.025526, 308.000000561
0.0286287625418, 142614.852438, 300.720059975, 0.34768330318, 39.5877707588, -0.122049811481, 153.423875107, 92.8798595034, 154694.326703, 308.000000575
0.0294648829431, 142033.973154, 300.385865161, 0.355614384784, 41.4194292983, -0.0634350971723, 151.861481098, 92.2250885443, 154626.688411, 307.999999937
0.0303010033445, 141422.93251, 300.032562132, 0.363881349471, 43.2140787598, -0.00512098904651, 150.207015711, 91.5176628856, 154556.145545, 307.999999128
0.0311371237458, 140798.281254, 299.671389463, 0.372332456496, 45.0487031044, 0.0544920354999, 148.552550323, 90.7944796885, 154484.031373, 307.999998301
0.0319732441472, 140161.61631, 299.303085759, 0.380907131999, 46.8983464085, 0.115802944396, 146.840035436, 90.0260451693, 154409.746934, 307.999997684
0.0328093645485, 139530.623594, 298.935931469, 0.38895569724, 48.4976347602, 0.182930681663, 144.470792326, 88.9027480065, 154327.08439, 307.999999689
0.0336454849498, 138878.589938, 298.556534135, 0.397272648122, 50.1502526208, 0.252296845321, 142.101549216, 87.7419936297, 154241.6654, 308.000001762
0.0344816053512, 138210.315641, 298.16645221, 0.405795121051, 51.8332164491, 0.32010286014, 139.71394398, 86.5371347211, 154155.353673, 308.000003738
0.0353177257525, 137592.01605, 297.78976395, 0.413659390805, 53.2521025452, 0.340824094326, 137.098127975, 85.228236817, 154091.27592, 308.000003684
0.0361538461538, 136949.663364, 297.39842176, 0.421829596445, 54.7261861598, 0.362351426136, 134.482311971, 83.8684201558, 154024.705414, 308.000003628
0.0369899665552, 136316.156571, 297.025209435, 0.4294770889, 56.0772070125, 0.432674924724, 131.795991285, 82.4755090034, 153932.39748, 308.000002042
0.0378260869565, 135683.456447, 296.663211957, 0.436769068692, 57.3398844073, 0.544291049077, 129.054496614, 81.0406897708, 153817.739194, 307.999999166
0.0386622073579, 135064.951765, 296.29067793, 0.444187996959, 58.4914034878, 0.592990891378, 126.682737639, 79.7952315255, 153733.746594, 307.999996725
0.0394983277592, 134492.130001, 295.913968254, 0.451552462614, 59.4171878541, 0.535484668945, 124.892725139, 78.9087126927, 153703.673628, 307.999995091
0.0403344481605, 133936.320383, 295.563802356, 0.4583340032, 60.3652219554, 0.53538042226, 122.753056165, 77.7965583487, 153646.047569, 307.999993836
0.0411705685619, 133396.53327, 295.241901273, 0.464489086575, 61.3447887245, 0.601181269697, 120.232372227, 76.4183187064, 153556.422679, 307.999993008
0.0420066889632, 133241.071432, 295.208058678, 0.465160784812, 62.8080935209, 0.819664459843, 114.359356684, 72.9113277121, 153434.353425, 307.999988856
0.0428428093645, 133286.812371, 295.297783679, 0.463474079809, 64.4309492621, 1.02545105241, 107.813700651, 68.6228995602, 153340.03448, 307.999986052
0.0436789297659, 133667.095728, 295.498297939, 0.459643814691, 65.5640800945, 0.888469155616, 102.712601606, 65.2412551452, 153447.154821, 307.99999501
0.0445150501672, 133805.092924, 295.554186099, 0.458568240127, 65.9084889187, 0.782508127052, 101.280431782, 64.2350944318, 153513.147192, 307.999999569
0.0453511705686, 133822.323763, 295.555297655, 0.458538065865, 65.9489144656, 0.750019319481, 101.134456599, 64.1401781131, 153530.559225, 307.999996397
0.0461872909699, 133758.013807, 295.542250192, 0.458781494715, 65.9024927788, 0.843638965756, 101.331743258, 64.298925774, 153478.1347, 307.999980527
0.0470234113712, 133711.709464, 295.532399823, 0.458963780123, 65.871939125, 0.909612343499, 101.465409023, 64.4091675617, 153441.051649, 307.999972216
0.0478595317726, 133747.770347, 295.537144502, 0.458866828079, 65.9141601412, 0.849026335654, 101.304557683, 64.2972578192, 153474.190296, 307.999998684
0.0486956521739, 133782.189849, 295.54153553, 0.458776670898, 65.9545949773, 0.790740430022, 101.151567651, 64.1907722514, 153506.039268, 308.000025779
0.0495317725753, 133752.536823, 295.532472106, 0.458945692325, 65.9249597924, 0.823405599027, 101.285837933, 64.2951821822, 153486.988068, 308.000072633
0.0503678929766, 133722.962312, 295.52343268, 0.459114266216, 65.8954030757, 0.855984277068, 101.420108215, 64.3993156561, 153467.987311, 308.000119362
0.0512040133779, 133728.223445, 295.52555229, 0.459063070036, 65.9155652533, 0.85246655314, 101.332292166, 64.3462914261, 153469.57965, 307.999734722
0.0520401337793, 133738.448702, 295.52926313, 0.458980512704, 65.9428431046, 0.843809733588, 101.212932553, 64.2708010351, 153474.102852, 307.999287837
0.0528762541806, 133736.637302, 295.524616965, 0.459079842341, 65.9351123593, 0.831792494604, 101.262985776, 64.308528409, 153480.952319, 308.000125483
0.0537123745819, 133730.258564, 295.516808243, 0.459248008289, 65.9141037157, 0.818529114259, 101.377415942, 64.3891644563, 153488.668131, 308.001448925
0.0545484949833, 133723.664637, 295.516237948, 0.459260314615, 65.9182010128, 0.831028743002, 101.358719396, 64.3833592675, 153482.155769, 308.00163112
0.0553846153846, 133716.89077, 295.521047265, 0.459156785853, 65.9409754824, 0.86271946866, 101.241072494, 64.3132726013, 153465.045894, 308.000965416
0.056220735786, 133717.85605, 295.523233873, 0.459022878359, 65.9367145671, 0.868238259561, 101.229072221, 64.3084330278, 153454.403051, 307.995835077
0.0570568561873, 133729.389765, 295.521828003, 0.458848053349, 65.8955385075, 0.837978862448, 101.361402269, 64.3927502325, 153452.641369, 307.98462785
0.0578929765886, 133718.191334, 295.514824386, 0.459086449482, 65.8917283944, 0.83795738799, 101.41798105, 64.4355548514, 153461.047644, 307.990818427
0.05872909699, 133645.974665, 295.49276162, 0.460434300026, 65.9880415351, 0.918983574776, 101.271435916, 64.3674297262, 153496.773849, 308.043689867
0.0595652173913, 133556.687585, 295.450002315, 0.461847702955, 65.9160507356, 0.966253923912, 101.736948254, 64.7365824608, 153517.708872, 308.07784474
0.0604013377926, 133355.379072, 295.266802402, 0.463615710396, 64.6825348872, 0.776207113552, 106.664436196, 68.1106889016, 153434.64025, 307.979853755
0.061237458194, 133171.848642, 295.099781356, 0.465227580458, 63.5579540628, 0.602943836115, 111.591924137, 71.1868191415, 153358.907636, 307.890516612
0.0620735785953, 132721.250886, 294.834957322, 0.468522922271, 62.1230737288, 0.675710068517, 117.324961596, 75.273823337, 153122.631652, 307.793479563
0.0629096989967, 132247.437668, 294.56910991, 0.471930514244, 60.7295030105, 0.795512897942, 123.256590805, 79.2702675416, 152869.808076, 307.702070392
0.063745819398, 131862.677396, 294.348550321, 0.474561321549, 59.5675321235, 0.877973972114, 128.401308377, 82.5606332023, 152652.445416, 307.615517724
0.0645819397993, 131612.600453, 294.192528439, 0.475902052496, 58.7301946792, 0.891424696186, 131.604986527, 84.8212202409, 152478.519079, 307.525889915
0.0654180602007, 131374.409482, 294.043922161, 0.47717905949, 57.9326552653, 0.904236117274, 134.808664678, 86.9743632465, 152312.859332, 307.440522049
0.066254180602, 131201.717565, 293.934495402, 0.477806115244, 57.3012527756, 0.907613160567, 137.222781626, 88.5939359925, 152166.673359, 307.3599727
0.0670903010033, 131077.877423, 293.854246943, 0.477940729022, 56.7923944854, 0.90380167529, 138.999379424, 89.8170555364, 152034.341101, 307.282537488
0.0679264214047, 130957.163015, 293.776023962, 0.478071945139, 56.2963798145, 0.90008639217, 140.775977223, 91.0093034568, 151905.348919, 307.207056746
0.068762541806, 130865.892801, 293.715905902, 0.477455604892, 55.8058972108, 0.894166215859, 142.285616744, 92.0278426615, 151745.681994, 307.108993103
0.0695986622074, 130796.691057, 293.669359382, 0.476280344084, 55.3197826128, 0.886599443069, 143.588964449, 92.9159620373, 151563.143629, 306.994082262
0.0704347826087, 130728.734291, 293.623650261, 0.475126226889, 54.8424134939, 0.87916880084, 144.892312153, 93.7881036384, 151383.889233, 306.881238733
0.07127090301, 130675.083387, 293.589821207, 0.473741948921, 54.4038471489, 0.880879108951, 145.995480842, 94.5150359258, 151201.947778, 306.768436207
0.0721070234114, 130656.417809, 293.585424183, 0.4717153755, 54.0498167848, 0.906215880154, 146.571853041, 94.8933004157, 151006.648512, 306.651752596
0.0729431438127, 130637.898456, 293.581061605, 0.469704678052, 53.6985598589, 0.93135416564, 147.14822524, 95.2686016196, 150812.879202, 306.535983072
0.073779264214, 130619.523616, 293.576733069, 0.467709670748, 53.3500439083, 0.956296288683, 147.724597439, 95.6409742227, 150620.621938, 306.421116936
0.0746153846154, 130639.470955, 293.589630682, 0.464748460776, 52.9703957949, 0.955999157247, 148.083117888, 95.8500306566, 150393.882046, 306.273861202
0.0754515050167, 130678.349057, 293.611036923, 0.461310526089, 52.5754529061, 0.943231119047, 148.333128756, 95.9783424603, 150150.156459, 306.110635548
0.0762876254181, 130717.096324, 293.632371127, 0.457884160965, 52.1818391051, 0.930506048688, 148.583139625, 96.1062224608, 149907.251072, 305.947959191
0.0771237458194, 130755.713415, 293.653633657, 0.454469307101, 51.789547694, 0.917823729636, 148.833150493, 96.233672834, 149665.161754, 305.785829363
0.0779598662207, 130777.44452, 293.66795905, 0.451010392278, 51.3695085902, 0.918607464684, 149.059454396, 96.3555279991, 149406.373326, 305.618439876
0.0787959866221, 130793.048001, 293.679757574, 0.447541679134, 50.9402028654, 0.924245895027, 149.277169253, 96.4751508689, 149142.018629, 305.449448425
0.0796321070234, 130808.606035, 293.691521733, 0.444083069217, 50.5121475678, 0.929867902466, 149.49488411, 96.5944253163, 148878.433911, 305.280949191
0.0804682274247, 130824.118819, 293.703251677, 0.44063451845, 50.0853372422, 0.935473558649, 149.712598968, 96.7133528615, 148615.615812, 305.112940026
0.0813043478261, 130832.830184, 293.709632204, 0.436773185993, 49.5864314682, 0.93776173503, 149.919870634, 96.8293242153, 148317.803221, 304.921964351
0.0821404682274, 130834.438296, 293.71042575, 0.43247919591, 49.0120210254, 0.936584512043, 150.116185564, 96.9422479861, 147983.321589, 304.706924766
0.0829765886288, 130836.042207, 293.711217223, 0.428196422119, 48.4391109947, 0.935410364068, 150.312500495, 97.0548767897, 147649.713653, 304.492446884
0.0838127090301, 130837.641934, 293.712006632, 0.423924820728, 47.867695505, 0.934239279074, 150.508815425, 97.1672117805, 147316.975995, 304.278528507
0.0846488294314, 130838.585793, 293.712201229, 0.419660740674, 47.2944108951, 0.932475686054, 150.708613555, 97.281879827, 146984.322397, 304.064519837
0.0854849498328, 130793.8179, 293.670821427, 0.415161836136, 46.48806654, 0.888949392331, 151.153436563, 97.5802167933, 146598.183776, 303.806002884
0.0863210702341, 130749.312725, 293.62968446, 0.410689333171, 45.6864541722, 0.84567853026, 151.598259571, 97.8768029856, 146214.311188, 303.549003024
0.0871571906355, 130705.067962, 293.588788197, 0.406243000054, 44.8895322595, 0.802660857939, 152.04308258, 98.1716537703, 145832.684744, 303.29350694
0.0879933110368, 130661.081332, 293.548130531, 0.401822607766, 44.0972597543, 0.759894159626, 152.487905588, 98.4647843345, 145453.284788, 303.039501474
0.0888294314381, 130606.359621, 293.511733856, 0.396145422564, 43.1954425763, 0.755416842308, 152.480243451, 98.4770808936, 144984.647169, 302.739915545
0.0896655518395, 130538.205289, 293.480048987, 0.388903412802, 42.1528910299, 0.796720760282, 151.931394579, 98.153375224, 144404.201322, 302.38257835
0.0905016722408, 130469.556759, 293.448134367, 0.381608890132, 41.1027797845, 0.838324179216, 151.382545707, 97.8273223156, 143819.546574, 302.02265005
0.0913377926421, 130400.408637, 293.415987486, 0.374261281306, 40.0450263162, 0.880230368553, 150.833696834, 97.4988965452, 143230.63698, 301.660102358
0.0921739130435, 130330.755449, 293.383605802, 0.366860004703, 38.9795468953, 0.922442645496, 150.284847962, 97.1680719154, 142637.425923, 301.294906576
0.0930100334448, 130265.138127, 293.333589274, 0.358932350771, 37.7972002438, 0.895578463027, 149.069550648, 96.4256013389, 142061.015672, 300.918605899
0.0938461538462, 130198.612892, 293.282042275, 0.350853958856, 36.590819259, 0.865479370544, 147.827812168, 95.6543449132, 141475.874882, 300.535712072
0.0946822742475, 130130.960581, 293.229621962, 0.342638701959, 35.3639996384, 0.834870336012, 146.586073687, 94.8700217785, 140880.820573, 300.146331217
0.0955183946488, 130062.152304, 293.176305951, 0.334283072193, 34.1162175341, 0.803738289476, 145.344335207, 94.0722970315, 140275.59866, 299.750297069
0.0963545150502, 129938.066577, 293.107251792, 0.326795708174, 32.8787296053, 0.841186659946, 143.914865477, 93.2221251059, 139694.578193, 299.391183563
0.0971906354515, 129783.667256, 293.029165378, 0.319672120625, 31.6318753618, 0.914856527568, 142.390267307, 92.3344695796, 139119.263656, 299.047053595
0.0980267558528, 129625.925787, 292.949388696, 0.312394334986, 30.3580315515, 0.990121062593, 140.865669137, 91.4275997479, 138531.495787, 298.695474545
0.0988628762542, 129464.732466, 292.867866264, 0.304957289789, 29.0563122566, 1.06703260911, 139.341070967, 90.5008849118, 137930.865812, 298.336201902
0.0996989966555, 129335.610583, 292.785757101, 0.297478869844, 27.7282692047, 1.07142482039, 137.376482849, 89.3240415065, 137390.092368, 297.991907398
0.100535117057, 129220.293735, 292.701737542, 0.289832599132, 26.3607509432, 1.03895736622, 135.196757329, 87.9966702303, 136869.20032, 297.648486547
0.101371237458, 129101.197536, 292.614964358, 0.28193573237, 24.9484141437, 1.00542583571, 133.017031809, 86.6257961784, 136331.236748, 297.293810549
0.10220735786, 128977.597536, 292.525093663, 0.273785067526, 23.4883557586, 0.971268269578, 130.837514944, 85.210496257, 135775.440062, 296.927524211
0.103043478261, 128745.930697, 292.392184657, 0.267169800983, 21.8506413767, 1.03128015351, 128.697822771, 83.9904683116, 135218.770743, 296.589175719
0.103879598662, 128506.430371, 292.254781521, 0.26033084855, 20.1575499973, 1.0933212545, 126.558130599, 82.7291868453, 134643.278437, 296.239386451
0.104715719064, 128258.692408, 292.11265239, 0.25325666968, 18.4062245744, 1.15749626521, 124.418438427, 81.4245234798, 134047.992018, 295.877566147
0.105551839465, 127977.43631, 291.925646098, 0.247184765303, 16.3917201981, 1.14444503741, 122.450182385, 80.2809083494, 133480.348082, 295.509852213
0.106387959866, 127674.464804, 291.71221821, 0.241559525267, 14.2094232346, 1.09024765671, 120.568558383, 79.2067137899, 132919.422432, 295.133865886
0.107224080268, 127361.886874, 291.49202309, 0.235755923784, 11.9579314205, 1.03433182077, 118.68693438, 78.098459369, 132340.711318, 294.74595803
0.108060200669, 126952.226626, 291.238577661, 0.231515108517, 9.60504814344, 1.08631334253, 117.133003188, 77.2641073719, 131735.050346, 294.371855201
0.10889632107, 126479.149307, 290.962794293, 0.228235980564, 7.17542037051, 1.20657415419, 115.77737322, 76.5978085276, 131109.098458, 294.004409149
0.109732441472, 125994.862269, 290.680476149, 0.224879152622, 4.68822178758, 1.32968458438, 114.421743252, 75.9157215182, 130468.314439, 293.628256345
0.110568561873, 125568.642723, 290.382142565, 0.222446665482, 2.13569937236, 1.2714322201, 113.036450402, 75.2022289528, 129930.27747, 293.263021083
0.111404682274, 125143.762308, 290.074808555, 0.220125818859, -0.481253859097, 1.18016116763, 111.646140536, 74.4684206895, 129399.095521, 292.892120812
0.112240802676, 124706.852181, 289.771983232, 0.217065483527, -3.26846763887, 1.13401613678, 109.61972836, 73.3434430911, 128829.663401, 292.50832714
0.113076923077, 124244.896597, 289.480579468, 0.212361783508, -6.4249695081, 1.18917020117, 106.253739323, 71.347016865, 128177.020842, 292.09732142
0.113913043478, 123752.715114, 289.170109064, 0.207350318908, -9.78800229395, 1.24793301346, 102.887750286, 69.2199638389, 127481.675673, 291.659423465
0.11474916388, 123570.397144, 289.140380441, 0.206975282048, -10.1091927729, 1.56815539813, 102.438528859, 69.0252145325, 127280.618943, 291.620606132
0.115585284281, 123387.47652, 289.111260379, 0.206611273558, -10.4237846064, 1.8919100357, 101.997898405, 68.8347330474, 127079.365728, 291.582682989
0.116421404682, 123435.586889, 289.117278288, 0.205761129414, -10.5775691696, 1.80108782891, 101.556052334, 68.5168919347, 127098.676446, 291.568570441
0.117257525084, 123594.704556, 289.140173452, 0.204673948879, -10.6549525439, 1.51104600956, 101.11363296, 68.1365124919, 127223.842402, 291.565810534
0.118093645485, 123755.219811, 289.16326969, 0.203577220216, -10.7330159278, 1.21845655985, 100.671214669, 67.7527921977, 127350.107803, 291.563026414
0.118929765886, 123724.655376, 289.157137161, 0.203791846485, -10.7320402023, 1.26804612071, 100.751957915, 67.8251332357, 127326.327073, 291.561969019
0.119765886288, 123603.355162, 289.137137179, 0.204629137449, -10.6934358513, 1.4801648411, 101.081739126, 68.1140428494, 127231.293739, 291.561742527
0.120602006689, 123482.844703, 289.117267489, 0.2054609738, -10.6550827241, 1.69090279506, 101.411517883, 68.40107038, 127136.879002, 291.561517491
0.12143812709, 123500.520116, 289.120249928, 0.205329081486, -10.6641948879, 1.66016367861, 101.354932744, 68.355231223, 127150.427771, 291.561413031
0.122274247492, 123584.400556, 289.134181173, 0.204735414771, -10.6960663325, 1.51373335243, 101.113481416, 68.149895906, 127215.70049, 291.561365631
0.123110367893, 123668.682113, 289.148179023, 0.204138909738, -10.7280903233, 1.36660273789, 100.872030525, 67.943578845, 127281.285386, 291.561318021
0.123946488294, 123656.842925, 289.145676954, 0.204243676593, -10.7227717129, 1.38537832926, 100.91491271, 67.9801008645, 127272.867968, 291.561311643
0.124782608696, 123598.82059, 289.135249328, 0.20468529891, -10.699514233, 1.48387453134, 101.094540328, 68.1332694232, 127228.891425, 291.561325115
0.125618729097, 123541.004392, 289.1248588, 0.20512535019, -10.67633931, 1.58202098518, 101.274166658, 68.2858931427, 127185.071031, 291.56133853
0.126454849498, 123548.009117, 289.126550418, 0.205052742003, -10.6835498082, 1.57161552713, 101.239650983, 68.2597634969, 127189.714391, 291.561328167
0.1272909699, 123586.370192, 289.134087916, 0.204732083576, -10.7054724608, 1.50870377895, 101.101618781, 68.1471411925, 127217.799548, 291.561306284
0.128127090301, 123624.836045, 289.141645975, 0.2044105504, -10.7274551144, 1.44562010502, 100.96358699, 68.0342115844, 127245.961464, 291.561284348
0.128963210702, 123621.008125, 289.140088393, 0.204476320782, -10.7264234455, 1.44909356142, 100.99315545, 68.056845694, 127244.385081, 291.561291371
0.129799331104, 123596.641519, 289.134106116, 0.204730087802, -10.7142125432, 1.48489557586, 101.104156658, 68.1452834036, 127228.364081, 291.561312438
0.130635451505, 123572.328411, 289.128137023, 0.204983295575, -10.7020282962, 1.52061915914, 101.21515706, 68.2335263024, 127212.378174, 291.561333453
0.131471571906, 123573.282492, 289.130069705, 0.204900114845, -10.669287536, 1.52511369797, 101.188782759, 68.2152534821, 127210.423762, 291.561320686
0.132307692308, 123586.586074, 289.135868074, 0.204652364885, -10.6264269719, 1.51435748915, 101.095284281, 68.1448891829, 127215.321803, 291.561291389
0.133143812709, 123599.914322, 289.141677149, 0.204404157425, -10.5834864237, 1.50358118578, 101.001786586, 68.0743953655, 127220.229001, 291.561262043
0.13397993311, 123576.381822, 289.133401948, 0.204762428744, -10.789397286, 1.52950367565, 101.064209683, 68.1284188534, 127208.51569, 291.561282993
0.134816053512, 123534.833664, 289.118240935, 0.205417202611, -11.1168019183, 1.57335525068, 101.203207247, 68.2433723017, 127188.682392, 291.561328549
0.135652173913, 123382.123916, 288.991612005, 0.210620587594, -10.4415307491, 1.48838778943, 103.904187694, 70.1699435203, 127221.528517, 291.560949746
0.136488294314, 123209.16423, 288.843187917, 0.216711326889, -9.5441481323, 1.37478332796, 107.310743186, 72.4581233874, 127266.192408, 291.560482233
0.137324414716, 122817.837574, 288.598365138, 0.226156906245, -8.3974877044, 1.43711463266, 111.980682483, 75.8946537786, 127228.212666, 291.559853941
0.138160535117, 122433.492843, 288.361996669, 0.235239287117, -7.31097727637, 1.51267595253, 116.794912332, 79.1917031614, 127184.666947, 291.559256242
0.138996655518, 122117.009504, 288.148378118, 0.242966399515, -6.22046790349, 1.51153315055, 120.645579936, 81.9883800632, 127174.981119, 291.558681473
0.13983277592, 121825.01736, 287.948316594, 0.250134452192, -5.18367556365, 1.50055280637, 124.358216691, 84.5814425215, 127170.144748, 291.55813831
0.140668896321, 121552.958564, 287.769497241, 0.256316780989, -4.13161781304, 1.51842210418, 127.436034368, 86.7994333428, 127153.005518, 291.557705958
0.141505016722, 121294.530669, 287.603203446, 0.26195596354, -3.09181783615, 1.54860844166, 130.213689093, 88.8131741778, 127130.785136, 291.557329961
0.142341137124, 121047.924902, 287.438079269, 0.267474365215, -2.04994045274, 1.55549922423, 132.936174328, 90.7602387304, 127118.704511, 291.556968811
0.143177257525, 120813.456617, 287.265502258, 0.273053179598, -0.93918852925, 1.50901511826, 135.52317004, 92.6730553671, 127129.2976, 291.556619656
0.144013377926, 120587.772023, 287.099390325, 0.278422999406, 0.129947414098, 1.4642722991, 138.110162532, 94.5142125477, 127139.493968, 291.556283635
0.144849498328, 120344.767027, 286.939882903, 0.283423421239, 1.31679069515, 1.48542341302, 140.298967522, 96.148100417, 127120.37967, 291.556007823
0.145685618729, 120096.972646, 286.785303191, 0.288196454925, 2.54189419957, 1.5359055965, 142.300014133, 97.6688134183, 127088.337846, 291.555762461
0.14652173913, 119856.050606, 286.635010585, 0.292837112483, 3.73301670694, 1.58498765504, 144.301057927, 99.1473500984, 127057.184745, 291.555523948
0.147357859532, 119650.461701, 286.490281442, 0.297157717322, 4.94619692422, 1.57066152427, 145.924004196, 100.390470704, 127053.860543, 291.555320616
0.148193979933, 119455.396264, 286.348967256, 0.301344534975, 6.14495559528, 1.54344688588, 147.465920637, 101.565457821, 127056.343329, 291.555127767
0.149030100334, 119264.367981, 286.21057774, 0.30544470046, 7.31890241513, 1.51679540076, 149.00783436, 102.716126733, 127058.77481, 291.554938941
0.149866220736, 119025.06268, 286.04080401, 0.310306477775, 8.70939721447, 1.49790293999, 150.514708432, 103.907268701, 127054.862196, 291.55473655
0.150702341137, 118767.796067, 285.859507647, 0.315439849074, 10.177025863, 1.48251803376, 152.006204916, 105.102747162, 127048.29125, 291.554530591
0.151538461538, 118515.529306, 285.681734703, 0.320473454655, 11.6161311383, 1.46743216009, 153.497698174, 106.274991757, 127041.84803, 291.554328665
0.15237458194, 118250.629373, 285.494653003, 0.325675719813, 13.1565573486, 1.4514471896, 154.819324792, 107.336979433, 127034.62139, 291.554150307
0.153210702341, 117948.788028, 285.280597859, 0.331421880852, 14.9754826974, 1.43292029875, 155.743120029, 108.179265019, 127025.383973, 291.554020339
0.154046822742, 117650.50686, 285.069067447, 0.3371002666, 16.7729553947, 1.41461185217, 156.666912577, 109.011615606, 127016.255563, 291.553891922
0.154882943144, 117355.723245, 284.860017357, 0.342712069235, 18.5493527967, 1.39651800737, 157.590702436, 109.834205955, 127007.234242, 291.553765028
0.155719063545, 117019.093007, 284.626455512, 0.348725187197, 20.464259083, 1.39857087077, 157.894057766, 110.265516388, 126985.688456, 291.553724108
0.156555183946, 116663.617203, 284.381749847, 0.354927073673, 22.4438552024, 1.40923497641, 157.930267385, 110.530942694, 126958.730877, 291.553719787
0.157391304348, 116308.304996, 284.137156807, 0.361126105464, 24.4225427201, 1.41989416538, 157.966475458, 110.796245845, 126931.785708, 291.55371547
0.158227424749, 115953.156263, 283.892676306, 0.367322284714, 26.4003223185, 1.43054844138, 158.002681984, 111.061425932, 126904.852939, 291.553711155
0.159063545151, 115491.044492, 283.553203924, 0.375389648406, 28.4207132808, 1.3794348519, 157.543467264, 111.051112395, 126892.208366, 291.553779107
0.159899665552, 115025.577669, 283.211168067, 0.383515606914, 30.4532171429, 1.32764950023, 157.081285772, 111.039078522, 126879.575643, 291.553847886
0.160735785953, 114557.364408, 282.867114062, 0.391689512208, 32.4977165795, 1.27555853619, 156.6191031, 111.026972205, 126866.868403, 291.553917064
0.161571906355, 114033.786597, 282.495246431, 0.400297257552, 34.5130376409, 1.2697261941, 155.887008522, 110.872459956, 126828.538401, 291.554016386
0.162408026756, 113396.010764, 282.065909362, 0.409803984492, 36.4702656045, 1.35890423606, 154.609237614, 110.425304593, 126737.543933, 291.554177715
0.163244147157, 112747.60607, 281.6294172, 0.419469146369, 38.460114667, 1.44956847454, 153.331465909, 109.970695258, 126645.03299, 291.554341715
0.164080267559, 112088.304546, 281.185589556, 0.429296737521, 40.4834072467, 1.54175637834, 152.053693407, 109.508444027, 126550.967338, 291.554508454
0.16491638796, 111379.038855, 280.66433585, 0.440161610301, 42.3131301425, 1.50785254771, 150.418533953, 108.838318867, 126494.390813, 291.554707655
0.165752508361, 110646.710219, 280.118495132, 0.45143079019, 44.1418487058, 1.44963616162, 148.718335262, 108.116255897, 126443.756385, 291.554916769
0.166588628763, 109897.444314, 279.560030289, 0.462960604049, 46.01286474, 1.3900733845, 147.018135441, 107.377490616, 126391.950878, 291.555130691
0.167424749164, 109086.682395, 278.999855753, 0.474094613265, 47.7236262743, 1.50748377766, 144.807547455, 106.36158335, 126255.324544, 291.555407513
0.168260869565, 108221.820259, 278.428075114, 0.485187676409, 49.3652512323, 1.73894914704, 142.288334453, 105.151429287, 126062.523379, 291.555729261
0.169096989967, 107325.782303, 277.83568346, 0.496680614429, 51.066055103, 1.97875805587, 139.769120458, 103.897649609, 125862.772328, 291.556062555
0.169933110368, 106494.829194, 277.208528251, 0.508415436648, 52.5487631088, 1.94257527016, 137.447847134, 102.74493441, 125769.965115, 291.556362881
0.170769230769, 105684.311257, 276.553861756, 0.520455907567, 53.9428224317, 1.7645731635, 135.22285233, 101.626081555, 125730.455978, 291.556650966
0.171605351171, 104846.674887, 275.877291534, 0.532899230258, 55.3835271351, 1.5806158215, 132.997855254, 100.469790434, 125689.624842, 291.556948643
0.172441471572, 103930.892978, 275.295825299, 0.543149761266, 56.5857215811, 1.99629951926, 130.14621332, 99.0306800676, 125394.006839, 291.557345717
0.173277591973, 102973.499158, 274.689544939, 0.553832005682, 57.8387572954, 2.4371350973, 127.28802006, 97.5243981628, 125082.407633, 291.5577615
0.174113712375, 102201.930928, 274.107114779, 0.563922480342, 58.9639224418, 2.46039625403, 124.747034886, 96.0882355317, 124952.853341, 291.558108364
0.174949832776, 101592.84461, 273.54514986, 0.573501664902, 59.977758645, 2.11716338455, 122.468042488, 94.7124610497, 124982.979032, 291.558395019
0.175785953177, 100946.787798, 273.01848447, 0.582426642254, 60.9863937245, 2.01534167025, 119.947517495, 93.1808943606, 124914.259512, 291.558721254
0.176622073579, 100239.806999, 272.590202413, 0.589557662126, 61.9477889539, 2.46327667098, 116.914852975, 91.3507218832, 124624.325956, 291.559125604
0.17745819398, 99720.6554457, 272.282993865, 0.594678215826, 63.0078719175, 2.81873644933, 113.270025208, 88.9068926609, 124401.824521, 291.559564726
0.178294314381, 99796.6860515, 272.357570316, 0.593457785683, 64.2900263463, 2.87437669369, 107.982493197, 84.800087578, 124395.453705, 291.560077721
0.179130434783, 99897.9679743, 272.44517348, 0.5920173753, 65.3149924016, 2.9055992397, 103.969200536, 81.4568071078, 124402.47096, 291.5606248
0.179966555184, 100033.803767, 272.546675749, 0.590337932287, 65.7595943132, 2.88906297289, 102.038004782, 79.869841337, 124432.993544, 291.561173101
0.180802675585, 100116.452101, 272.598928236, 0.589466970853, 66.009593131, 2.84502995908, 101.000151379, 78.9941142925, 124463.924839, 291.561438919
0.181638795987, 100140.441396, 272.597541512, 0.589476915405, 66.0464306425, 2.77309118932, 100.880709198, 78.8963938136, 124494.42653, 291.561398024
0.182474916388, 100140.004472, 272.591063804, 0.589572455421, 66.0624493687, 2.75220319207, 100.83315891, 78.8734595506, 124501.676524, 291.561379157
0.183311036789, 100093.221868, 272.574957864, 0.589829941797, 66.0388868114, 2.82828436555, 100.921915087, 78.9925415789, 124464.771808, 291.561402181
0.184147157191, 100046.521478, 272.558880228, 0.590086975677, 66.015365662, 2.90423183684, 101.010671264, 79.1114143369, 124427.931948, 291.561425165
0.184983277592, 100053.042935, 272.553731072, 0.590161747506, 66.0283359839, 2.86792960284, 100.969154592, 79.0928588451, 124442.185181, 291.561412233
0.185819397993, 100064.889065, 272.549667959, 0.59021839409, 66.0449667426, 2.82037172445, 100.914623479, 79.0605521648, 124461.559127, 291.561395698
0.186655518395, 100071.25792, 272.54456612, 0.590292585469, 66.0575315117, 2.78466102598, 100.873514244, 79.0428327815, 124475.574169, 291.561384044
0.187491638796, 100047.716402, 272.533828595, 0.590462036893, 66.0478472131, 2.81377279963, 100.905562707, 79.1047762745, 124460.280098, 291.561399083
0.188327759197, 100024.189832, 272.523097888, 0.590631380713, 66.0381690641, 2.84286608686, 100.937611169, 79.1666804325, 124444.995739, 291.561414112
0.189163879599, 100001.803583, 272.512606328, 0.590796759116, 66.0292021735, 2.86956539169, 100.967119586, 79.2258029009, 124430.802048, 291.561427593
0.19, 100000.55438, 272.506479167, 0.59088966796, 66.0334782229, 2.85164995497, 100.948936156, 79.2334170776, 124436.91029, 291.561412176
