X, P, T, M, alpha, eta, rhou_x, Vx, P_tot, T_tot
-0.06, 152011.276258, 306.291162021, 0.167019619931, 1.8600796912e-09, -0.000129960517079, 101.310268262, 58.5980278319, 154979.59177, 307.999999358
-0.0591638795987, 152011.279621, 306.291159394, 0.167019698965, 2.1410902709e-09, -0.000144900522186, 101.310292577, 58.5980500683, 154979.598465, 307.999998617
-0.0583277591973, 152011.282983, 306.291156766, 0.167019778, 2.42210071572e-09, -0.00015984052012, 101.310316893, 58.5980723046, 154979.605161, 307.999997875
-0.057491638796, 152011.286346, 306.291154139, 0.167019857035, 2.70311102565e-09, -0.000174780510884, 101.310341208, 58.598094541, 154979.611857, 307.999997133
-0.0566555183946, 152011.285756, 306.291152088, 0.167019925394, 2.75267319676e-09, -0.000180358903932, 101.310349908, 58.598111894, 154979.614279, 307.999996835
-0.0558193979933, 152011.27319, 306.291151784, 0.167019961404, 2.10089162724e-09, -0.000157569401927, 101.310311289, 58.5981144492, 154979.603751, 307.99999788
-0.054983277592, 152011.260624, 306.291151481, 0.167019997414, 1.44910956081e-09, -0.000134779882547, 101.31027267, 58.5981170044, 154979.593222, 307.999998925
-0.0541471571906, 152011.248058, 306.291151177, 0.167020033424, 7.97326997463e-10, -0.000111990345792, 101.310234051, 58.5981195596, 154979.582694, 307.999999971
-0.0533110367893, 152011.235492, 306.291150873, 0.167020069434, 1.45543937203e-10, -8.92007916626e-05, 101.310195432, 58.5981221149, 154979.572165, 308.000001016
-0.052474916388, 152011.222927, 306.29115057, 0.167020105445, -5.06239619972e-10, -6.64112201587e-05, 101.310156813, 58.5981246701, 154979.561637, 308.000002061
-0.0516387959866, 152011.210361, 306.291150266, 0.167020141455, -1.15802367406e-09, -4.36216312802e-05, 101.310118194, 58.5981272253, 154979.551108, 308.000003106
-0.0508026755853, 152011.197795, 306.291149963, 0.167020177465, -1.80980822507e-09, -2.0832025027e-05, 101.310079575, 58.5981297805, 154979.54058, 308.000004151
-0.0499665551839, 152011.185229, 306.291149659, 0.167020213475, -2.46159327299e-09, 1.95759860082e-06, 101.310040956, 58.5981323357, 154979.530051, 308.000005197
-0.0491304347826, 152011.172663, 306.291149355, 0.167020249486, -3.11337881784e-09, 2.47472396033e-05, 101.310002336, 58.598134891, 154979.519523, 308.000006242
-0.0482943143813, 152011.172601, 306.291145189, 0.167020439545, -4.99167008793e-09, 1.12880923274e-05, 101.310031832, 58.5981844967, 154979.527863, 308.000006945
-0.0474581939799, 152011.177523, 306.291139484, 0.167020690994, -7.3587324343e-09, -1.66164981444e-05, 101.310088473, 58.5982528525, 154979.543723, 308.000007512
-0.0466220735786, 152011.182444, 306.291133778, 0.167020942443, -9.72579213392e-09, -4.45210574146e-05, 101.310145113, 58.5983212082, 154979.559582, 308.000008079
-0.0457859531773, 152011.187365, 306.291128073, 0.167021193892, -1.20928491868e-08, -7.24255854831e-05, 101.310201753, 58.5983895639, 154979.575442, 308.000008646
-0.0449498327759, 152011.192287, 306.291122368, 0.16702144534, -1.4459903593e-08, -0.00010033008235, 101.310258393, 58.5984579194, 154979.591301, 308.000009213
-0.0441137123746, 152011.197208, 306.291116662, 0.167021696789, -1.68269553524e-08, -0.000128234548016, 101.310315033, 58.5985262749, 154979.607161, 308.00000978
-0.0432775919732, 152011.202129, 306.291110957, 0.167021948236, -1.91940044651e-08, -0.000156138982479, 101.310371674, 58.5985946303, 154979.62302, 308.000010347
-0.0424414715719, 152011.207051, 306.291105252, 0.167022199684, -2.1561050931e-08, -0.000184043385742, 101.310428314, 58.5986629856, 154979.63888, 308.000010914
-0.0416053511706, 152011.202013, 306.291099061, 0.167022433468, -2.05566923686e-08, -0.000194709335388, 101.310447123, 58.5987207265, 154979.644274, 308.000010828
-0.0407692307692, 152011.168885, 306.291091502, 0.167022617433, -1.00431507521e-08, -0.000156753596069, 101.310359225, 58.5987485294, 154979.620154, 308.000008903
-0.0399331103679, 152011.135757, 306.291083943, 0.167022801398, 4.70409107531e-10, -0.000118797790889, 101.310271328, 58.5987763322, 154979.596033, 308.000006978
-0.0390969899666, 152011.102629, 306.291076384, 0.167022985363, 1.09839872105e-08, -8.08419198468e-05, 101.310183431, 58.5988041352, 154979.571912, 308.000005053
-0.0382608695652, 152011.069502, 306.291068825, 0.167023169329, 2.14975835567e-08, -4.28859829435e-05, 101.310095533, 58.5988319381, 154979.547791, 308.000003128
-0.0374247491639, 152011.036374, 306.291061266, 0.167023353295, 3.20111981463e-08, -4.92998017855e-06, 101.310007636, 58.5988597411, 154979.52367, 308.000001203
-0.0365886287625, 152011.003245, 306.291053707, 0.167023537262, 4.25248309792e-08, 3.30260884483e-05, 101.309919739, 58.5988875442, 154979.499549, 307.999999278
-0.0357525083612, 152010.970117, 306.291046148, 0.167023721228, 5.30384820557e-08, 7.09822229373e-05, 101.309831841, 58.5989153473, 154979.475428, 307.999997353
-0.0349163879599, 152010.967936, 306.291031573, 0.167024289853, 5.55867627788e-08, 2.75634574269e-05, 101.309910654, 58.5990619298, 154979.49843, 307.999997391
-0.0340802675585, 152010.974622, 306.291014987, 0.167024968693, 5.58526984979e-08, -3.91717631369e-05, 101.310037236, 58.5992425461, 154979.534936, 307.999997991
-0.0332441471572, 152010.981307, 306.290998402, 0.167025647531, 5.61186335526e-08, -0.000105906816937, 101.310163817, 58.599423162, 154979.571441, 307.99999859
-0.0324080267559, 152010.987993, 306.290981816, 0.167026326368, 5.63845679427e-08, -0.000172641703975, 101.310290398, 58.5996037774, 154979.607946, 307.99999919
-0.0315719063545, 152010.994679, 306.29096523, 0.167027005203, 5.66505016683e-08, -0.00023937642425, 101.310416979, 58.5997843923, 154979.644451, 307.99999979
-0.0307357859532, 152011.001365, 306.290948645, 0.167027684036, 5.69164347293e-08, -0.000306110977763, 101.31054356, 58.5999650068, 154979.680956, 308.00000039
-0.0298996655518, 152010.993801, 306.290932376, 0.167028336594, 3.81574693237e-08, -0.000344864600215, 101.310618759, 58.6001309972, 154979.702446, 308.000001044
-0.0290635451505, 152010.912241, 306.290917749, 0.167028852716, -7.93946563226e-08, -0.00023831879927, 101.310427137, 58.6002210498, 154979.645968, 308.00000198
-0.0282274247492, 152010.830682, 306.290903122, 0.16702936884, -1.96947226652e-07, -0.000131772595278, 101.310235516, 58.6003111027, 154979.58949, 308.000002916
-0.0273913043478, 152010.749122, 306.290888495, 0.167029884966, -3.14500241668e-07, -2.52259882347e-05, 101.310043895, 58.600401156, 154979.533011, 308.000003853
-0.0265551839465, 152010.667562, 306.290873868, 0.167030401094, -4.32053701372e-07, 8.13210218607e-05, 101.309852273, 58.6004912096, 154979.476533, 308.000004789
-0.0257190635452, 152010.586001, 306.290859241, 0.167030917224, -5.49607605767e-07, 0.000187868435011, 101.309660652, 58.6005812636, 154979.420054, 308.000005725
-0.0248829431438, 152010.535418, 306.290835821, 0.167031768679, -5.31447431159e-07, 0.000207123733964, 101.309620629, 58.6007748305, 154979.408467, 308.000005532
-0.0240468227425, 152010.549491, 306.290794049, 0.167033320006, -2.30028720049e-07, 4.41851172858e-05, 101.309897018, 58.6011844451, 154979.490579, 308.000002984
-0.0232107023411, 152010.563564, 306.290752278, 0.167034871325, 7.13883464344e-08, -0.000118752610353, 101.310173406, 58.6015940575, 154979.57269, 308.000000435
-0.0223745819398, 152010.577637, 306.290710507, 0.167036422635, 3.72803768304e-07, -0.000281689448959, 101.310449795, 58.6020036676, 154979.6548, 307.999997887
-0.0215384615385, 152010.59171, 306.290668736, 0.167037973937, 6.74217545574e-07, -0.00044462539854, 101.310726184, 58.6024132755, 154979.73691, 307.999995339
-0.0207023411371, 152010.571136, 306.290629374, 0.167039433088, 1.01704814785e-06, -0.000534147721306, 101.310875795, 58.6027807118, 154979.781292, 307.999993862
-0.0198662207358, 152010.395954, 306.290600764, 0.167040481062, 1.54470562144e-06, -0.000296072940279, 101.310459679, 58.602959972, 154979.657317, 307.999997167
-0.0190301003344, 152010.22077, 306.290572153, 0.167041529046, 2.07236742959e-06, -5.79962035374e-05, 101.310043563, 58.6031392336, 154979.533341, 308.000000472
-0.0181939799331, 152010.045585, 306.290543543, 0.167042577038, 2.60003357235e-06, 0.000180082488944, 101.309627446, 58.6033184968, 154979.409365, 308.000003777
-0.0173578595318, 152009.870399, 306.290514931, 0.167043625038, 3.12770404976e-06, 0.000418163137189, 101.30921133, 58.6034977614, 154979.285387, 308.000007082
-0.0165217391304, 152009.842121, 306.290453306, 0.167046028188, -1.4309411005e-07, 0.000270586552634, 101.309477846, 58.6041074321, 154979.364052, 308.00000773
-0.0156856187291, 152009.887719, 306.290375081, 0.167049112761, -5.32395975786e-06, -7.09208944428e-05, 101.310087635, 58.6049335302, 154979.544618, 308.000007042
-0.0148494983278, 152009.933316, 306.290296856, 0.167052197296, -1.05047630384e-05, -0.000412424230455, 101.310697424, 58.6057596184, 154979.725182, 308.000006354
-0.0140133779264, 152009.978912, 306.290218632, 0.167055281795, -1.56855039529e-05, -0.000753923455477, 101.311307213, 58.6065856967, 154979.905744, 308.000005666
-0.0131772575251, 152009.740733, 306.29016116, 0.167057318669, -1.03420825965e-05, -0.000490851627809, 101.310842917, 58.6069891095, 154979.763798, 308.000006992
-0.0123411371237, 152009.383584, 306.290112385, 0.167058916398, -5.86631298386e-07, 2.56728643769e-05, 101.309928348, 58.6072153404, 154979.486649, 308.000009162
-0.0115050167224, 152009.026429, 306.29006361, 0.167060514155, 9.1689961348e-06, 0.000542206682432, 101.309013779, 58.6074415754, 154979.209495, 308.000011332
-0.0106688963211, 152008.795301, 306.289992032, 0.167063076055, 2.44576118377e-05, 0.000745926496378, 101.308647969, 58.607985098, 154979.097672, 308.000011825
-0.00983277591973, 152008.961043, 306.289848653, 0.167068673862, 5.71685370674e-05, -3.54156949074e-05, 101.310010197, 58.6095277201, 154979.506484, 308.000007033
-0.00899665551839, 152009.126781, 306.289705278, 0.167074271519, 8.98785826379e-05, -0.000816736874409, 101.311372425, 58.6110703007, 154979.915285, 308.000002241
-0.00816053511706, 152009.096473, 306.289580815, 0.167078978291, 6.25994039157e-05, -0.0011655206568, 101.311975929, 58.6122796927, 154980.093724, 307.999999026
-0.00732441471572, 152008.374686, 306.289523041, 0.167080543325, -0.000176271551599, 1.12658470173e-05, 101.309903328, 58.6123140229, 154979.459671, 308.000001371
-0.00648829431438, 152007.65287, 306.289465265, 0.167082108423, -0.000415152280968, 0.00118810050127, 101.307830728, 58.6123483545, 154978.825592, 308.000003715
-0.00565217391304, 152007.670928, 306.289298664, 0.167088641323, -0.000238161220939, 0.000611228546751, 101.308892785, 58.6140545227, 154979.130844, 308.000003075
-0.00481605351171, 152008.19083, 306.28905826, 0.16709854335, 0.00022089692814, -0.00115511536535, 101.312081079, 58.6168945529, 154980.07321, 308.000000411
-0.00397993311037, 152008.020757, 306.288870208, 0.167105832998, 0.000968606248351, -0.0014470393086, 101.313067859, 58.6187950091, 154980.221687, 307.999998578
-0.00314381270903, 152006.400341, 306.288792166, 0.167107632628, 0.0023231738837, 0.00136019592447, 101.309427073, 58.618720798, 154978.701449, 307.999998491
-0.00230769230769, 152000.244832, 306.288505403, 0.167119628205, -0.00110153251675, 0.0120506607137, 101.308778164, 58.6221497046, 154972.923903, 307.999999055
-0.00147157190635, 151986.076488, 306.28784986, 0.167149638813, -0.0129710153191, 0.0366696220879, 101.313416153, 58.63176832, 154959.624324, 308.000000768
-0.000635451505017, 151930.840763, 306.238772141, 0.169525651462, 0.00590268296241, -0.0199829490203, 102.703573848, 59.459845643, 154988.985524, 308.000002
0.000200668896321, 151815.994874, 306.165703322, 0.173035975804, 0.03275063459, -0.0425737613388, 104.774642696, 60.683577253, 154999.329534, 308.000002218
0.00103678929766, 151573.692872, 306.085161691, 0.176822376126, 0.0413457701737, 0.151577315699, 106.916064264, 62.0033344801, 154892.393952, 308.000000097
0.001872909699, 151370.342546, 305.896309991, 0.185274846094, 0.204378928553, -0.0832080012327, 111.762544898, 64.9462078038, 155013.647307, 308.000003693
0.00270903010033, 151128.685004, 305.714854846, 0.193287492746, 0.39362960401, -0.220317791953, 116.60626253, 67.7348004829, 155082.245089, 308.000008017
0.00354515050167, 150698.481369, 305.597385977, 0.198220784154, 0.587601679035, 0.212118796591, 119.248823556, 69.4486588049, 154844.946373, 308.000011274
0.00438127090301, 150487.001917, 305.478022224, 0.203122948969, 0.841677229171, 0.22200446529, 122.038182159, 71.1479761661, 154835.443488, 308.000009706
0.00521739130435, 150487.386093, 305.357070325, 0.207985021936, 1.15333400675, -0.176593458911, 124.979634165, 72.8297698514, 155046.1613, 308.000003475
0.00605351170569, 150241.255267, 305.210832139, 0.213669729456, 1.55321207276, -0.186926145868, 128.152748071, 74.7882702011, 155046.012158, 308.000002516
0.00688963210702, 149802.421701, 305.046221308, 0.219941470115, 2.01846148862, 0.110836149457, 131.523901495, 76.9436947799, 154878.602915, 308.00000575
0.00772575250836, 149476.704933, 304.900172732, 0.22543655566, 2.53786824317, 0.253353397024, 134.580583037, 78.8186245173, 154795.573393, 308.000007779
0.0085618729097, 149380.298875, 304.784384097, 0.22961655034, 3.22081092681, 0.0569231768179, 136.879382576, 80.2098718277, 154896.327529, 308.000007252
0.00939799331104, 149287.077486, 304.672420413, 0.233658463466, 3.88119334558, -0.133018185828, 139.178182115, 81.5551608044, 154993.753362, 308.000006742
0.0102341137124, 149071.054835, 304.553889005, 0.237799647951, 4.62240836549, -0.107564546894, 141.291783923, 82.894105699, 154974.274366, 308.000006149
0.0110702341137, 148792.378749, 304.433182984, 0.241947867572, 5.39827794342, 0.031670332395, 143.30271326, 84.2149690742, 154893.103306, 308.00000552
0.0119063545151, 148521.415607, 304.315817754, 0.245981276547, 6.15267370968, 0.167051595485, 145.313642598, 85.4992747958, 154814.178825, 308.000004908
0.0127424749164, 148305.175945, 304.199470984, 0.249891384974, 7.02145193334, 0.200567015557, 147.177057536, 86.677420419, 154789.983561, 308.000004628
0.0135785953177, 148162.662236, 304.082699729, 0.253690126558, 8.0654570074, 0.0909418705065, 148.824393892, 87.7246770614, 154842.594101, 308.000004814
0.0144147157191, 148023.268954, 303.968485254, 0.257405692316, 9.08660293694, -0.0162829633798, 150.471730248, 88.7490033641, 154894.052699, 308.000004995
0.0152508361204, 147886.894723, 303.856744494, 0.261040784448, 10.0856323646, -0.121185466856, 152.119066605, 89.7511442828, 154944.396781, 308.000005173
0.0160869565217, 147715.439243, 303.733118887, 0.264960964465, 11.2824862766, -0.196705573636, 153.62129563, 90.6882342563, 154977.820315, 308.000005554
0.0169230769231, 147455.279569, 303.577178803, 0.269689256307, 12.9874891755, -0.205497981943, 154.771321129, 91.5041788075, 154972.469507, 308.000006431
0.0177591973244, 147198.957603, 303.423539046, 0.274347799441, 14.6673409729, -0.214160690321, 155.921346627, 92.3080870718, 154967.197631, 308.000007296
0.0185953177258, 146946.389048, 303.272149089, 0.278938125901, 16.3225941134, -0.222696547632, 157.071372126, 93.1002234263, 154962.002953, 308.000008147
0.0194314381271, 146697.492062, 303.122959876, 0.283461723175, 17.9537849797, -0.231108319912, 158.221397625, 93.8808445621, 154956.883789, 308.000008986
0.0202675585284, 146446.751236, 302.971960984, 0.28799295583, 19.5969663446, -0.241489413503, 159.244964879, 94.5806252433, 154952.47137, 308.000009567
0.0211036789298, 146149.640107, 302.786971336, 0.293139357024, 21.5432220128, -0.270210956506, 159.157007239, 94.6639320707, 154953.65505, 308.000007974
0.0219397993311, 145852.200401, 302.601777108, 0.298291449649, 23.4916300553, -0.298964262812, 159.069049598, 94.7473310276, 154954.840038, 308.00000638
0.0227759197324, 145554.431574, 302.416377958, 0.303449243153, 25.4421940444, -0.327749385139, 158.981091958, 94.8308222668, 154956.026338, 308.000004784
0.0236120401338, 145256.333077, 302.230773548, 0.308612747002, 27.3949175604, -0.356566376326, 158.893134318, 94.9144059417, 154957.213951, 308.000003187
0.0244481605351, 144957.904364, 302.044963536, 0.313781970685, 29.3498041918, -0.385415289325, 158.805176677, 94.9980822057, 154958.40288, 308.000001587
0.0252842809365, 144567.042194, 301.816908273, 0.319788653601, 31.3269505638, -0.367250139511, 158.133878343, 94.7897585947, 154928.721155, 308.000001869
0.0261204013378, 144090.527007, 301.549172303, 0.326598022261, 33.3450846014, -0.307472840164, 156.954970461, 94.3219532352, 154871.52384, 308.000003812
0.0269565217391, 143606.799319, 301.277383901, 0.333510457057, 35.3937649769, -0.246790755727, 155.77606258, 93.847067206, 154813.460791, 308.000005783
0.0277926421405, 143115.69413, 301.001450357, 0.340528315835, 37.4736904997, -0.185183187406, 154.597154699, 93.3649385223, 154754.512202, 308.000007785
0.0286287625418, 142617.041366, 300.721276115, 0.347654028916, 39.5855814587, -0.122628800185, 153.418246818, 92.8754002206, 154694.657659, 308.000009817
0.0294648829431, 142035.865631, 300.387153844, 0.355583795269, 41.4169033141, -0.0631627073343, 151.856225311, 92.2210270901, 154626.574322, 308.000009542
0.0303010033445, 141424.096659, 300.033840392, 0.363851661689, 43.2114149024, -0.00340794817294, 150.202483495, 91.5144860357, 154555.261543, 308.000008693
0.0311371237458, 140798.706461, 299.672660306, 0.372303614708, 45.0458818456, 0.0576772691641, 148.548741679, 90.7922136263, 154482.360963, 308.000007825
0.0319732441472, 140161.36819, 299.304347219, 0.380879158747, 46.8953952755, 0.120320500297, 146.836913852, 90.0246413889, 154407.364832, 308.000007015
0.0328093645485, 139530.565769, 298.937125838, 0.388929517686, 48.4950945469, 0.186833962433, 144.467944755, 88.901364079, 154325.026366, 308.00000707
0.0336454849498, 138878.730804, 298.557660371, 0.397248295892, 50.1481318261, 0.25556515113, 142.098975657, 87.740633871, 154239.942528, 308.000007128
0.0344816053512, 138210.644861, 298.167512856, 0.405772557461, 51.8315085166, 0.322766242798, 139.711618979, 86.5357988756, 154153.950597, 308.000007222
0.0353177257525, 137592.296951, 297.790802227, 0.413637753866, 53.2506282929, 0.343516739923, 137.095735161, 85.2268634387, 154089.862296, 308.000007756
0.0361538461538, 136949.893002, 297.399436149, 0.421808935737, 54.7249571197, 0.365074508757, 134.479851343, 83.8670055329, 154023.280722, 308.000008311
0.0369899665552, 136316.232387, 297.026309457, 0.429455098952, 56.0760474565, 0.436016305697, 131.793159777, 82.4739807736, 153930.663141, 308.000007891
0.0378260869565, 135683.287197, 296.664487059, 0.436743868957, 57.3386575324, 0.548746703678, 129.051057059, 81.0389765444, 153815.442938, 308.000006656
0.0386622073579, 135065.103055, 296.291820723, 0.444165572967, 58.490419211, 0.596309147624, 126.67980839, 79.7935714173, 153732.043283, 308.0000058
0.0394983277592, 134493.552443, 295.914487458, 0.45154236948, 59.4169115618, 0.533967518016, 124.892065828, 78.907541103, 153704.461863, 308.000005603
0.0403344481605, 133938.033133, 295.56421116, 0.45832643437, 60.3655470847, 0.532871157191, 122.751191203, 77.7945084807, 153647.357749, 308.000004653
0.0411705685619, 133397.360933, 295.242756654, 0.464473406935, 61.3456858722, 0.602088563455, 120.225514322, 76.4137033084, 153555.99025, 308.000002831
0.0420066889632, 133240.144423, 295.209173951, 0.465140075644, 62.8073458866, 0.825236244249, 114.357064782, 72.9102128217, 153431.475678, 308.000002323
0.0428428093645, 133284.562819, 295.2990207, 0.463450814293, 64.4283976311, 1.03428948975, 107.816289575, 68.6260412713, 153335.430954, 308.000002701
0.0436789297659, 133667.110595, 295.499282457, 0.459625185249, 65.5636664934, 0.891571768191, 102.709704212, 65.2397104209, 153445.561291, 308.000005051
0.0445150501672, 133806.332489, 295.554949408, 0.458553742792, 65.9084505961, 0.782212157989, 101.278207286, 64.2332366662, 153513.324935, 308.00000643
0.0453511705686, 133823.702561, 295.555945589, 0.458525757578, 65.9488439549, 0.749026259605, 101.13301566, 64.1387312312, 153531.088354, 308.000002965
0.0461872909699, 133758.063044, 295.542980173, 0.458767698651, 65.902792094, 0.845796712244, 101.327477234, 64.2963010704, 153477.000737, 307.99999032
0.0470234113712, 133710.804542, 295.533157769, 0.45894954222, 65.8723768984, 0.913924267778, 101.459753137, 64.4061052558, 153438.778993, 307.99998629
0.0478595317726, 133747.641848, 295.537683749, 0.458856923007, 65.9136779127, 0.85090713682, 101.304155946, 64.2971405508, 153473.19218, 308.000022003
0.0486956521739, 133782.802424, 295.541869356, 0.458770823005, 65.9532456966, 0.790312176922, 101.156089485, 64.1934261887, 153506.250673, 308.000056972
0.0495317725753, 133752.646412, 295.533126685, 0.458933005846, 65.924934844, 0.825170769522, 101.283203666, 64.293522063, 153486.016201, 308.000060785
0.0503678929766, 133722.565999, 295.524405931, 0.459094782106, 65.8966949646, 0.859941974141, 101.410317847, 64.3933670042, 153465.832455, 308.000064588
0.0512040133779, 133728.224665, 295.526235633, 0.459049713146, 65.9156395428, 0.854565779511, 101.329021425, 64.3442789297, 153468.423586, 307.999715826
0.0520401337793, 133738.975483, 295.529568937, 0.458975144815, 65.9413329056, 0.843471540883, 101.218123842, 64.273913146, 153474.257424, 307.999316168
0.0528762541806, 133736.784301, 295.525041579, 0.459074499228, 65.9346630658, 0.832685259223, 101.263685839, 64.3089327822, 153480.672068, 308.000282465
0.0537123745819, 133729.682156, 295.517538825, 0.459239688285, 65.9157154639, 0.822040946234, 101.368702537, 64.383902105, 153487.292471, 308.001765384
0.0545484949833, 133723.358489, 295.517101974, 0.459242179689, 65.9188827663, 0.834412292797, 101.351808011, 64.3791582933, 153480.22569, 308.001535415
0.0553846153846, 133717.596039, 295.521916861, 0.459123725011, 65.9384995467, 0.863928260175, 101.244299374, 64.3151408541, 153462.963978, 308.000031411
0.056220735786, 133718.564214, 295.523907388, 0.458998064266, 65.934313039, 0.868767604222, 101.233804448, 64.3112321283, 153453.052713, 307.995157935
0.0570568561873, 133728.72327, 295.522031576, 0.458863061748, 65.8976254396, 0.839876695497, 101.35584589, 64.3894539512, 153453.222574, 307.985700889
0.0578929765886, 133716.415396, 295.514790225, 0.459120734565, 65.8958834331, 0.841440111835, 101.407531354, 64.4295832827, 153462.049367, 307.992726007
0.05872909699, 133643.79533, 295.493113724, 0.460432850325, 65.9877998648, 0.924647333063, 101.270560152, 64.3678993798, 153494.14542, 308.043982651
0.0595652173913, 133554.609765, 295.450723154, 0.461815105596, 65.9122416346, 0.972950437189, 101.743802176, 64.7419712535, 153512.439208, 308.076763884
0.0604013377926, 133356.793386, 295.267706053, 0.463587688626, 64.6811928621, 0.775993970388, 106.66557501, 68.1102384785, 153433.805009, 307.97922466
0.061237458194, 133176.427145, 295.10083359, 0.465203905344, 63.5587395985, 0.596411784931, 111.587347845, 71.1813780014, 153362.107432, 307.890289743
0.0620735785953, 132724.91371, 294.835997157, 0.468500159804, 62.123929061, 0.67111255386, 117.319043174, 75.2681483075, 153124.858474, 307.793290783
0.0629096989967, 132249.385627, 294.570106257, 0.471907840432, 60.7299993443, 0.79446807289, 123.250408321, 79.265348628, 152870.067474, 307.701840374
0.063745819398, 131863.188792, 294.349422182, 0.474542419822, 59.5677638843, 0.879612411256, 128.395706657, 82.5569211516, 152651.379022, 307.615368653
0.0645819397993, 131612.065433, 294.193081961, 0.475895588299, 58.7303491777, 0.894260664764, 131.602049466, 84.8198396025, 152477.331702, 307.52610571
0.0654180602007, 131372.887734, 294.04417867, 0.477184388054, 57.9327693594, 0.908212117108, 134.808392274, 86.9751135341, 152311.563619, 307.441088906
0.066254180602, 131200.181938, 293.93477252, 0.477809969756, 57.3012614525, 0.911693187958, 137.22251712, 88.5945988925, 152165.232304, 307.360477902
0.0670903010033, 131077.063274, 293.854782404, 0.477932988413, 56.7922173573, 0.907194662077, 138.996977658, 89.8160117792, 152032.718523, 307.282661326
0.0679264214047, 130957.048496, 293.776808881, 0.478052905706, 56.2960065282, 0.90280954637, 140.771438195, 91.0066322125, 151903.545482, 307.206806547
0.068762541806, 130866.143976, 293.716701237, 0.477437515184, 55.8057285425, 0.896121471518, 142.280987381, 92.0249100479, 151744.384641, 307.108806187
0.0695986622074, 130797.061033, 293.669988343, 0.476272383832, 55.3201343551, 0.88771401298, 143.58582651, 92.913756139, 151562.871102, 306.994288874
0.0704347826087, 130729.222368, 293.624116812, 0.475128238083, 54.8432863804, 0.879457984223, 144.89066564, 93.7865929013, 151384.626869, 306.881834173
0.07127090301, 130675.522188, 293.59021323, 0.473748508854, 54.4049565743, 0.881016985707, 145.994412307, 94.5138121495, 151203.032016, 306.76921121
0.0721070234114, 130656.370641, 293.585963414, 0.471712579499, 54.0504096543, 0.907934972774, 146.568958634, 94.8913678101, 151006.369516, 306.652166935
0.0729431438127, 130637.368654, 293.581746787, 0.469692549394, 53.6986315092, 0.934642748313, 147.143504962, 95.2659750129, 150811.24282, 306.536036698
0.073779264214, 130618.514483, 293.577562961, 0.467688233021, 53.3495898319, 0.961142765162, 147.718051289, 95.6376681616, 150617.634006, 306.420809833
0.0746153846154, 130638.551735, 293.590383512, 0.464729992151, 52.969926929, 0.960383700206, 148.077718382, 95.8473968058, 150391.244902, 306.273632907
0.0754515050167, 130677.799985, 293.611602535, 0.461301210513, 52.5752362328, 0.946156026971, 148.330356471, 95.9770416987, 150148.719917, 306.110708983
0.0762876254181, 130716.914766, 293.632749399, 0.457884088902, 52.1818877346, 0.931976736826, 148.58299456, 96.1062457169, 149907.01967, 305.948339102
0.0771237458194, 130755.896758, 293.653824474, 0.454478567941, 51.7898745996, 0.91784558339, 148.83563265, 96.2350111055, 149666.139962, 305.786520445
0.0779598662207, 130777.532405, 293.668247123, 0.451016668101, 51.3700085126, 0.919171559739, 149.060231411, 96.3558520389, 149407.010209, 305.619081398
0.0787959866221, 130792.875481, 293.680246031, 0.447540373296, 50.9408180342, 0.926069439358, 149.274671511, 96.4736280228, 149141.74345, 305.449902641
0.0796321070234, 130808.174538, 293.692210514, 0.444074051887, 50.5128588917, 0.932947529148, 149.489111611, 96.5910661106, 148877.237734, 305.281209254
0.0804682274247, 130823.429765, 293.70414072, 0.440617661014, 50.0861257935, 0.939805914151, 149.703551711, 96.7081677544, 148613.489791, 305.11299915
0.0813043478261, 130832.148529, 293.710522952, 0.436756784198, 49.5872654686, 0.942084270021, 149.91089304, 96.8242121178, 148315.709863, 304.922041264
0.0821404682274, 130834.040284, 293.71111031, 0.432472189226, 49.0129024413, 0.93957792334, 150.110786518, 96.9391848403, 147982.287526, 304.70726145
0.0829765886288, 130835.927007, 293.711696106, 0.428198990151, 48.4400670689, 0.937078242883, 150.310679996, 97.0538517656, 147649.752005, 304.493052894
0.0838127090301, 130837.808719, 293.712280346, 0.42393714157, 47.8687532648, 0.93458520209, 150.510573473, 97.168214112, 147318.099767, 304.27941332
0.0846488294314, 130839.035303, 293.712276417, 0.419682674811, 47.295591657, 0.931520760138, 150.71384987, 97.2848343246, 146986.522036, 304.065683745
0.0854849498328, 130794.657458, 293.671128334, 0.415171162614, 46.4889780738, 0.88792868606, 151.155097004, 97.5805967064, 146599.878907, 303.806804668
0.0863210702341, 130750.537952, 293.630219789, 0.410685913475, 45.6870600647, 0.844590376383, 151.596344138, 97.8746373541, 146215.486561, 303.549432614
0.0871571906355, 130706.674535, 293.589548695, 0.406226698731, 44.8897967468, 0.801503621664, 152.037591272, 98.1669712581, 145833.325401, 303.293554463
0.0879933110368, 130663.064985, 293.54911299, 0.401793292365, 44.0971477106, 0.758666238035, 152.478838406, 98.4576132356, 145453.376055, 303.039157245
0.0888294314381, 130608.1213, 293.51271132, 0.39611120067, 43.1947014811, 0.75466138644, 152.470555676, 98.4696781356, 144984.133462, 302.739334205
0.0896655518395, 130539.029396, 293.480752379, 0.388874326472, 42.1512748199, 0.797093590854, 151.924620821, 98.1484359989, 144403.042034, 302.381963268
0.0905016722408, 130469.439143, 293.448562924, 0.381585253884, 41.1003220927, 0.83983185182, 151.378685966, 97.8248767952, 143817.759289, 302.022014673
0.0913377926421, 130399.345131, 293.416140451, 0.374243416114, 40.0417615785, 0.882879492627, 150.832751111, 97.4989753649, 143228.239715, 301.65946043
0.0921739130435, 130328.741868, 293.383482421, 0.366848238134, 38.9755103687, 0.926239884854, 150.286816256, 97.1707061826, 142634.43714, 301.294272144
0.0930100334448, 130263.408314, 293.33369966, 0.358924465093, 37.7949640725, 0.899550103141, 149.069839283, 96.4270945088, 142058.594252, 300.918375
0.0938461538462, 130197.21975, 293.282409614, 0.350849723953, 36.5904866055, 0.869588143132, 147.826238892, 95.6545095333, 141474.062206, 300.535897665
0.0946822742475, 130129.908104, 293.230249283, 0.342637971345, 35.3655716751, 0.839117791331, 146.5826385, 94.8688154068, 140879.611875, 300.14693049
0.0955183946488, 130061.444548, 293.177196327, 0.334285690234, 34.119694659, 0.8081259975, 145.339038109, 94.0696756219, 140274.988658, 299.751306883
0.0963545150502, 129937.799335, 293.108190489, 0.326798316863, 32.8825140836, 0.84476628739, 143.909595411, 93.2191719027, 139694.451848, 299.392248076
0.0971906354515, 129783.898025, 293.030042279, 0.319673120844, 31.6351621508, 0.917123248027, 142.38598145, 92.3317625433, 139119.578409, 299.047995136
0.0980267558528, 129626.667419, 292.950203516, 0.312393787871, 30.3608266758, 0.991045482304, 140.862367489, 91.4251561577, 138532.268928, 298.696295088
0.0988628762542, 129465.998306, 292.868618742, 0.304955261666, 29.0586224956, 1.06658433716, 139.338753528, 90.4987230101, 137932.115454, 298.33690364
0.0996989966555, 129336.216735, 292.786487193, 0.297477996513, 27.7305880705, 1.07236844261, 137.374232852, 89.3223794071, 137390.70167, 297.992620982
0.100535117057, 129219.622765, 292.702464358, 0.289834172759, 26.3633170432, 1.04272885048, 135.194126514, 87.9956178191, 136868.582289, 297.649275362
0.101371237458, 129099.206834, 292.615687247, 0.281939783709, 24.9512267369, 1.01211766959, 133.014020175, 86.6253648556, 136329.347784, 297.294674838
0.10220735786, 128974.257994, 292.525811359, 0.273791590595, 23.4914062184, 0.980940748816, 130.834128495, 85.2106911646, 135772.249007, 296.928462453
0.103043478261, 128744.23847, 292.392789678, 0.267171948914, 21.8525061421, 1.03689140589, 128.695207622, 83.9900722747, 135217.105929, 296.589867823
0.103879598662, 128506.443852, 292.255271613, 0.26032855083, 20.1582081449, 1.09473330095, 126.556286749, 82.7281941588, 134643.197967, 296.239828055
0.104715719064, 128260.473143, 292.113025265, 0.25324985622, 18.405655107, 1.15456397364, 124.417365876, 81.4229288932, 134049.557329, 295.877752871
0.105551839465, 127978.707776, 291.926068635, 0.24717724131, 16.3914335462, 1.14283994335, 122.448260888, 80.2791072861, 133481.353941, 295.51006673
0.106387959866, 127674.004218, 291.712774072, 0.241553138773, 14.2101665249, 1.09299581303, 120.564969179, 79.2048826604, 132918.67571, 295.134248272
0.107224080268, 127359.630327, 291.492710211, 0.235750544897, 11.9596729442, 1.04156978669, 118.68167747, 78.0965655214, 132338.139842, 294.746502517
0.108060200669, 126950.725321, 291.239547625, 0.231511207036, 9.60891767045, 1.09280255519, 117.128686363, 77.2623948079, 131733.32719, 294.372729635
0.10889632107, 126480.035258, 290.964156423, 0.228234046776, 7.18225338741, 1.20900591488, 115.775574567, 76.5964689336, 131109.941565, 294.005738628
0.109732441472, 125998.212832, 290.682251899, 0.224879377886, 4.6981956873, 1.32795761843, 114.422462772, 75.9147931421, 130471.812148, 293.63006786
0.110568561873, 125570.259163, 290.382617693, 0.222444500682, 2.13598497872, 1.26917606769, 113.03494199, 75.2005580825, 129931.880476, 293.263452468
0.111404682274, 125142.84866, 290.073638671, 0.220120285241, -0.493250500251, 1.17799739211, 111.641601461, 74.4657497248, 129397.937011, 292.890796481
0.112240802676, 124704.507149, 289.770369332, 0.217057226501, -3.28389057309, 1.13359207379, 109.614122579, 73.3406212328, 128826.915677, 292.506482495
0.113076923077, 124243.648611, 289.48125645, 0.212352669495, -6.42357906294, 1.19417614431, 106.251202759, 71.346094559, 128175.395738, 292.09777964
0.113913043478, 123752.663603, 289.173244167, 0.207340574108, -9.76850998371, 1.25872061472, 102.888282938, 69.2211850447, 127481.285734, 291.66235975
0.11474916388, 123571.211659, 289.142840555, 0.206962146901, -10.0957746789, 1.57458264733, 102.436410243, 69.0240200543, 127280.997872, 291.622779242
0.115585284281, 123389.153893, 289.113028548, 0.206594691156, -10.4165837759, 1.89392527605, 101.993111681, 68.8310780417, 127080.508135, 291.58407441
0.116421404682, 123436.325997, 289.118558395, 0.205750830904, -10.5726782603, 1.80358398223, 101.553106567, 68.5148340477, 127099.075436, 291.569618049
0.117257525084, 123593.630087, 289.141060033, 0.20467470628, -10.6504980975, 1.51638512392, 101.114662392, 68.1380327658, 127222.767163, 291.566723548
0.118093645485, 123752.303335, 289.163757502, 0.203589216084, -10.7289955993, 1.22668643099, 100.676219281, 67.7579519748, 127347.535555, 291.563803881
0.118929765886, 123722.961666, 289.157751147, 0.203796143576, -10.7288851531, 1.27387450728, 100.753860401, 67.8275164714, 127324.739076, 291.562690222
0.119765886288, 123604.324706, 289.138124716, 0.204616843075, -10.691342184, 1.48110655457, 101.077170515, 68.1106382732, 127231.856523, 291.562445582
0.120602006689, 123486.445113, 289.118623654, 0.20543230018, -10.6540387694, 1.68701592934, 101.40047821, 68.3919516175, 127139.566785, 291.562202486
0.12143812709, 123502.836837, 289.12141609, 0.205308044748, -10.6627427094, 1.65859869109, 101.346842524, 68.3487669251, 127152.06618, 291.562088403
0.122274247492, 123583.548174, 289.134888102, 0.204733586589, -10.6935037913, 1.51793362365, 101.112848133, 68.1501182242, 127214.760762, 291.562035375
0.123110367893, 123664.63351, 289.148422528, 0.204156467011, -10.7244075434, 1.376616696, 100.878854144, 67.9505491661, 127277.745895, 291.561982117
0.123946488294, 123653.949457, 289.146069981, 0.204254849385, -10.7194451629, 1.39323014999, 100.919346517, 67.9848389589, 127270.290307, 291.561974765
0.124782608696, 123599.167516, 289.136085502, 0.204677742892, -10.6972513699, 1.4857416437, 101.091848702, 68.1314735897, 127228.982569, 291.561989514
0.125618729097, 123544.572516, 289.126135143, 0.205099191306, -10.675133251, 1.57793761693, 101.264349632, 68.2776071893, 127187.815709, 291.562004205
0.126454849498, 123550.573437, 289.127700228, 0.205031904753, -10.6826185885, 1.56942476945, 101.231555019, 68.2531763302, 127191.615141, 291.561992956
0.1272909699, 123585.883996, 289.134836575, 0.204728161551, -10.7044378762, 1.5122047417, 101.099520265, 68.1462208732, 127217.162237, 291.56196914
0.128127090301, 123621.286802, 289.141991541, 0.204423625853, -10.7263142884, 1.45483514795, 100.967485891, 68.0389862841, 127242.776116, 291.561945268
0.128963210702, 123618.346762, 289.140552355, 0.204484332695, -10.7236300589, 1.45665846502, 100.996023572, 68.0604457794, 127241.935394, 291.561952506
0.129799331104, 123596.785009, 289.134941387, 0.204722337145, -10.7090195049, 1.48723685579, 101.102579177, 68.1443764541, 127228.243466, 291.561974833
0.130635451505, 123575.268704, 289.129342295, 0.204959837838, -10.6944395449, 1.51775096599, 101.209134003, 68.2281296014, 127214.580317, 291.561997109
0.131471571906, 123575.403061, 289.131166035, 0.204881422775, -10.6643610241, 1.52377132273, 101.183188467, 68.2105864635, 127211.948221, 291.56198562
0.132307692308, 123586.117897, 289.136621076, 0.204648457765, -10.626642652, 1.51783510541, 101.092500464, 68.1435047696, 127214.701089, 291.561957614
0.133143812709, 123596.852014, 289.142085883, 0.20441507567, -10.588856021, 1.51188803057, 101.001813222, 68.0763033415, 127217.458996, 291.561929564
0.13397993311, 123574.298732, 289.133934649, 0.204768003149, -10.7920473, 1.53596691155, 101.063784456, 68.1294859616, 127206.566853, 291.561950575
0.134816053512, 123535.478894, 289.119126561, 0.205407571055, -11.1128875577, 1.57470778364, 101.200728008, 68.2415758405, 127189.00908, 291.561995589
0.135652173913, 123382.625239, 288.992489863, 0.210611375307, -10.4373755189, 1.49005067768, 103.901740937, 70.1683045798, 127221.718451, 291.561617458
0.136488294314, 123208.787048, 288.843966727, 0.216706487509, -9.54141418329, 1.37814625786, 107.308903532, 72.4573891382, 127265.627197, 291.561150899
0.137324414716, 122818.485679, 288.59923019, 0.226149187703, -8.39541877994, 1.43837751336, 111.978131747, 75.8927242255, 127228.585094, 291.560524473
0.138160535117, 122435.278258, 288.362957255, 0.235228286796, -7.3094324958, 1.51161006, 116.791499973, 79.1884975282, 127186.078611, 291.559928585
0.138996655518, 122117.305491, 288.149237553, 0.242959058666, -6.21898167481, 1.51362063868, 120.642317691, 81.9863247679, 127174.987578, 291.559351309
0.13983277592, 121823.561317, 287.949055983, 0.250131431839, -5.18219227901, 1.5063439858, 124.355249498, 84.5807743958, 127168.500648, 291.558805211
0.140668896321, 121551.828805, 287.770223109, 0.256314361534, -4.13069477825, 1.52339169112, 127.433616085, 86.7988831242, 127151.723869, 291.558371877
0.141505016722, 121294.633699, 287.603963909, 0.261952464452, -3.09169703599, 1.55078848728, 130.211939739, 88.8121694016, 127130.741471, 291.557995774
0.142341137124, 121048.674452, 287.438875792, 0.267469733036, -2.05001312234, 1.55628244279, 132.934515923, 90.7587895064, 127119.281545, 291.557634322
0.143177257525, 120813.530055, 287.26633471, 0.273047412031, -0.938024498346, 1.51153197088, 135.520183118, 92.6712248691, 127129.107617, 291.557284377
0.144013377926, 120587.190426, 287.100254242, 0.278416239795, 0.132321900347, 1.46845703343, 138.105847099, 94.5120496213, 127138.565878, 291.556947592
0.144849498328, 120344.32998, 286.940740783, 0.283417074221, 1.31850475144, 1.48924084733, 140.295035629, 96.1461270666, 127119.621412, 291.556676587
0.145685618729, 120097.042351, 286.786141468, 0.288191046089, 2.54209180966, 1.53844580139, 142.29727306, 97.6672291256, 127088.155479, 291.556438482
0.14652173913, 119856.617167, 286.635832403, 0.29283253556, 3.73171938816, 1.58628522337, 144.299507671, 99.1461185063, 127057.562827, 291.556207028
0.147357859532, 119650.529752, 286.491115264, 0.297152792577, 4.94473175788, 1.57320264841, 145.921772919, 100.389167683, 127053.68647, 291.556001688
0.148193979933, 119454.764683, 286.349816604, 0.301339088778, 6.14361793047, 1.54772600911, 147.462607202, 101.564015358, 127055.395617, 291.555804982
0.149030100334, 119263.048523, 286.211440326, 0.305438801867, 7.31770629359, 1.52277620047, 149.003438772, 102.714564065, 127057.069492, 291.555612378
0.149866220736, 119024.349108, 286.041646402, 0.31030120516, 8.70903203903, 1.50234592233, 150.510951221, 103.905640926, 127053.835913, 291.555409768
0.150702341137, 118768.237439, 285.860319284, 0.315435556271, 10.1777479553, 1.48406118239, 152.003841057, 105.101054753, 127048.54831, 291.555205113
0.151538461538, 118517.107859, 285.682519496, 0.320470028765, 11.6178925237, 1.46613216486, 153.49672766, 106.273214117, 127043.363588, 291.55500447
0.15237458194, 118252.662284, 285.495455527, 0.325671939372, 13.1588029352, 1.44911812872, 154.818628377, 107.334943259, 127036.595571, 291.55482683
0.153210702341, 117949.713416, 285.281510016, 0.33141523487, 14.9770452892, 1.43367661809, 155.740076392, 108.176624557, 127026.001952, 291.554696303
0.154046822742, 117650.328832, 285.07008162, 0.337090958641, 16.7738967937, 1.41841670568, 156.661521719, 109.008402863, 127015.533022, 291.55456733
0.154882943144, 117354.445992, 284.861126172, 0.342700296322, 18.5497327808, 1.40333520507, 157.582964357, 109.830451939, 127005.186592, 291.554439884
0.155719063545, 117017.989481, 284.627391625, 0.348717727138, 20.464940201, 1.40434408933, 157.887954162, 110.262685768, 126984.083854, 291.554397353
0.156555183946, 116663.246824, 284.382409103, 0.354926564373, 22.4451208838, 1.41222845422, 157.927512675, 110.529647417, 126958.32685, 291.554390967
0.157391304348, 116308.682469, 284.137549721, 0.361132280467, 24.4243087382, 1.42010884593, 157.967069635, 110.796473883, 126932.582795, 291.554384585
0.158227424749, 115954.296271, 283.892813377, 0.367334877946, 26.4025045679, 1.42798526768, 158.006625041, 111.063165277, 126906.85168, 291.554378208
0.159063545151, 115491.603538, 283.553750913, 0.375392610039, 28.4223177827, 1.37977928204, 157.543268604, 111.050689915, 126892.968248, 291.554447434
0.159899665552, 115025.519512, 283.212113249, 0.383509214774, 30.45434247, 1.33095023, 157.076900563, 111.036458701, 126879.073966, 291.554517519
0.160735785953, 114556.660337, 282.86844141, 0.391674147671, 32.4984692025, 1.28183038157, 156.610531351, 111.022141311, 126865.096977, 291.554588015
0.161571906355, 114032.899089, 282.496677793, 0.400279275533, 34.5136759853, 1.27681243271, 155.877136019, 110.866840438, 126826.416435, 291.55468767
0.162408026756, 113395.957119, 282.06692159, 0.409795319801, 36.4710572589, 1.36237694315, 154.603898502, 110.421835785, 126736.963874, 291.554847297
0.163244147157, 112748.43779, 281.630028683, 0.41946939242, 38.4609466118, 1.44936237997, 153.330660181, 109.969439279, 126646.025815, 291.555009558
0.164080267559, 112090.075388, 281.18581979, 0.429305463246, 40.4841606855, 1.5378044385, 152.057421057, 109.509465229, 126553.56494, 291.555174518
0.16491638796, 111380.143766, 280.665119234, 0.440159295185, 42.3133880787, 1.50762651189, 150.418684902, 108.83778393, 126495.43515, 291.555375843
0.165752508361, 110646.785401, 280.119980935, 0.451414321079, 44.1416499274, 1.45460711207, 148.713433634, 108.113367607, 126442.62107, 291.555587868
0.166588628763, 109896.41439, 279.562196425, 0.462930444961, 46.0123272159, 1.40035778064, 147.008181254, 107.372143627, 126388.58179, 291.555804784
0.167424749164, 109085.90329, 279.001882153, 0.47406712458, 47.7230781828, 1.51656897073, 144.799174757, 106.356816088, 126252.457857, 291.556081879
0.168260869565, 108222.229534, 278.429492996, 0.485172215664, 49.364742043, 1.74268429989, 142.285554743, 105.149269705, 126061.911175, 291.556402159
0.169096989967, 107327.492541, 277.836517114, 0.496676718345, 51.0654536432, 1.97693206836, 139.771933718, 103.898289218, 125864.511258, 291.556733907
0.169933110368, 106496.246169, 277.20955971, 0.508408374931, 52.5482263176, 1.94230032019, 137.449115247, 102.74501923, 125771.076236, 291.557035537
0.170769230769, 105684.540581, 276.555438276, 0.520439139334, 53.9425629822, 1.76950922795, 135.219103278, 101.623783896, 125729.396978, 291.557326433
0.171605351171, 104845.613788, 275.879380548, 0.532873365105, 55.3836625848, 1.59092381304, 132.989089063, 100.464943523, 125686.319883, 291.557627037
0.172441471572, 103931.189872, 275.298039595, 0.543122013761, 56.5854728843, 2.00328541567, 130.14054808, 99.0267595949, 125392.183296, 291.55802075
0.173277591973, 102975.288998, 274.691914474, 0.553801866603, 57.8380394271, 2.44053417336, 127.285540603, 97.5215549282, 125082.187334, 291.558432934
0.174113712375, 102203.715631, 274.108971042, 0.563901225709, 58.9632715979, 2.46195771533, 124.74636137, 96.086653048, 124953.330128, 291.558779136
0.174949832776, 101593.284666, 273.545891508, 0.57349945129, 59.9776760021, 2.11843740539, 122.468035265, 94.7122660376, 124983.348272, 291.559067717
0.175785953177, 100946.947836, 273.019007394, 0.582428509356, 60.9868371396, 2.01657719822, 119.946157874, 93.1799715661, 124914.61181, 291.559394803
0.176622073579, 100242.048203, 272.592502543, 0.58953026801, 61.948726513, 2.46505971091, 116.907860503, 91.3441664517, 124624.849109, 291.559797573
0.17745819398, 99723.2803584, 272.286356171, 0.594633299639, 63.0085041298, 2.82332964481, 113.261978759, 88.8988546156, 124401.372945, 291.5602349
0.178294314381, 99794.7792807, 272.359890544, 0.593429874401, 64.2875844729, 2.88821102872, 107.985679936, 84.804022437, 124390.754061, 291.560745412
0.179130434783, 99894.8323451, 272.446880394, 0.591999402108, 65.31169731, 2.92073165253, 103.975333552, 81.4648343999, 124397.060772, 291.561289295
0.179966555184, 100035.608218, 272.548651919, 0.590315371437, 65.7600219961, 2.890957303, 102.033543337, 79.865739528, 124433.370158, 291.561833699
0.180802675585, 100119.374272, 272.600749319, 0.589447011213, 66.0111497184, 2.84311897454, 100.993177437, 78.9868423663, 124465.915977, 291.562101755
0.181638795987, 100140.375075, 272.598745545, 0.589467378429, 66.0462591025, 2.7774859277, 100.879531516, 78.8958051536, 124493.558103, 291.562069448
0.182474916388, 100138.537477, 272.5919624, 0.589568071009, 66.0615236215, 2.75949589585, 100.83450795, 78.8758661513, 124499.489041, 291.562054403
0.183311036789, 100093.375453, 272.576142655, 0.589820700954, 66.039063755, 2.83198647418, 100.919591833, 78.9909201482, 124464.198041, 291.562072184
0.184147157191, 100048.289516, 272.560349562, 0.590072905281, 66.0166417278, 2.90435492391, 101.004675716, 79.1057803078, 124428.966497, 291.562089936
0.184983277592, 100053.746972, 272.555010417, 0.590150911927, 66.0289310331, 2.87040527723, 100.96542454, 79.0897378216, 124442.162672, 291.56208074
0.185819397993, 100064.259913, 272.550709986, 0.590211598398, 66.044701393, 2.8257973808, 100.913752117, 79.0606000635, 124460.211236, 291.562068842
0.186655518395, 100069.667952, 272.54543423, 0.590288740932, 66.0566410056, 2.79220161487, 100.874724595, 79.0451852785, 124473.274556, 291.56206018
0.187491638796, 100047.204589, 272.534868103, 0.590455209778, 66.0476224749, 2.81884958168, 100.904619765, 79.1046990825, 124459.077034, 291.562069216
0.188327759197, 100024.754531, 272.524308235, 0.590621580014, 66.0386092865, 2.84548176309, 100.934514934, 79.1641776325, 124444.887921, 291.562078247
0.189163879599, 100003.346906, 272.513972273, 0.590784250286, 66.030249341, 2.86994505793, 100.96205333, 79.2210870314, 124431.689428, 291.562086285
0.19, 100001.268277, 272.507724834, 0.590879269789, 66.0340576462, 2.85397124911, 100.945341004, 79.2304043566, 124436.937894, 291.562075772
