z	mom_ax	p	T	p_tot	T_tot	dS	alpha
   -9.900000e-02	   +1.013103e+02	   +1.520113e+05	   +3.062912e+02	   +1.549796e+05	   +3.080000e+02	   +6.837891e-07	   -4.450672e-11
   -9.776589e-02	   +1.013102e+02	   +1.520113e+05	   +3.062912e+02	   +1.549796e+05	   +3.080000e+02	   -6.852529e-06	   -5.125955e-11
   -9.653177e-02	   +1.013102e+02	   +1.520113e+05	   +3.062912e+02	   +1.549796e+05	   +3.080000e+02	   -1.438885e-05	   -5.801239e-11
   -9.529766e-02	   +1.013102e+02	   +1.520113e+05	   +3.062912e+02	   +1.549796e+05	   +3.080000e+02	   -2.192517e-05	   -6.476524e-11
   -9.406355e-02	   +1.013102e+02	   +1.520113e+05	   +3.062912e+02	   +1.549796e+05	   +3.080000e+02	   -2.946150e-05	   -7.151811e-11
   -9.282943e-02	   +1.013102e+02	   +1.520113e+05	   +3.062912e+02	   +1.549796e+05	   +3.080000e+02	   -3.699783e-05	   -7.827098e-11
   -9.159532e-02	   +1.013102e+02	   +1.520113e+05	   +3.062912e+02	   +1.549796e+05	   +3.080000e+02	   -4.453416e-05	   -8.502387e-11
   -9.036120e-02	   +1.013102e+02	   +1.520113e+05	   +3.062912e+02	   +1.549796e+05	   +3.080000e+02	   -5.207049e-05	   -9.177676e-11
   -8.912709e-02	   +1.013102e+02	   +1.520113e+05	   +3.062912e+02	   +1.549796e+05	   +3.080000e+02	   -5.960682e-05	   -9.852967e-11
   -8.789298e-02	   +1.013102e+02	   +1.520113e+05	   +3.062912e+02	   +1.549796e+05	   +3.080000e+02	   -6.714316e-05	   -1.052826e-10
   -8.665886e-02	   +1.013102e+02	   +1.520113e+05	   +3.062912e+02	   +1.549796e+05	   +3.080000e+02	   -6.779859e-05	   -8.278510e-11
   -8.542475e-02	   +1.013102e+02	   +1.520113e+05	   +3.062912e+02	   +1.549796e+05	   +3.080000e+02	   -6.156173e-05	   -3.098884e-11
   -8.419064e-02	   +1.013102e+02	   +1.520113e+05	   +3.062912e+02	   +1.549796e+05	   +3.080000e+02	   -5.532488e-05	   +2.080740e-11
   -8.295652e-02	   +1.013102e+02	   +1.520113e+05	   +3.062912e+02	   +1.549796e+05	   +3.080000e+02	   -4.908802e-05	   +7.260364e-11
   -8.172241e-02	   +1.013102e+02	   +1.520113e+05	   +3.062912e+02	   +1.549796e+05	   +3.080000e+02	   -4.285117e-05	   +1.243998e-10
   -8.048829e-02	   +1.013102e+02	   +1.520113e+05	   +3.062912e+02	   +1.549796e+05	   +3.080000e+02	   -3.661432e-05	   +1.761960e-10
   -7.925418e-02	   +1.013103e+02	   +1.520113e+05	   +3.062912e+02	   +1.549796e+05	   +3.080000e+02	   -3.037747e-05	   +2.279922e-10
   -7.802007e-02	   +1.013103e+02	   +1.520113e+05	   +3.062912e+02	   +1.549796e+05	   +3.080000e+02	   -2.414062e-05	   +2.797884e-10
   -7.678595e-02	   +1.013103e+02	   +1.520113e+05	   +3.062912e+02	   +1.549796e+05	   +3.080000e+02	   -1.790378e-05	   +3.315846e-10
   -7.555184e-02	   +1.013103e+02	   +1.520113e+05	   +3.062912e+02	   +1.549796e+05	   +3.080000e+02	   -1.217580e-05	   +3.669801e-10
   -7.431773e-02	   +1.013103e+02	   +1.520113e+05	   +3.062912e+02	   +1.549796e+05	   +3.080000e+02	   -7.578462e-06	   +3.659354e-10
   -7.308361e-02	   +1.013102e+02	   +1.520113e+05	   +3.062912e+02	   +1.549796e+05	   +3.080000e+02	   -2.981123e-06	   +3.648906e-10
   -7.184950e-02	   +1.013102e+02	   +1.520113e+05	   +3.062912e+02	   +1.549796e+05	   +3.080000e+02	   +1.616219e-06	   +3.638459e-10
   -7.061538e-02	   +1.013102e+02	   +1.520113e+05	   +3.062912e+02	   +1.549796e+05	   +3.080000e+02	   +6.213563e-06	   +3.628012e-10
   -6.938127e-02	   +1.013102e+02	   +1.520113e+05	   +3.062912e+02	   +1.549796e+05	   +3.080000e+02	   +1.081091e-05	   +3.617565e-10
   -6.814716e-02	   +1.013101e+02	   +1.520113e+05	   +3.062912e+02	   +1.549796e+05	   +3.080000e+02	   +1.540825e-05	   +3.607117e-10
   -6.691304e-02	   +1.013101e+02	   +1.520113e+05	   +3.062912e+02	   +1.549796e+05	   +3.080000e+02	   +2.000560e-05	   +3.596670e-10
   -6.567893e-02	   +1.013101e+02	   +1.520113e+05	   +3.062912e+02	   +1.549795e+05	   +3.080000e+02	   +2.113957e-05	   +2.945167e-10
   -6.444482e-02	   +1.013101e+02	   +1.520113e+05	   +3.062912e+02	   +1.549796e+05	   +3.080000e+02	   -9.119514e-07	   -1.997842e-10
   -6.321070e-02	   +1.013102e+02	   +1.520113e+05	   +3.062912e+02	   +1.549796e+05	   +3.080000e+02	   -2.296345e-05	   -6.940847e-10
   -6.197659e-02	   +1.013102e+02	   +1.520113e+05	   +3.062912e+02	   +1.549796e+05	   +3.080000e+02	   -4.501494e-05	   -1.188385e-09
   -6.074247e-02	   +1.013102e+02	   +1.520113e+05	   +3.062912e+02	   +1.549796e+05	   +3.080000e+02	   -6.706640e-05	   -1.682685e-09
   -5.950836e-02	   +1.013103e+02	   +1.520113e+05	   +3.062912e+02	   +1.549796e+05	   +3.080000e+02	   -8.911786e-05	   -2.176985e-09
   -5.827425e-02	   +1.013103e+02	   +1.520113e+05	   +3.062912e+02	   +1.549796e+05	   +3.080000e+02	   -1.111693e-04	   -2.671284e-09
   -5.704013e-02	   +1.013104e+02	   +1.520113e+05	   +3.062912e+02	   +1.549796e+05	   +3.080000e+02	   -1.332207e-04	   -3.165583e-09
   -5.580602e-02	   +1.013103e+02	   +1.520113e+05	   +3.062912e+02	   +1.549796e+05	   +3.080000e+02	   -1.075774e-04	   -2.506363e-09
   -5.457191e-02	   +1.013103e+02	   +1.520113e+05	   +3.062912e+02	   +1.549796e+05	   +3.080000e+02	   -7.394005e-05	   -1.653805e-09
   -5.333779e-02	   +1.013102e+02	   +1.520112e+05	   +3.062912e+02	   +1.549796e+05	   +3.080000e+02	   -4.030267e-05	   -8.012457e-10
   -5.210368e-02	   +1.013101e+02	   +1.520112e+05	   +3.062912e+02	   +1.549796e+05	   +3.080000e+02	   -6.665254e-06	   +5.131440e-11
   -5.086957e-02	   +1.013101e+02	   +1.520112e+05	   +3.062911e+02	   +1.549795e+05	   +3.080000e+02	   +2.697219e-05	   +9.038753e-10
   -4.963545e-02	   +1.013100e+02	   +1.520112e+05	   +3.062911e+02	   +1.549795e+05	   +3.080000e+02	   +6.060968e-05	   +1.756437e-09
   -4.840134e-02	   +1.013100e+02	   +1.520112e+05	   +3.062911e+02	   +1.549795e+05	   +3.080000e+02	   +6.448727e-05	   +3.606956e-09
   -4.716722e-02	   +1.013101e+02	   +1.520112e+05	   +3.062911e+02	   +1.549795e+05	   +3.080000e+02	   +2.330010e-05	   +6.968653e-09
   -4.593311e-02	   +1.013102e+02	   +1.520112e+05	   +3.062911e+02	   +1.549796e+05	   +3.080000e+02	   -1.788701e-05	   +1.033035e-08
   -4.469900e-02	   +1.013103e+02	   +1.520112e+05	   +3.062911e+02	   +1.549796e+05	   +3.080000e+02	   -5.907405e-05	   +1.369203e-08
   -4.346488e-02	   +1.013104e+02	   +1.520112e+05	   +3.062911e+02	   +1.549796e+05	   +3.080000e+02	   -1.002610e-04	   +1.705371e-08
   -4.223077e-02	   +1.013104e+02	   +1.520112e+05	   +3.062911e+02	   +1.549796e+05	   +3.080000e+02	   -1.414479e-04	   +2.041539e-08
   -4.099666e-02	   +1.013104e+02	   +1.520112e+05	   +3.062911e+02	   +1.549796e+05	   +3.080000e+02	   -1.174502e-04	   +1.099405e-08
   -3.976254e-02	   +1.013103e+02	   +1.520111e+05	   +3.062911e+02	   +1.549796e+05	   +3.080000e+02	   -6.142742e-05	   -4.707559e-09
   -3.852843e-02	   +1.013101e+02	   +1.520111e+05	   +3.062911e+02	   +1.549796e+05	   +3.080000e+02	   -5.404506e-06	   -2.040921e-08
   -3.729431e-02	   +1.013100e+02	   +1.520110e+05	   +3.062911e+02	   +1.549795e+05	   +3.080000e+02	   +5.061854e-05	   -3.611090e-08
   -3.606020e-02	   +1.013099e+02	   +1.520110e+05	   +3.062910e+02	   +1.549795e+05	   +3.080000e+02	   +1.066417e-04	   -5.181263e-08
   -3.482609e-02	   +1.013099e+02	   +1.520110e+05	   +3.062910e+02	   +1.549795e+05	   +3.080000e+02	   +6.998343e-05	   -5.844839e-08
   -3.359197e-02	   +1.013101e+02	   +1.520110e+05	   +3.062910e+02	   +1.549796e+05	   +3.080000e+02	   -2.851767e-05	   -5.903475e-08
   -3.235786e-02	   +1.013103e+02	   +1.520110e+05	   +3.062910e+02	   +1.549796e+05	   +3.080000e+02	   -1.270184e-04	   -5.962110e-08
   -3.112375e-02	   +1.013105e+02	   +1.520110e+05	   +3.062910e+02	   +1.549797e+05	   +3.080000e+02	   -2.255188e-04	   -6.020745e-08
   -2.988963e-02	   +1.013106e+02	   +1.520110e+05	   +3.062909e+02	   +1.549797e+05	   +3.080000e+02	   -2.939587e-04	   -4.033733e-08
   -2.865552e-02	   +1.013103e+02	   +1.520109e+05	   +3.062909e+02	   +1.549796e+05	   +3.080000e+02	   -1.366969e-04	   +1.331271e-07
   -2.742140e-02	   +1.013101e+02	   +1.520108e+05	   +3.062909e+02	   +1.549795e+05	   +3.080000e+02	   +2.056570e-05	   +3.065924e-07
   -2.618729e-02	   +1.013098e+02	   +1.520106e+05	   +3.062909e+02	   +1.549795e+05	   +3.080000e+02	   +1.778292e-04	   +4.800587e-07
   -2.495318e-02	   +1.013096e+02	   +1.520105e+05	   +3.062908e+02	   +1.549794e+05	   +3.080000e+02	   +2.704380e-04	   +5.528914e-07
   -2.371906e-02	   +1.013100e+02	   +1.520106e+05	   +3.062908e+02	   +1.549795e+05	   +3.080000e+02	   +2.994077e-05	   +1.072541e-07
   -2.248495e-02	   +1.013104e+02	   +1.520106e+05	   +3.062907e+02	   +1.549796e+05	   +3.080000e+02	   -2.105545e-04	   -3.383796e-07
   -2.125084e-02	   +1.013108e+02	   +1.520106e+05	   +3.062907e+02	   +1.549798e+05	   +3.080000e+02	   -4.510478e-04	   -7.840097e-07
   -2.001672e-02	   +1.013105e+02	   +1.520104e+05	   +3.062906e+02	   +1.549797e+05	   +3.080000e+02	   -2.892993e-04	   -1.456844e-06
   -1.878261e-02	   +1.013099e+02	   +1.520102e+05	   +3.062906e+02	   +1.549795e+05	   +3.080000e+02	   +6.210217e-05	   -2.236811e-06
   -1.754849e-02	   +1.013093e+02	   +1.520099e+05	   +3.062905e+02	   +1.549793e+05	   +3.080000e+02	   +4.135078e-04	   -3.016787e-06
   -1.631438e-02	   +1.013096e+02	   +1.520099e+05	   +3.062904e+02	   +1.549794e+05	   +3.080000e+02	   +2.355196e-04	   +1.423039e-06
   -1.508027e-02	   +1.013105e+02	   +1.520099e+05	   +3.062903e+02	   +1.549797e+05	   +3.080000e+02	   -2.685424e-04	   +9.077888e-06
   -1.384615e-02	   +1.013114e+02	   +1.520100e+05	   +3.062902e+02	   +1.549799e+05	   +3.080000e+02	   -7.725955e-04	   +1.673260e-05
   -1.261204e-02	   +1.013102e+02	   +1.520095e+05	   +3.062901e+02	   +1.549796e+05	   +3.080000e+02	   -9.205472e-05	   +3.743954e-06
   -1.137793e-02	   +1.013089e+02	   +1.520090e+05	   +3.062901e+02	   +1.549792e+05	   +3.080000e+02	   +6.703480e-04	   -1.067129e-05
   -1.014381e-02	   +1.013095e+02	   +1.520089e+05	   +3.062899e+02	   +1.549794e+05	   +3.080000e+02	   +3.048686e-04	   -4.505728e-05
   -8.909699e-03	   +1.013115e+02	   +1.520091e+05	   +3.062897e+02	   +1.549800e+05	   +3.080000e+02	   -8.483656e-04	   -9.339032e-05
   -7.675585e-03	   +1.013108e+02	   +1.520087e+05	   +3.062895e+02	   +1.549797e+05	   +3.080000e+02	   -4.333628e-04	   +7.601767e-05
   -6.441472e-03	   +1.013077e+02	   +1.520076e+05	   +3.062895e+02	   +1.549788e+05	   +3.080000e+02	   +1.303632e-03	   +4.289849e-04
   -5.207358e-03	   +1.013106e+02	   +1.520079e+05	   +3.062892e+02	   +1.549796e+05	   +3.080000e+02	   -2.788528e-04	   -6.078145e-06
   -3.973244e-03	   +1.013130e+02	   +1.520080e+05	   +3.062889e+02	   +1.549802e+05	   +3.080000e+02	   -1.374157e-03	   -9.805155e-04
   -2.739130e-03	   +1.013077e+02	   +1.520056e+05	   +3.062888e+02	   +1.549780e+05	   +3.080000e+02	   +2.772958e-03	   -2.982062e-03
   -1.505017e-03	   +1.013132e+02	   +1.519866e+05	   +3.062879e+02	   +1.549602e+05	   +3.080000e+02	   +3.573556e-02	   +1.250980e-02
   -2.709030e-04	   +1.035969e+02	   +1.518990e+05	   +3.062080e+02	   +1.550102e+05	   +3.080000e+02	   -6.056436e-02	   -2.020420e-02
   +9.632107e-04	   +1.067276e+02	   +1.515946e+05	   +3.060921e+02	   +1.549016e+05	   +3.080000e+02	   +1.348582e-01	   -4.064729e-02
   +2.197324e-03	   +1.139017e+02	   +1.512990e+05	   +3.058173e+02	   +1.550783e+05	   +3.080000e+02	   -2.072538e-01	   -2.782331e-01
   +3.431438e-03	   +1.188894e+02	   +1.507559e+05	   +3.056131e+02	   +1.548766e+05	   +3.080000e+02	   +1.544865e-01	   -5.623374e-01
   +4.665552e-03	   +1.230383e+02	   +1.504871e+05	   +3.054362e+02	   +1.549082e+05	   +3.080000e+02	   +8.439243e-02	   -9.503421e-01
   +5.899666e-03	   +1.275325e+02	   +1.503245e+05	   +3.052421e+02	   +1.550778e+05	   +3.080000e+02	   -2.433795e-01	   -1.466516e+00
   +7.133779e-03	   +1.325083e+02	   +1.496785e+05	   +3.049997e+02	   +1.548313e+05	   +3.080000e+02	   +1.949744e-01	   -2.152181e+00
   +8.367893e-03	   +1.363461e+02	   +1.494024e+05	   +3.048109e+02	   +1.548733e+05	   +3.080000e+02	   +1.019545e-01	   -3.067743e+00
   +9.602007e-03	   +1.397391e+02	   +1.492648e+05	   +3.046457e+02	   +1.550170e+05	   +3.080000e+02	   -1.783658e-01	   -4.043410e+00
   +1.083612e-02	   +1.427397e+02	   +1.488696e+05	   +3.044666e+02	   +1.549156e+05	   +3.080000e+02	   -6.870356e-03	   -5.188860e+00
   +1.207023e-02	   +1.457078e+02	   +1.484692e+05	   +3.042932e+02	   +1.547990e+05	   +3.080000e+02	   +1.931980e-01	   -6.304926e+00
   +1.330435e-02	   +1.482841e+02	   +1.482091e+05	   +3.041207e+02	   +1.548255e+05	   +3.080000e+02	   +1.266801e-01	   -7.733959e+00
   +1.453846e-02	   +1.507155e+02	   +1.480029e+05	   +3.039518e+02	   +1.549016e+05	   +3.080000e+02	   -3.190348e-02	   -9.245853e+00
   +1.577258e-02	   +1.531470e+02	   +1.478033e+05	   +3.037882e+02	   +1.549753e+05	   +3.080000e+02	   -1.854515e-01	   -1.070974e+01
   +1.700669e-02	   +1.548863e+02	   +1.474295e+05	   +3.035617e+02	   +1.549719e+05	   +3.080000e+02	   -2.063204e-01	   -1.317087e+01
   +1.824080e-02	   +1.565838e+02	   +1.470530e+05	   +3.033361e+02	   +1.549642e+05	   +3.080000e+02	   -2.190430e-01	   -1.564068e+01
   +1.947492e-02	   +1.582812e+02	   +1.466846e+05	   +3.031153e+02	   +1.549566e+05	   +3.080000e+02	   -2.314928e-01	   -1.805752e+01
   +2.070903e-02	   +1.591985e+02	   +1.462899e+05	   +3.028743e+02	   +1.549531e+05	   +3.080000e+02	   -2.566008e-01	   -2.064669e+01
   +2.194314e-02	   +1.590687e+02	   +1.458510e+05	   +3.026010e+02	   +1.549548e+05	   +3.080000e+02	   -2.990297e-01	   -2.352492e+01
   +2.317726e-02	   +1.589389e+02	   +1.454114e+05	   +3.023273e+02	   +1.549566e+05	   +3.080000e+02	   -3.415279e-01	   -2.640784e+01
   +2.441137e-02	   +1.588091e+02	   +1.449710e+05	   +3.020531e+02	   +1.549584e+05	   +3.080000e+02	   -3.840956e-01	   -2.929548e+01
   +2.564548e-02	   +1.576246e+02	   +1.443621e+05	   +3.017017e+02	   +1.549041e+05	   +3.080000e+02	   -3.414869e-01	   -3.223000e+01
   +2.687960e-02	   +1.558845e+02	   +1.436516e+05	   +3.013026e+02	   +1.548188e+05	   +3.080000e+02	   -2.523635e-01	   -3.524217e+01
   +2.811371e-02	   +1.541445e+02	   +1.429251e+05	   +3.008944e+02	   +1.547316e+05	   +3.080000e+02	   -1.612280e-01	   -3.832236e+01
   +2.934783e-02	   +1.520878e+02	   +1.421205e+05	   +3.004360e+02	   +1.546364e+05	   +3.080000e+02	   -7.137720e-02	   -4.121344e+01
   +3.058194e-02	   +1.496468e+02	   +1.412155e+05	   +2.999134e+02	   +1.545309e+05	   +3.080000e+02	   +1.701458e-02	   -4.387080e+01
   +3.181605e-02	   +1.472059e+02	   +1.402806e+05	   +2.993734e+02	   +1.544220e+05	   +3.080000e+02	   +1.083377e-01	   -4.661630e+01
   +3.305017e-02	   +1.437857e+02	   +1.393450e+05	   +2.988291e+02	   +1.543008e+05	   +3.080000e+02	   +2.064471e-01	   -4.901869e+01
   +3.428428e-02	   +1.402891e+02	   +1.383659e+05	   +2.982591e+02	   +1.541730e+05	   +3.080000e+02	   +3.096920e-01	   -5.150447e+01
   +3.551839e-02	   +1.364679e+02	   +1.374404e+05	   +2.976982e+02	   +1.540741e+05	   +3.080000e+02	   +3.486661e-01	   -5.365745e+01
   +3.675251e-02	   +1.325719e+02	   +1.364912e+05	   +2.971263e+02	   +1.539625e+05	   +3.080000e+02	   +4.049008e-01	   -5.578743e+01
   +3.798662e-02	   +1.285246e+02	   +1.355587e+05	   +2.965933e+02	   +1.537928e+05	   +3.080000e+02	   +5.709910e-01	   -5.764970e+01
   +3.922074e-02	   +1.254856e+02	   +1.346851e+05	   +2.960410e+02	   +1.537137e+05	   +3.080000e+02	   +5.549129e-01	   -5.917050e+01
   +4.045485e-02	   +1.223875e+02	   +1.338616e+05	   +2.955187e+02	   +1.536344e+05	   +3.080000e+02	   +5.427137e-01	   -6.056982e+01
   +4.168896e-02	   +1.169824e+02	   +1.332532e+05	   +2.951864e+02	   +1.534836e+05	   +3.080000e+02	   +7.201768e-01	   -6.225167e+01
   +4.292308e-02	   +1.073261e+02	   +1.333197e+05	   +2.953174e+02	   +1.533455e+05	   +3.080000e+02	   +1.021228e+00	   -6.460269e+01
   +4.415719e-02	   +1.014115e+02	   +1.337816e+05	   +2.955516e+02	   +1.534907e+05	   +3.080000e+02	   +8.236042e-01	   -6.594459e+01
   +4.539130e-02	   +1.011424e+02	   +1.338205e+05	   +2.955553e+02	   +1.535285e+05	   +3.080000e+02	   +7.537294e-01	   -6.601815e+01
   +4.662542e-02	   +1.014294e+02	   +1.337238e+05	   +2.955362e+02	   +1.534487e+05	   +3.080000e+02	   +8.964059e-01	   -6.595018e+01
   +4.785953e-02	   +1.013042e+02	   +1.337476e+05	   +2.955377e+02	   +1.534732e+05	   +3.080000e+02	   +8.509568e-01	   -6.598517e+01
   +4.909365e-02	   +1.012166e+02	   +1.337684e+05	   +2.955377e+02	   +1.534966e+05	   +3.080001e+02	   +8.069651e-01	   -6.601128e+01
   +5.032776e-02	   +1.014042e+02	   +1.337240e+05	   +2.955248e+02	   +1.534668e+05	   +3.080001e+02	   +8.583232e-01	   -6.596952e+01
   +5.156187e-02	   +1.012816e+02	   +1.337328e+05	   +2.955277e+02	   +1.534709e+05	   +3.079995e+02	   +8.498695e-01	   -6.599813e+01
   +5.279599e-02	   +1.012536e+02	   +1.337375e+05	   +2.955258e+02	   +1.534800e+05	   +3.080001e+02	   +8.337579e-01	   -6.600800e+01
   +5.403010e-02	   +1.014086e+02	   +1.337270e+05	   +2.955147e+02	   +1.534898e+05	   +3.080023e+02	   +8.180515e-01	   -6.598001e+01
   +5.526421e-02	   +1.012598e+02	   +1.337184e+05	   +2.955212e+02	   +1.534655e+05	   +3.080002e+02	   +8.597228e-01	   -6.600719e+01
   +5.649833e-02	   +1.012743e+02	   +1.337219e+05	   +2.955233e+02	   +1.534531e+05	   +3.079920e+02	   +8.592168e-01	   -6.599362e+01
   +5.773244e-02	   +1.014338e+02	   +1.337303e+05	   +2.955189e+02	   +1.534559e+05	   +3.079829e+02	   +8.255397e-01	   -6.594972e+01
   +5.896656e-02	   +1.012317e+02	   +1.336231e+05	   +2.954869e+02	   +1.535033e+05	   +3.080586e+02	   +9.483689e-01	   -6.608555e+01
   +6.020067e-02	   +1.054843e+02	   +1.334026e+05	   +2.953101e+02	   +1.534520e+05	   +3.080018e+02	   +8.216369e-01	   -6.503663e+01
   +6.143478e-02	   +1.127875e+02	   +1.331219e+05	   +2.950580e+02	   +1.533376e+05	   +3.078696e+02	   +5.681759e-01	   -6.335633e+01
   +6.266890e-02	   +1.215422e+02	   +1.323816e+05	   +2.946440e+02	   +1.529409e+05	   +3.077273e+02	   +7.602257e-01	   -6.118379e+01
   +6.390301e-02	   +1.289985e+02	   +1.318150e+05	   +2.943194e+02	   +1.526180e+05	   +3.075982e+02	   +8.824715e-01	   -5.947159e+01
   +6.513712e-02	   +1.337311e+02	   +1.314520e+05	   +2.940934e+02	   +1.523664e+05	   +3.074692e+02	   +9.036487e-01	   -5.825961e+01
   +6.637124e-02	   +1.374709e+02	   +1.311828e+05	   +2.939234e+02	   +1.521465e+05	   +3.073495e+02	   +9.111060e-01	   -5.729127e+01
   +6.760535e-02	   +1.400900e+02	   +1.310028e+05	   +2.938065e+02	   +1.519528e+05	   +3.072357e+02	   +9.045299e-01	   -5.654633e+01
   +6.883946e-02	   +1.424010e+02	   +1.308597e+05	   +2.937124e+02	   +1.517275e+05	   +3.070982e+02	   +8.953912e-01	   -5.582116e+01
   +7.007358e-02	   +1.443270e+02	   +1.307584e+05	   +2.936438e+02	   +1.514612e+05	   +3.069302e+02	   +8.830559e-01	   -5.510793e+01
   +7.130769e-02	   +1.460197e+02	   +1.306747e+05	   +2.935900e+02	   +1.511943e+05	   +3.067640e+02	   +8.822555e-01	   -5.444829e+01
   +7.254181e-02	   +1.468677e+02	   +1.306465e+05	   +2.935838e+02	   +1.509047e+05	   +3.065917e+02	   +9.218987e-01	   -5.392557e+01
   +7.377592e-02	   +1.477158e+02	   +1.306186e+05	   +2.935776e+02	   +1.506184e+05	   +3.064213e+02	   +9.610868e-01	   -5.340884e+01
   +7.501003e-02	   +1.481970e+02	   +1.306571e+05	   +2.936004e+02	   +1.502767e+05	   +3.061967e+02	   +9.537118e-01	   -5.284071e+01
   +7.624415e-02	   +1.485699e+02	   +1.307149e+05	   +2.936317e+02	   +1.499196e+05	   +3.059568e+02	   +9.327625e-01	   -5.225893e+01
   +7.747826e-02	   +1.489367e+02	   +1.307687e+05	   +2.936613e+02	   +1.495602e+05	   +3.057167e+02	   +9.152390e-01	   -5.167377e+01
   +7.871237e-02	   +1.492532e+02	   +1.307913e+05	   +2.936790e+02	   +1.491682e+05	   +3.054668e+02	   +9.254302e-01	   -5.103898e+01
   +7.994649e-02	   +1.495697e+02	   +1.308139e+05	   +2.936967e+02	   +1.487780e+05	   +3.052179e+02	   +9.355782e-01	   -5.040688e+01
   +8.118060e-02	   +1.498813e+02	   +1.308319e+05	   +2.937104e+02	   +1.483651e+05	   +3.049539e+02	   +9.425054e-01	   -4.972628e+01
   +8.241472e-02	   +1.501764e+02	   +1.308347e+05	   +2.937113e+02	   +1.478731e+05	   +3.046369e+02	   +9.388069e-01	   -4.887780e+01
   +8.364883e-02	   +1.504714e+02	   +1.308374e+05	   +2.937122e+02	   +1.473830e+05	   +3.043212e+02	   +9.351229e-01	   -4.803265e+01
   +8.488294e-02	   +1.508374e+02	   +1.308266e+05	   +2.937007e+02	   +1.468780e+05	   +3.039930e+02	   +9.193389e-01	   -4.712031e+01
   +8.611706e-02	   +1.514887e+02	   +1.307613e+05	   +2.936402e+02	   +1.463091e+05	   +3.036121e+02	   +8.551913e-01	   -4.593206e+01
   +8.735117e-02	   +1.521400e+02	   +1.306965e+05	   +2.935801e+02	   +1.457450e+05	   +3.032344e+02	   +7.915928e-01	   -4.475398e+01
   +8.858528e-02	   +1.526300e+02	   +1.306282e+05	   +2.935220e+02	   +1.451530e+05	   +3.028432e+02	   +7.423781e-01	   -4.354515e+01
   +8.981940e-02	   +1.518242e+02	   +1.305263e+05	   +2.934748e+02	   +1.442957e+05	   +3.023159e+02	   +8.049840e-01	   -4.200397e+01
   +9.105351e-02	   +1.510184e+02	   +1.304232e+05	   +2.934272e+02	   +1.434292e+05	   +3.017830e+02	   +8.682580e-01	   -4.044635e+01
   +9.228763e-02	   +1.501443e+02	   +1.303197e+05	   +2.933773e+02	   +1.425558e+05	   +3.012437e+02	   +9.250873e-01	   -3.886167e+01
   +9.352174e-02	   +1.483088e+02	   +1.302230e+05	   +2.933024e+02	   +1.417020e+05	   +3.006851e+02	   +8.813244e-01	   -3.710042e+01
   +9.475585e-02	   +1.464732e+02	   +1.301239e+05	   +2.932256e+02	   +1.408268e+05	   +3.001124e+02	   +8.364647e-01	   -3.529502e+01
   +9.598997e-02	   +1.445739e+02	   +1.300039e+05	   +2.931417e+02	   +1.399413e+05	   +2.995401e+02	   +8.137503e-01	   -3.345437e+01
   +9.722408e-02	   +1.423250e+02	   +1.297777e+05	   +2.930269e+02	   +1.390963e+05	   +2.990341e+02	   +9.201022e-01	   -3.161897e+01
   +9.845819e-02	   +1.400762e+02	   +1.295442e+05	   +2.929083e+02	   +1.382242e+05	   +2.985118e+02	   +1.029869e+00	   -2.972463e+01
   +9.969231e-02	   +1.373917e+02	   +1.293371e+05	   +2.927871e+02	   +1.373948e+05	   +2.979953e+02	   +1.072651e+00	   -2.777144e+01
   +1.009264e-01	   +1.341738e+02	   +1.291638e+05	   +2.926622e+02	   +1.366184e+05	   +2.974848e+02	   +1.028576e+00	   -2.573605e+01
   +1.021605e-01	   +1.309560e+02	   +1.289819e+05	   +2.925311e+02	   +1.358038e+05	   +2.969491e+02	   +9.823351e-01	   -2.360064e+01
   +1.033946e-01	   +1.277969e+02	   +1.286453e+05	   +2.923356e+02	   +1.349784e+05	   +2.964443e+02	   +1.060998e+00	   -2.117075e+01
   +1.046288e-01	   +1.246398e+02	   +1.282864e+05	   +2.921280e+02	   +1.341122e+05	   +2.959160e+02	   +1.148295e+00	   -1.861089e+01
   +1.058629e-01	   +1.217477e+02	   +1.278665e+05	   +2.918475e+02	   +1.332741e+05	   +2.953716e+02	   +1.124524e+00	   -1.560479e+01
   +1.070970e-01	   +1.189679e+02	   +1.274081e+05	   +2.915266e+02	   +1.324276e+05	   +2.948062e+02	   +1.049533e+00	   -1.231969e+01
   +1.083311e-01	   +1.166903e+02	   +1.267994e+05	   +2.911510e+02	   +1.315329e+05	   +2.942548e+02	   +1.130201e+00	   -8.838418e+00
   +1.095652e-01	   +1.146931e+02	   +1.260955e+05	   +2.907392e+02	   +1.306006e+05	   +2.937059e+02	   +1.303991e+00	   -5.205336e+00
   +1.107993e-01	   +1.126504e+02	   +1.254534e+05	   +2.902981e+02	   +1.297858e+05	   +2.931615e+02	   +1.244286e+00	   -1.418351e+00
   +1.120334e-01	   +1.104481e+02	   +1.248145e+05	   +2.898393e+02	   +1.289824e+05	   +2.926040e+02	   +1.119188e+00	   +2.537584e+00
   +1.132676e-01	   +1.054845e+02	   +1.241345e+05	   +2.894128e+02	   +1.280210e+05	   +2.920009e+02	   +1.208578e+00	   +7.175227e+00
   +1.145017e-01	   +1.025676e+02	   +1.236248e+05	   +2.891516e+02	   +1.273400e+05	   +2.916342e+02	   +1.480634e+00	   +1.001219e+01
   +1.157358e-01	   +1.019133e+02	   +1.233562e+05	   +2.891076e+02	   +1.270442e+05	   +2.915771e+02	   +1.951751e+00	   +1.048599e+01
   +1.169699e-01	   +1.012655e+02	   +1.235394e+05	   +2.891333e+02	   +1.271801e+05	   +2.915677e+02	   +1.615511e+00	   +1.063517e+01
   +1.182040e-01	   +1.006183e+02	   +1.237734e+05	   +2.891668e+02	   +1.273641e+05	   +2.915634e+02	   +1.188306e+00	   +1.075106e+01
   +1.194381e-01	   +1.009504e+02	   +1.236507e+05	   +2.891458e+02	   +1.272682e+05	   +2.915625e+02	   +1.400079e+00	   +1.071764e+01
   +1.206722e-01	   +1.014276e+02	   +1.234766e+05	   +2.891170e+02	   +1.271318e+05	   +2.915622e+02	   +1.704302e+00	   +1.066247e+01
   +1.219064e-01	   +1.012158e+02	   +1.235480e+05	   +2.891290e+02	   +1.271871e+05	   +2.915621e+02	   +1.579955e+00	   +1.069153e+01
   +1.231405e-01	   +1.008704e+02	   +1.236676e+05	   +2.891489e+02	   +1.272800e+05	   +2.915620e+02	   +1.371564e+00	   +1.073716e+01
   +1.243746e-01	   +1.010077e+02	   +1.236259e+05	   +2.891410e+02	   +1.272491e+05	   +2.915620e+02	   +1.440684e+00	   +1.071969e+01
   +1.256087e-01	   +1.012623e+02	   +1.235452e+05	   +2.891263e+02	   +1.271883e+05	   +2.915620e+02	   +1.576882e+00	   +1.068698e+01
   +1.268428e-01	   +1.011703e+02	   +1.235669e+05	   +2.891310e+02	   +1.272035e+05	   +2.915620e+02	   +1.542943e+00	   +1.070433e+01
   +1.280769e-01	   +1.009754e+02	   +1.236192e+05	   +2.891416e+02	   +1.272412e+05	   +2.915619e+02	   +1.458331e+00	   +1.073663e+01
   +1.293110e-01	   +1.010404e+02	   +1.236094e+05	   +2.891382e+02	   +1.272362e+05	   +2.915620e+02	   +1.469437e+00	   +1.072917e+01
   +1.305452e-01	   +1.011976e+02	   +1.235776e+05	   +2.891299e+02	   +1.272161e+05	   +2.915620e+02	   +1.514508e+00	   +1.070761e+01
   +1.317793e-01	   +1.011498e+02	   +1.235793e+05	   +2.891332e+02	   +1.272130e+05	   +2.915620e+02	   +1.521638e+00	   +1.066204e+01
   +1.330134e-01	   +1.010160e+02	   +1.235952e+05	   +2.891412e+02	   +1.272170e+05	   +2.915619e+02	   +1.512868e+00	   +1.060625e+01
   +1.342475e-01	   +1.011076e+02	   +1.235619e+05	   +2.891292e+02	   +1.272009e+05	   +2.915620e+02	   +1.548426e+00	   +1.090663e+01
   +1.354816e-01	   +1.032067e+02	   +1.234195e+05	   +2.890240e+02	   +1.272124e+05	   +2.915617e+02	   +1.513835e+00	   +1.063894e+01
   +1.367157e-01	   +1.084740e+02	   +1.231189e+05	   +2.887844e+02	   +1.272619e+05	   +2.915610e+02	   +1.381024e+00	   +9.256671e+00
   +1.379498e-01	   +1.155785e+02	   +1.225288e+05	   +2.884206e+02	   +1.271965e+05	   +2.915601e+02	   +1.493783e+00	   +7.582791e+00
   +1.391839e-01	   +1.214740e+02	   +1.220499e+05	   +2.881033e+02	   +1.271735e+05	   +2.915592e+02	   +1.512006e+00	   +5.987720e+00
   +1.404181e-01	   +1.266001e+02	   +1.216312e+05	   +2.878215e+02	   +1.271582e+05	   +2.915585e+02	   +1.514993e+00	   +4.456116e+00
   +1.416522e-01	   +1.307009e+02	   +1.212505e+05	   +2.875754e+02	   +1.271271e+05	   +2.915579e+02	   +1.555544e+00	   +2.916566e+00
   +1.428863e-01	   +1.346204e+02	   +1.208943e+05	   +2.873256e+02	   +1.271257e+05	   +2.915574e+02	   +1.526964e+00	   +1.321582e+00
   +1.441204e-01	   +1.384368e+02	   +1.205588e+05	   +2.870794e+02	   +1.271398e+05	   +2.915569e+02	   +1.463113e+00	   -2.667281e-01
   +1.453545e-01	   +1.415044e+02	   +1.201941e+05	   +2.868468e+02	   +1.271005e+05	   +2.915565e+02	   +1.519179e+00	   -2.063929e+00
   +1.465886e-01	   +1.444597e+02	   +1.198377e+05	   +2.866240e+02	   +1.270552e+05	   +2.915562e+02	   +1.590105e+00	   -3.829614e+00
   +1.478227e-01	   +1.467785e+02	   +1.195412e+05	   +2.864122e+02	   +1.270546e+05	   +2.915559e+02	   +1.559020e+00	   -5.620509e+00
   +1.490569e-01	   +1.490527e+02	   +1.192570e+05	   +2.862071e+02	   +1.270571e+05	   +2.915556e+02	   +1.522033e+00	   -7.362853e+00
   +1.502910e-01	   +1.512693e+02	   +1.188936e+05	   +2.859491e+02	   +1.270511e+05	   +2.915553e+02	   +1.493060e+00	   -9.469022e+00
   +1.515251e-01	   +1.534728e+02	   +1.185211e+05	   +2.856853e+02	   +1.270434e+05	   +2.915550e+02	   +1.466465e+00	   -1.160765e+01
   +1.527592e-01	   +1.552425e+02	   +1.181129e+05	   +2.853967e+02	   +1.270317e+05	   +2.915548e+02	   +1.442042e+00	   -1.401306e+01
   +1.539933e-01	   +1.566025e+02	   +1.176694e+05	   +2.850835e+02	   +1.270162e+05	   +2.915546e+02	   +1.419438e+00	   -1.667760e+01
   +1.552274e-01	   +1.578647e+02	   +1.172267e+05	   +2.847715e+02	   +1.269992e+05	   +2.915544e+02	   +1.399756e+00	   -1.932106e+01
   +1.564615e-01	   +1.579231e+02	   +1.167030e+05	   +2.844098e+02	   +1.269612e+05	   +2.915544e+02	   +1.411397e+00	   -2.224749e+01
   +1.576957e-01	   +1.579815e+02	   +1.161797e+05	   +2.840485e+02	   +1.269232e+05	   +2.915544e+02	   +1.423029e+00	   -2.517176e+01
   +1.589298e-01	   +1.576179e+02	   +1.155659e+05	   +2.836082e+02	   +1.268952e+05	   +2.915544e+02	   +1.387619e+00	   -2.812878e+01
   +1.601639e-01	   +1.569295e+02	   +1.148777e+05	   +2.831037e+02	   +1.268747e+05	   +2.915545e+02	   +1.315514e+00	   -3.113270e+01
   +1.613980e-01	   +1.561420e+02	   +1.141641e+05	   +2.825852e+02	   +1.268448e+05	   +2.915547e+02	   +1.259244e+00	   -3.414755e+01
   +1.626321e-01	   +1.542627e+02	   +1.132235e+05	   +2.819505e+02	   +1.267127e+05	   +2.915549e+02	   +1.385601e+00	   -3.704126e+01
   +1.638662e-01	   +1.523834e+02	   +1.122597e+05	   +2.813002e+02	   +1.265774e+05	   +2.915551e+02	   +1.515074e+00	   -4.000634e+01
   +1.651003e-01	   +1.500435e+02	   +1.112202e+05	   +2.805463e+02	   +1.264839e+05	   +2.915554e+02	   +1.496116e+00	   -4.275837e+01
   +1.663344e-01	   +1.475266e+02	   +1.101264e+05	   +2.797331e+02	   +1.264051e+05	   +2.915557e+02	   +1.417032e+00	   -4.548835e+01
   +1.675686e-01	   +1.443668e+02	   +1.089395e+05	   +2.789049e+02	   +1.262202e+05	   +2.915561e+02	   +1.554952e+00	   -4.805344e+01
   +1.688027e-01	   +1.406567e+02	   +1.076461e+05	   +2.780477e+02	   +1.259348e+05	   +2.915566e+02	   +1.893578e+00	   -5.051460e+01
   +1.700368e-01	   +1.371726e+02	   +1.063970e+05	   +2.771296e+02	   +1.257660e+05	   +2.915571e+02	   +1.921235e+00	   -5.277584e+01
   +1.712709e-01	   +1.338811e+02	   +1.051845e+05	   +2.761525e+02	   +1.257037e+05	   +2.915575e+02	   +1.663124e+00	   -5.486090e+01
   +1.725050e-01	   +1.299236e+02	   +1.038600e+05	   +2.752529e+02	   +1.253691e+05	   +2.915581e+02	   +2.035893e+00	   -5.674021e+01
   +1.737391e-01	   +1.257671e+02	   +1.024700e+05	   +2.743546e+02	   +1.249402e+05	   +2.915587e+02	   +2.611869e+00	   -5.858421e+01
   +1.749732e-01	   +1.224042e+02	   +1.015759e+05	   +2.735298e+02	   +1.249842e+05	   +2.915591e+02	   +2.108682e+00	   -6.007171e+01
   +1.762074e-01	   +1.184149e+02	   +1.005962e+05	   +2.728068e+02	   +1.247704e+05	   +2.915596e+02	   +2.239782e+00	   -6.153212e+01
   +1.774415e-01	   +1.133675e+02	   +9.972192e+04	   +2.722850e+02	   +1.244016e+05	   +2.915602e+02	   +2.822143e+00	   -6.305245e+01
   +1.786756e-01	   +1.055797e+02	   +9.982975e+04	   +2.723959e+02	   +1.243856e+05	   +2.915610e+02	   +2.920002e+00	   -6.498369e+01
   +1.799097e-01	   +1.021656e+02	   +1.000259e+05	   +2.725416e+02	   +1.244309e+05	   +2.915618e+02	   +2.893072e+00	   -6.580029e+01
   +1.811438e-01	   +1.009468e+02	   +1.001279e+05	   +2.725999e+02	   +1.244772e+05	   +2.915621e+02	   +2.816414e+00	   -6.609708e+01
   +1.823779e-01	   +1.008246e+02	   +1.001438e+05	   +2.725938e+02	   +1.245036e+05	   +2.915621e+02	   +2.751135e+00	   -6.613578e+01
   +1.836120e-01	   +1.009502e+02	   +1.000771e+05	   +2.725705e+02	   +1.244515e+05	   +2.915621e+02	   +2.858106e+00	   -6.610260e+01
   +1.848462e-01	   +1.009739e+02	   +1.000520e+05	   +2.725557e+02	   +1.244392e+05	   +2.915621e+02	   +2.877768e+00	   -6.609796e+01
   +1.860803e-01	   +1.008976e+02	   +1.000675e+05	   +2.725494e+02	   +1.244658e+05	   +2.915621e+02	   +2.811922e+00	   -6.612126e+01
   +1.873144e-01	   +1.008983e+02	   +1.000520e+05	   +2.725371e+02	   +1.244621e+05	   +2.915621e+02	   +2.813253e+00	   -6.612117e+01
   +1.885485e-01	   +1.009424e+02	   +1.000188e+05	   +2.725215e+02	   +1.244411e+05	   +2.915621e+02	   +2.852560e+00	   -6.610785e+01
   +1.897826e-01	   +1.009497e+02	   +1.000018e+05	   +2.725094e+02	   +1.244356e+05	   +2.915621e+02	   +2.858173e+00	   -6.610469e+01
   +1.910167e-01	   +1.009250e+02	   +9.999874e+04	   +2.725001e+02	   +1.244433e+05	   +2.915621e+02	   +2.834587e+00	   -6.611032e+01
   +1.922508e-01	   +1.009068e+02	   +9.999298e+04	   +2.724906e+02	   +1.244482e+05	   +2.915621e+02	   +2.817519e+00	   -6.611390e+01
   +1.934849e-01	   +1.009199e+02	   +9.997418e+04	   +2.724795e+02	   +1.244391e+05	   +2.915621e+02	   +2.832101e+00	   -6.610756e+01
   +1.947191e-01	   +1.009331e+02	   +9.995538e+04	   +2.724685e+02	   +1.244300e+05	   +2.915621e+02	   +2.846680e+00	   -6.610122e+01
   +1.959532e-01	   +1.009362e+02	   +9.994282e+04	   +2.724589e+02	   +1.244266e+05	   +2.915621e+02	   +2.848805e+00	   -6.609783e+01
   +1.971873e-01	   +1.009301e+02	   +9.993602e+04	   +2.724508e+02	   +1.244286e+05	   +2.915621e+02	   +2.839393e+00	   -6.609717e+01
   +1.984214e-01	   +1.009241e+02	   +9.992923e+04	   +2.724427e+02	   +1.244305e+05	   +2.915621e+02	   +2.829980e+00	   -6.609651e+01
   +1.996555e-01	   +1.009223e+02	   +9.992016e+04	   +2.724352e+02	   +1.244288e+05	   +2.915621e+02	   +2.829494e+00	   -6.609439e+01
   +2.008896e-01	   +1.009241e+02	   +9.990922e+04	   +2.724283e+02	   +1.244241e+05	   +2.915621e+02	   +2.836275e+00	   -6.609108e+01
   +2.021237e-01	   +1.009259e+02	   +9.989829e+04	   +2.724213e+02	   +1.244194e+05	   +2.915621e+02	   +2.843056e+00	   -6.608778e+01
   +2.033579e-01	   +1.009276e+02	   +9.988893e+04	   +2.724149e+02	   +1.244161e+05	   +2.915621e+02	   +2.846925e+00	   -6.608480e+01
   +2.045920e-01	   +1.009286e+02	   +9.988463e+04	   +2.724099e+02	   +1.244172e+05	   +2.915621e+02	   +2.841397e+00	   -6.608287e+01
   +2.058261e-01	   +1.009296e+02	   +9.988033e+04	   +2.724049e+02	   +1.244183e+05	   +2.915621e+02	   +2.835869e+00	   -6.608094e+01
   +2.070602e-01	   +1.009307e+02	   +9.987603e+04	   +2.723999e+02	   +1.244194e+05	   +2.915621e+02	   +2.830342e+00	   -6.607901e+01
   +2.082943e-01	   +1.009295e+02	   +9.987160e+04	   +2.723964e+02	   +1.244184e+05	   +2.915621e+02	   +2.830645e+00	   -6.607778e+01
   +2.095284e-01	   +1.009265e+02	   +9.986707e+04	   +2.723942e+02	   +1.244156e+05	   +2.915621e+02	   +2.835890e+00	   -6.607715e+01
   +2.107625e-01	   +1.009234e+02	   +9.986253e+04	   +2.723919e+02	   +1.244128e+05	   +2.915621e+02	   +2.841134e+00	   -6.607651e+01
   +2.119967e-01	   +1.009204e+02	   +9.985799e+04	   +2.723897e+02	   +1.244099e+05	   +2.915621e+02	   +2.846380e+00	   -6.607587e+01
   +2.132308e-01	   +1.009207e+02	   +9.985589e+04	   +2.723881e+02	   +1.244093e+05	   +2.915621e+02	   +2.846923e+00	   -6.607511e+01
   +2.144649e-01	   +1.009254e+02	   +9.985703e+04	   +2.723875e+02	   +1.244116e+05	   +2.915621e+02	   +2.841193e+00	   -6.607418e+01
   +2.156990e-01	   +1.009302e+02	   +9.985818e+04	   +2.723869e+02	   +1.244139e+05	   +2.915621e+02	   +2.835465e+00	   -6.607325e+01
   +2.169331e-01	   +1.009349e+02	   +9.985933e+04	   +2.723863e+02	   +1.244161e+05	   +2.915620e+02	   +2.829737e+00	   -6.607231e+01
   +2.181672e-01	   +1.009396e+02	   +9.986047e+04	   +2.723857e+02	   +1.244184e+05	   +2.915620e+02	   +2.824009e+00	   -6.607138e+01
   +2.194013e-01	   +1.009348e+02	   +9.986242e+04	   +2.723886e+02	   +1.244171e+05	   +2.915621e+02	   +2.828959e+00	   -6.607334e+01
   +2.206355e-01	   +1.009283e+02	   +9.986450e+04	   +2.723921e+02	   +1.244152e+05	   +2.915621e+02	   +2.835675e+00	   -6.607579e+01
   +2.218696e-01	   +1.009219e+02	   +9.986658e+04	   +2.723955e+02	   +1.244133e+05	   +2.915622e+02	   +2.842391e+00	   -6.607823e+01
   +2.231037e-01	   +1.009154e+02	   +9.986866e+04	   +2.723990e+02	   +1.244113e+05	   +2.915623e+02	   +2.849109e+00	   -6.608067e+01
   +2.243378e-01	   +1.009090e+02	   +9.987074e+04	   +2.724025e+02	   +1.244094e+05	   +2.915623e+02	   +2.855827e+00	   -6.608311e+01
   +2.255719e-01	   +1.009141e+02	   +9.987780e+04	   +2.724067e+02	   +1.244128e+05	   +2.915623e+02	   +2.850484e+00	   -6.608406e+01
   +2.268060e-01	   +1.009224e+02	   +9.988622e+04	   +2.724112e+02	   +1.244175e+05	   +2.915622e+02	   +2.841866e+00	   -6.608461e+01
   +2.280401e-01	   +1.009308e+02	   +9.989463e+04	   +2.724157e+02	   +1.244223e+05	   +2.915621e+02	   +2.833251e+00	   -6.608516e+01
   +2.292742e-01	   +1.009391e+02	   +9.990304e+04	   +2.724202e+02	   +1.244271e+05	   +2.915621e+02	   +2.824636e+00	   -6.608571e+01
   +2.305084e-01	   +1.009474e+02	   +9.991145e+04	   +2.724247e+02	   +1.244318e+05	   +2.915620e+02	   +2.816023e+00	   -6.608626e+01
   +2.317425e-01	   +1.009526e+02	   +9.991999e+04	   +2.724301e+02	   +1.244356e+05	   +2.915619e+02	   +2.810326e+00	   -6.608747e+01
   +2.329766e-01	   +1.009420e+02	   +9.992922e+04	   +2.724399e+02	   +1.244341e+05	   +2.915618e+02	   +2.819254e+00	   -6.609203e+01
   +2.342107e-01	   +1.009314e+02	   +9.993846e+04	   +2.724497e+02	   +1.244326e+05	   +2.915617e+02	   +2.828184e+00	   -6.609659e+01
   +2.354448e-01	   +1.009208e+02	   +9.994770e+04	   +2.724595e+02	   +1.244312e+05	   +2.915615e+02	   +2.837115e+00	   -6.610115e+01
   +2.366789e-01	   +1.009102e+02	   +9.995693e+04	   +2.724693e+02	   +1.244297e+05	   +2.915614e+02	   +2.846049e+00	   -6.610572e+01
   +2.379130e-01	   +1.008996e+02	   +9.996618e+04	   +2.724792e+02	   +1.244283e+05	   +2.915613e+02	   +2.854984e+00	   -6.611028e+01
   +2.391472e-01	   +1.008890e+02	   +9.997542e+04	   +2.724890e+02	   +1.244268e+05	   +2.915611e+02	   +2.863922e+00	   -6.611485e+01
   +2.403813e-01	   +1.009009e+02	   +9.999093e+04	   +2.724993e+02	   +1.244337e+05	   +2.915615e+02	   +2.855087e+00	   -6.611301e+01
   +2.416154e-01	   +1.009142e+02	   +1.000068e+05	   +2.725096e+02	   +1.244411e+05	   +2.915619e+02	   +2.845231e+00	   -6.611080e+01
   +2.428495e-01	   +1.009274e+02	   +1.000227e+05	   +2.725199e+02	   +1.244484e+05	   +2.915623e+02	   +2.835378e+00	   -6.610859e+01
   +2.440836e-01	   +1.009406e+02	   +1.000385e+05	   +2.725302e+02	   +1.244558e+05	   +2.915627e+02	   +2.825527e+00	   -6.610638e+01
   +2.453177e-01	   +1.009539e+02	   +1.000544e+05	   +2.725405e+02	   +1.244632e+05	   +2.915632e+02	   +2.815679e+00	   -6.610417e+01
   +2.465518e-01	   +1.009671e+02	   +1.000702e+05	   +2.725508e+02	   +1.244705e+05	   +2.915636e+02	   +2.805833e+00	   -6.610196e+01
   +2.477860e-01	   +1.009782e+02	   +1.000858e+05	   +2.725613e+02	   +1.244773e+05	   +2.915640e+02	   +2.797573e+00	   -6.609957e+01
   +2.490201e-01	   +1.009610e+02	   +1.000983e+05	   +2.725750e+02	   +1.244768e+05	   +2.915652e+02	   +2.810945e+00	   -6.609459e+01
   +2.502542e-01	   +1.009438e+02	   +1.001108e+05	   +2.725887e+02	   +1.244762e+05	   +2.915663e+02	   +2.824322e+00	   -6.608961e+01
   +2.514883e-01	   +1.009266e+02	   +1.001233e+05	   +2.726024e+02	   +1.244756e+05	   +2.915675e+02	   +2.837703e+00	   -6.608463e+01
   +2.527224e-01	   +1.009094e+02	   +1.001357e+05	   +2.726161e+02	   +1.244750e+05	   +2.915686e+02	   +2.851089e+00	   -6.607965e+01
   +2.539565e-01	   +1.008921e+02	   +1.001482e+05	   +2.726298e+02	   +1.244744e+05	   +2.915698e+02	   +2.864479e+00	   -6.607467e+01
   +2.551906e-01	   +1.008749e+02	   +1.001607e+05	   +2.726435e+02	   +1.244738e+05	   +2.915709e+02	   +2.877874e+00	   -6.606968e+01
   +2.564247e-01	   +1.008577e+02	   +1.001732e+05	   +2.726572e+02	   +1.244732e+05	   +2.915721e+02	   +2.891274e+00	   -6.606470e+01
   +2.576589e-01	   +1.008608e+02	   +1.001821e+05	   +2.726602e+02	   +1.244773e+05	   +2.915687e+02	   +2.874526e+00	   -6.604616e+01
   +2.588930e-01	   +1.008864e+02	   +1.001870e+05	   +2.726512e+02	   +1.244866e+05	   +2.915603e+02	   +2.824230e+00	   -6.601255e+01
   +2.601271e-01	   +1.009121e+02	   +1.001918e+05	   +2.726422e+02	   +1.244958e+05	   +2.915519e+02	   +2.773960e+00	   -6.597895e+01
   +2.613612e-01	   +1.009378e+02	   +1.001967e+05	   +2.726332e+02	   +1.245051e+05	   +2.915434e+02	   +2.723715e+00	   -6.594538e+01
   +2.625953e-01	   +1.009634e+02	   +1.002016e+05	   +2.726242e+02	   +1.245143e+05	   +2.915350e+02	   +2.673496e+00	   -6.591182e+01
   +2.638294e-01	   +1.009891e+02	   +1.002064e+05	   +2.726153e+02	   +1.245236e+05	   +2.915266e+02	   +2.623302e+00	   -6.587828e+01
   +2.650635e-01	   +1.010148e+02	   +1.002113e+05	   +2.726063e+02	   +1.245328e+05	   +2.915182e+02	   +2.573134e+00	   -6.584475e+01
   +2.662977e-01	   +1.010404e+02	   +1.002162e+05	   +2.725973e+02	   +1.245421e+05	   +2.915098e+02	   +2.522992e+00	   -6.581124e+01
   +2.675318e-01	   +1.010597e+02	   +1.002172e+05	   +2.725879e+02	   +1.245507e+05	   +2.915043e+02	   +2.482300e+00	   -6.576850e+01
   +2.687659e-01	   +1.010175e+02	   +1.001818e+05	   +2.725742e+02	   +1.245539e+05	   +2.915256e+02	   +2.532347e+00	   -6.563674e+01
   +2.700000e-01	   +1.009752e+02	   +1.001464e+05	   +2.725605e+02	   +1.245571e+05	   +2.915470e+02	   +2.582435e+00	   -6.550487e+01
