z	mom_ax	p	T	p_tot	T_tot	dS	alpha
   -9.900000e-02	   +1.013184e+02	   +1.520105e+05	   +3.062908e+02	   +1.549793e+05	   +3.079999e+02	   +6.061245e-07	   +2.931972e-11
   -9.776589e-02	   +1.013185e+02	   +1.520106e+05	   +3.062908e+02	   +1.549793e+05	   +3.079999e+02	   -8.290330e-05	   +2.765768e-11
   -9.653177e-02	   +1.013187e+02	   +1.520106e+05	   +3.062908e+02	   +1.549794e+05	   +3.079999e+02	   -1.664125e-04	   +2.599565e-11
   -9.529766e-02	   +1.013188e+02	   +1.520106e+05	   +3.062908e+02	   +1.549794e+05	   +3.079999e+02	   -2.499215e-04	   +2.433362e-11
   -9.406355e-02	   +1.013190e+02	   +1.520107e+05	   +3.062908e+02	   +1.549795e+05	   +3.079999e+02	   -3.334302e-04	   +2.267160e-11
   -9.282943e-02	   +1.013191e+02	   +1.520107e+05	   +3.062908e+02	   +1.549795e+05	   +3.079999e+02	   -4.169388e-04	   +2.100958e-11
   -9.159532e-02	   +1.013192e+02	   +1.520108e+05	   +3.062908e+02	   +1.549796e+05	   +3.079999e+02	   -5.004471e-04	   +1.934757e-11
   -9.036120e-02	   +1.013194e+02	   +1.520108e+05	   +3.062908e+02	   +1.549796e+05	   +3.079999e+02	   -5.839551e-04	   +1.768556e-11
   -8.912709e-02	   +1.013195e+02	   +1.520108e+05	   +3.062908e+02	   +1.549797e+05	   +3.079999e+02	   -6.674629e-04	   +1.602356e-11
   -8.789298e-02	   +1.013196e+02	   +1.520109e+05	   +3.062908e+02	   +1.549797e+05	   +3.079999e+02	   -7.509706e-04	   +1.436156e-11
   -8.665886e-02	   +1.013196e+02	   +1.520109e+05	   +3.062908e+02	   +1.549797e+05	   +3.079999e+02	   -7.331424e-04	   +1.562758e-12
   -8.542475e-02	   +1.013194e+02	   +1.520108e+05	   +3.062908e+02	   +1.549796e+05	   +3.079999e+02	   -6.138108e-04	   -2.239134e-11
   -8.419064e-02	   +1.013192e+02	   +1.520108e+05	   +3.062908e+02	   +1.549796e+05	   +3.079999e+02	   -4.944788e-04	   -4.634553e-11
   -8.295652e-02	   +1.013190e+02	   +1.520107e+05	   +3.062908e+02	   +1.549795e+05	   +3.079999e+02	   -3.751462e-04	   -7.029981e-11
   -8.172241e-02	   +1.013188e+02	   +1.520106e+05	   +3.062908e+02	   +1.549794e+05	   +3.080000e+02	   -2.558132e-04	   -9.425419e-11
   -8.048829e-02	   +1.013186e+02	   +1.520106e+05	   +3.062908e+02	   +1.549794e+05	   +3.080000e+02	   -1.364797e-04	   -1.182087e-10
   -7.925418e-02	   +1.013184e+02	   +1.520105e+05	   +3.062908e+02	   +1.549793e+05	   +3.080000e+02	   -1.714567e-05	   -1.421632e-10
   -7.802007e-02	   +1.013182e+02	   +1.520105e+05	   +3.062908e+02	   +1.549793e+05	   +3.080000e+02	   +1.021888e-04	   -1.661179e-10
   -7.678595e-02	   +1.013180e+02	   +1.520104e+05	   +3.062909e+02	   +1.549792e+05	   +3.080000e+02	   +2.215237e-04	   -1.900727e-10
   -7.555184e-02	   +1.013180e+02	   +1.520104e+05	   +3.062909e+02	   +1.549792e+05	   +3.080000e+02	   +2.495499e-04	   -1.868357e-10
   -7.431773e-02	   +1.013183e+02	   +1.520105e+05	   +3.062908e+02	   +1.549793e+05	   +3.080000e+02	   +7.469819e-05	   -1.231816e-10
   -7.308361e-02	   +1.013186e+02	   +1.520106e+05	   +3.062908e+02	   +1.549794e+05	   +3.080000e+02	   -1.001525e-04	   -5.952796e-11
   -7.184950e-02	   +1.013189e+02	   +1.520106e+05	   +3.062908e+02	   +1.549795e+05	   +3.080000e+02	   -2.750022e-04	   +4.125318e-12
   -7.061538e-02	   +1.013192e+02	   +1.520107e+05	   +3.062908e+02	   +1.549795e+05	   +3.079999e+02	   -4.498509e-04	   +6.777822e-11
   -6.938127e-02	   +1.013195e+02	   +1.520108e+05	   +3.062908e+02	   +1.549796e+05	   +3.079999e+02	   -6.246985e-04	   +1.314307e-10
   -6.814716e-02	   +1.013198e+02	   +1.520109e+05	   +3.062908e+02	   +1.549797e+05	   +3.079999e+02	   -7.995449e-04	   +1.950829e-10
   -6.691304e-02	   +1.013201e+02	   +1.520109e+05	   +3.062908e+02	   +1.549798e+05	   +3.079999e+02	   -9.743905e-04	   +2.587346e-10
   -6.567893e-02	   +1.013203e+02	   +1.520110e+05	   +3.062908e+02	   +1.549799e+05	   +3.079999e+02	   -1.093571e-03	   +3.265986e-10
   -6.444482e-02	   +1.013198e+02	   +1.520109e+05	   +3.062908e+02	   +1.549798e+05	   +3.079999e+02	   -8.401094e-04	   +4.226637e-10
   -6.321070e-02	   +1.013194e+02	   +1.520108e+05	   +3.062908e+02	   +1.549796e+05	   +3.079999e+02	   -5.866457e-04	   +5.187295e-10
   -6.197659e-02	   +1.013189e+02	   +1.520107e+05	   +3.062908e+02	   +1.549795e+05	   +3.079999e+02	   -3.331797e-04	   +6.147963e-10
   -6.074247e-02	   +1.013185e+02	   +1.520105e+05	   +3.062908e+02	   +1.549793e+05	   +3.079999e+02	   -7.971151e-05	   +7.108639e-10
   -5.950836e-02	   +1.013180e+02	   +1.520104e+05	   +3.062908e+02	   +1.549792e+05	   +3.079999e+02	   +1.737590e-04	   +8.069324e-10
   -5.827425e-02	   +1.013176e+02	   +1.520103e+05	   +3.062908e+02	   +1.549791e+05	   +3.079999e+02	   +4.272316e-04	   +9.030017e-10
   -5.704013e-02	   +1.013171e+02	   +1.520102e+05	   +3.062909e+02	   +1.549789e+05	   +3.080000e+02	   +6.807066e-04	   +9.990718e-10
   -5.580602e-02	   +1.013176e+02	   +1.520103e+05	   +3.062908e+02	   +1.549791e+05	   +3.079999e+02	   +4.019214e-04	   +1.888090e-10
   -5.457191e-02	   +1.013183e+02	   +1.520105e+05	   +3.062908e+02	   +1.549793e+05	   +3.079999e+02	   +3.392996e-05	   -7.733498e-10
   -5.333779e-02	   +1.013190e+02	   +1.520106e+05	   +3.062908e+02	   +1.549795e+05	   +3.079999e+02	   -3.340567e-04	   -1.735496e-09
   -5.210368e-02	   +1.013196e+02	   +1.520108e+05	   +3.062908e+02	   +1.549797e+05	   +3.079999e+02	   -7.020387e-04	   -2.697630e-09
   -5.086957e-02	   +1.013203e+02	   +1.520109e+05	   +3.062907e+02	   +1.549799e+05	   +3.079999e+02	   -1.070016e-03	   -3.659752e-09
   -4.963545e-02	   +1.013209e+02	   +1.520111e+05	   +3.062907e+02	   +1.549801e+05	   +3.079999e+02	   -1.437988e-03	   -4.621861e-09
   -4.840134e-02	   +1.013209e+02	   +1.520111e+05	   +3.062907e+02	   +1.549801e+05	   +3.079999e+02	   -1.450413e-03	   -4.526229e-09
   -4.716722e-02	   +1.013200e+02	   +1.520108e+05	   +3.062907e+02	   +1.549798e+05	   +3.079999e+02	   -9.244383e-04	   -2.828876e-09
   -4.593311e-02	   +1.013190e+02	   +1.520106e+05	   +3.062908e+02	   +1.549795e+05	   +3.079999e+02	   -3.984535e-04	   -1.131491e-09
   -4.469900e-02	   +1.013181e+02	   +1.520104e+05	   +3.062908e+02	   +1.549792e+05	   +3.079999e+02	   +1.275410e-04	   +5.659267e-10
   -4.346488e-02	   +1.013171e+02	   +1.520101e+05	   +3.062908e+02	   +1.549789e+05	   +3.079999e+02	   +6.535455e-04	   +2.263376e-09
   -4.223077e-02	   +1.013161e+02	   +1.520099e+05	   +3.062908e+02	   +1.549787e+05	   +3.079999e+02	   +1.179560e-03	   +3.960857e-09
   -4.099666e-02	   +1.013168e+02	   +1.520100e+05	   +3.062908e+02	   +1.549788e+05	   +3.079999e+02	   +8.527858e-04	   +8.473479e-09
   -3.976254e-02	   +1.013181e+02	   +1.520103e+05	   +3.062907e+02	   +1.549792e+05	   +3.080000e+02	   +1.070537e-04	   +1.436902e-08
   -3.852843e-02	   +1.013195e+02	   +1.520106e+05	   +3.062907e+02	   +1.549797e+05	   +3.080000e+02	   -6.386581e-04	   +2.026440e-08
   -3.729431e-02	   +1.013209e+02	   +1.520109e+05	   +3.062906e+02	   +1.549801e+05	   +3.080000e+02	   -1.384350e-03	   +2.615962e-08
   -3.606020e-02	   +1.013223e+02	   +1.520112e+05	   +3.062906e+02	   +1.549805e+05	   +3.080000e+02	   -2.130021e-03	   +3.205468e-08
   -3.482609e-02	   +1.013216e+02	   +1.520111e+05	   +3.062906e+02	   +1.549803e+05	   +3.080000e+02	   -1.793010e-03	   +1.080381e-08
   -3.359197e-02	   +1.013196e+02	   +1.520106e+05	   +3.062906e+02	   +1.549797e+05	   +3.080000e+02	   -7.335414e-04	   -2.856173e-08
   -3.235786e-02	   +1.013177e+02	   +1.520100e+05	   +3.062907e+02	   +1.549791e+05	   +3.079999e+02	   +3.259689e-04	   -6.792881e-08
   -3.112375e-02	   +1.013157e+02	   +1.520095e+05	   +3.062907e+02	   +1.549785e+05	   +3.079999e+02	   +1.385521e-03	   -1.072974e-07
   -2.988963e-02	   +1.013142e+02	   +1.520092e+05	   +3.062907e+02	   +1.549781e+05	   +3.079999e+02	   +2.140192e-03	   -1.343124e-07
   -2.865552e-02	   +1.013171e+02	   +1.520098e+05	   +3.062906e+02	   +1.549790e+05	   +3.079999e+02	   +6.054696e-04	   -6.856263e-08
   -2.742140e-02	   +1.013199e+02	   +1.520104e+05	   +3.062905e+02	   +1.549798e+05	   +3.079999e+02	   -9.291663e-04	   -2.816591e-09
   -2.618729e-02	   +1.013228e+02	   +1.520110e+05	   +3.062904e+02	   +1.549806e+05	   +3.079999e+02	   -2.463716e-03	   +6.292575e-08
   -2.495318e-02	   +1.013245e+02	   +1.520114e+05	   +3.062903e+02	   +1.549811e+05	   +3.079999e+02	   -3.389063e-03	   +1.584624e-07
   -2.371906e-02	   +1.013204e+02	   +1.520103e+05	   +3.062904e+02	   +1.549799e+05	   +3.079999e+02	   -1.176082e-03	   +4.075295e-07
   -2.248495e-02	   +1.013164e+02	   +1.520093e+05	   +3.062904e+02	   +1.549787e+05	   +3.080000e+02	   +1.037076e-03	   +6.566166e-07
   -2.125084e-02	   +1.013123e+02	   +1.520082e+05	   +3.062905e+02	   +1.549775e+05	   +3.080000e+02	   +3.250412e-03	   +9.057235e-07
   -2.001672e-02	   +1.013149e+02	   +1.520088e+05	   +3.062904e+02	   +1.549783e+05	   +3.080000e+02	   +1.832976e-03	   -2.518971e-07
   -1.878261e-02	   +1.013207e+02	   +1.520100e+05	   +3.062902e+02	   +1.549800e+05	   +3.080000e+02	   -1.296060e-03	   -2.072598e-06
   -1.754849e-02	   +1.013264e+02	   +1.520113e+05	   +3.062899e+02	   +1.549817e+05	   +3.080000e+02	   -4.424741e-03	   -3.893092e-06
   -1.631438e-02	   +1.013236e+02	   +1.520105e+05	   +3.062899e+02	   +1.549808e+05	   +3.080000e+02	   -2.899964e-03	   -2.033998e-06
   -1.508027e-02	   +1.013155e+02	   +1.520084e+05	   +3.062901e+02	   +1.549785e+05	   +3.080000e+02	   +1.491522e-03	   +2.091978e-06
   -1.384615e-02	   +1.013074e+02	   +1.520063e+05	   +3.062902e+02	   +1.549761e+05	   +3.080000e+02	   +5.883710e-03	   +6.218614e-06
   -1.261204e-02	   +1.013175e+02	   +1.520085e+05	   +3.062898e+02	   +1.549790e+05	   +3.080000e+02	   +4.200799e-04	   +1.336264e-05
   -1.137793e-02	   +1.013289e+02	   +1.520110e+05	   +3.062894e+02	   +1.549824e+05	   +3.080000e+02	   -5.723172e-03	   +2.071351e-05
   -1.014381e-02	   +1.013242e+02	   +1.520097e+05	   +3.062894e+02	   +1.549810e+05	   +3.080000e+02	   -3.173790e-03	   -2.930959e-05
   -8.909699e-03	   +1.013082e+02	   +1.520056e+05	   +3.062897e+02	   +1.549763e+05	   +3.080000e+02	   +5.448530e-03	   -1.194279e-04
   -7.675585e-03	   +1.013130e+02	   +1.520065e+05	   +3.062894e+02	   +1.549777e+05	   +3.080000e+02	   +2.874800e-03	   +5.959292e-06
   -6.441472e-03	   +1.013352e+02	   +1.520115e+05	   +3.062886e+02	   +1.549842e+05	   +3.080000e+02	   -9.134200e-03	   +3.129194e-04
   -5.207358e-03	   +1.013168e+02	   +1.520067e+05	   +3.062889e+02	   +1.549788e+05	   +3.080000e+02	   +7.965608e-04	   +2.633170e-04
   -3.973244e-03	   +1.013028e+02	   +1.520029e+05	   +3.062890e+02	   +1.549746e+05	   +3.080000e+02	   +8.611478e-03	   -6.810556e-04
   -2.739130e-03	   +1.013472e+02	   +1.520125e+05	   +3.062876e+02	   +1.549870e+05	   +3.080000e+02	   -1.440751e-02	   -4.344377e-03
   -1.505017e-03	   +1.012963e+02	   +1.519817e+05	   +3.062883e+02	   +1.549544e+05	   +3.080000e+02	   +4.608980e-02	   +1.414121e-02
   -2.709030e-04	   +1.036310e+02	   +1.519026e+05	   +3.062069e+02	   +1.550158e+05	   +3.079999e+02	   -7.160664e-02	   -2.298507e-02
   +9.632107e-04	   +1.067093e+02	   +1.515908e+05	   +3.060927e+02	   +1.548967e+05	   +3.079999e+02	   +1.435747e-01	   -3.875266e-02
   +2.197324e-03	   +1.139292e+02	   +1.512971e+05	   +3.058161e+02	   +1.550786e+05	   +3.080000e+02	   -2.081894e-01	   -2.787722e-01
   +3.431438e-03	   +1.188979e+02	   +1.507557e+05	   +3.056127e+02	   +1.548769e+05	   +3.080000e+02	   +1.534226e-01	   -5.633465e-01
   +4.665552e-03	   +1.230370e+02	   +1.504882e+05	   +3.054362e+02	   +1.549092e+05	   +3.080000e+02	   +8.207023e-02	   -9.519820e-01
   +5.899666e-03	   +1.275497e+02	   +1.503248e+05	   +3.052413e+02	   +1.550793e+05	   +3.079999e+02	   -2.467635e-01	   -1.468835e+00
   +7.133779e-03	   +1.325269e+02	   +1.496697e+05	   +3.049985e+02	   +1.548243e+05	   +3.080000e+02	   +2.074568e-01	   -2.152827e+00
   +8.367893e-03	   +1.363553e+02	   +1.494008e+05	   +3.048104e+02	   +1.548724e+05	   +3.080000e+02	   +1.030989e-01	   -3.065427e+00
   +9.602007e-03	   +1.397348e+02	   +1.492761e+05	   +3.046464e+02	   +1.550275e+05	   +3.080000e+02	   -1.980421e-01	   -4.037909e+00
   +1.083612e-02	   +1.427500e+02	   +1.488704e+05	   +3.044658e+02	   +1.549178e+05	   +3.080000e+02	   -1.136656e-02	   -5.204348e+00
   +1.207023e-02	   +1.457350e+02	   +1.484581e+05	   +3.042907e+02	   +1.547917e+05	   +3.080000e+02	   +2.060560e-01	   -6.342230e+00
   +1.330435e-02	   +1.483040e+02	   +1.482011e+05	   +3.041190e+02	   +1.548200e+05	   +3.080000e+02	   +1.362737e-01	   -7.760299e+00
   +1.453846e-02	   +1.507192e+02	   +1.480031e+05	   +3.039518e+02	   +1.549018e+05	   +3.080000e+02	   -3.275152e-02	   -9.250306e+00
   +1.577258e-02	   +1.531345e+02	   +1.478115e+05	   +3.037898e+02	   +1.549811e+05	   +3.080000e+02	   -1.964450e-01	   -1.069331e+01
   +1.700669e-02	   +1.548847e+02	   +1.474301e+05	   +3.035624e+02	   +1.549712e+05	   +3.080000e+02	   -2.053185e-01	   -1.315073e+01
   +1.824080e-02	   +1.565946e+02	   +1.470454e+05	   +3.033359e+02	   +1.549563e+05	   +3.080000e+02	   -2.049958e-01	   -1.561751e+01
   +1.947492e-02	   +1.583046e+02	   +1.466690e+05	   +3.031142e+02	   +1.549418e+05	   +3.079999e+02	   -2.046801e-01	   -1.803100e+01
   +2.070903e-02	   +1.592258e+02	   +1.462739e+05	   +3.028732e+02	   +1.549379e+05	   +3.079999e+02	   -2.290022e-01	   -2.061968e+01
   +2.194314e-02	   +1.590883e+02	   +1.458445e+05	   +3.026011e+02	   +1.549478e+05	   +3.080000e+02	   -2.864593e-01	   -2.350177e+01
   +2.317726e-02	   +1.589508e+02	   +1.454144e+05	   +3.023285e+02	   +1.549578e+05	   +3.080000e+02	   -3.440158e-01	   -2.638884e+01
   +2.441137e-02	   +1.588133e+02	   +1.449835e+05	   +3.020554e+02	   +1.549678e+05	   +3.080000e+02	   -4.016720e-01	   -2.928091e+01
   +2.564548e-02	   +1.576306e+02	   +1.443727e+05	   +3.017028e+02	   +1.549135e+05	   +3.080000e+02	   -3.591150e-01	   -3.222136e+01
   +2.687960e-02	   +1.558972e+02	   +1.436544e+05	   +3.013014e+02	   +1.548236e+05	   +3.080000e+02	   -2.619720e-01	   -3.524006e+01
   +2.811371e-02	   +1.541638e+02	   +1.429199e+05	   +3.008909e+02	   +1.547318e+05	   +3.079999e+02	   -1.626444e-01	   -3.832664e+01
   +2.934783e-02	   +1.521083e+02	   +1.421128e+05	   +3.004314e+02	   +1.546359e+05	   +3.079999e+02	   -7.182815e-02	   -4.122153e+01
   +3.058194e-02	   +1.496621e+02	   +1.412123e+05	   +2.999090e+02	   +1.545348e+05	   +3.079999e+02	   +8.408913e-03	   -4.387984e+01
   +3.181605e-02	   +1.472159e+02	   +1.402818e+05	   +2.993692e+02	   +1.544304e+05	   +3.080000e+02	   +9.131246e-02	   -4.662649e+01
   +3.305017e-02	   +1.437956e+02	   +1.393452e+05	   +2.988250e+02	   +1.543077e+05	   +3.079999e+02	   +1.922668e-01	   -4.902687e+01
   +3.428428e-02	   +1.402994e+02	   +1.383644e+05	   +2.982552e+02	   +1.541777e+05	   +3.079999e+02	   +2.994253e-01	   -5.151025e+01
   +3.551839e-02	   +1.364772e+02	   +1.374392e+05	   +2.976946e+02	   +1.540788e+05	   +3.080000e+02	   +3.385403e-01	   -5.366203e+01
   +3.675251e-02	   +1.325811e+02	   +1.364908e+05	   +2.971228e+02	   +1.539679e+05	   +3.080000e+02	   +3.934689e-01	   -5.579119e+01
   +3.798662e-02	   +1.285386e+02	   +1.355592e+05	   +2.965886e+02	   +1.538009e+05	   +3.079999e+02	   +5.539136e-01	   -5.765357e+01
   +3.922074e-02	   +1.254918e+02	   +1.346816e+05	   +2.960383e+02	   +1.537140e+05	   +3.080000e+02	   +5.532355e-01	   -5.917205e+01
   +4.045485e-02	   +1.223972e+02	   +1.338560e+05	   +2.955170e+02	   +1.536309e+05	   +3.080000e+02	   +5.482260e-01	   -6.056838e+01
   +4.168896e-02	   +1.170014e+02	   +1.332535e+05	   +2.951828e+02	   +1.534898e+05	   +3.080000e+02	   +7.068533e-01	   -6.225074e+01
   +4.292308e-02	   +1.073202e+02	   +1.333264e+05	   +2.953133e+02	   +1.533599e+05	   +3.079999e+02	   +9.925579e-01	   -6.461037e+01
   +4.415719e-02	   +1.014252e+02	   +1.337785e+05	   +2.955485e+02	   +1.534922e+05	   +3.079999e+02	   +8.193400e-01	   -6.594400e+01
   +4.539130e-02	   +1.011477e+02	   +1.338159e+05	   +2.955530e+02	   +1.535270e+05	   +3.080000e+02	   +7.554823e-01	   -6.601845e+01
   +4.662542e-02	   +1.014514e+02	   +1.337258e+05	   +2.955334e+02	   +1.534558e+05	   +3.080000e+02	   +8.819480e-01	   -6.594814e+01
   +4.785953e-02	   +1.013069e+02	   +1.337478e+05	   +2.955357e+02	   +1.534766e+05	   +3.079999e+02	   +8.433433e-01	   -6.598665e+01
   +4.909365e-02	   +1.012134e+02	   +1.337669e+05	   +2.955359e+02	   +1.534977e+05	   +3.080000e+02	   +8.037933e-01	   -6.601369e+01
   +5.032776e-02	   +1.014386e+02	   +1.337252e+05	   +2.955213e+02	   +1.534741e+05	   +3.080002e+02	   +8.436349e-01	   -6.596494e+01
   +5.156187e-02	   +1.012817e+02	   +1.337319e+05	   +2.955256e+02	   +1.534734e+05	   +3.079996e+02	   +8.445517e-01	   -6.600024e+01
   +5.279599e-02	   +1.012490e+02	   +1.337365e+05	   +2.955242e+02	   +1.534808e+05	   +3.079997e+02	   +8.301897e-01	   -6.601022e+01
   +5.403010e-02	   +1.014521e+02	   +1.337295e+05	   +2.955117e+02	   +1.534949e+05	   +3.080006e+02	   +8.022495e-01	   -6.597103e+01
   +5.526421e-02	   +1.012554e+02	   +1.337165e+05	   +2.955179e+02	   +1.534733e+05	   +3.080032e+02	   +8.521853e-01	   -6.601421e+01
   +5.649833e-02	   +1.012711e+02	   +1.337209e+05	   +2.955211e+02	   +1.534563e+05	   +3.079925e+02	   +8.538253e-01	   -6.599696e+01
   +5.773244e-02	   +1.014763e+02	   +1.337354e+05	   +2.955192e+02	   +1.534489e+05	   +3.079750e+02	   +8.153153e-01	   -6.593220e+01
   +5.896656e-02	   +1.012272e+02	   +1.336309e+05	   +2.954850e+02	   +1.535163e+05	   +3.080591e+02	   +9.248372e-01	   -6.609052e+01
   +6.020067e-02	   +1.054773e+02	   +1.334004e+05	   +2.953068e+02	   +1.534588e+05	   +3.080043e+02	   +8.149748e-01	   -6.504313e+01
   +6.143478e-02	   +1.128072e+02	   +1.331039e+05	   +2.950541e+02	   +1.533238e+05	   +3.078701e+02	   +5.936280e-01	   -6.335239e+01
   +6.266890e-02	   +1.215636e+02	   +1.323735e+05	   +2.946403e+02	   +1.529389e+05	   +3.077281e+02	   +7.648289e-01	   -6.118212e+01
   +6.390301e-02	   +1.290167e+02	   +1.318143e+05	   +2.943164e+02	   +1.526228e+05	   +3.075986e+02	   +8.732818e-01	   -5.947129e+01
   +6.513712e-02	   +1.337357e+02	   +1.314554e+05	   +2.940919e+02	   +1.523704e+05	   +3.074676e+02	   +8.906223e-01	   -5.825917e+01
   +6.637124e-02	   +1.374738e+02	   +1.311868e+05	   +2.939220e+02	   +1.521511e+05	   +3.073479e+02	   +8.969443e-01	   -5.729127e+01
   +6.760535e-02	   +1.401045e+02	   +1.310040e+05	   +2.938037e+02	   +1.519595e+05	   +3.072362e+02	   +8.920041e-01	   -5.654765e+01
   +6.883946e-02	   +1.424180e+02	   +1.308589e+05	   +2.937092e+02	   +1.517327e+05	   +3.070988e+02	   +8.862379e-01	   -5.582199e+01
   +7.007358e-02	   +1.443352e+02	   +1.307565e+05	   +2.936416e+02	   +1.514603e+05	   +3.069287e+02	   +8.793949e-01	   -5.510591e+01
   +7.130769e-02	   +1.460234e+02	   +1.306726e+05	   +2.935883e+02	   +1.511904e+05	   +3.067613e+02	   +8.808446e-01	   -5.444461e+01
   +7.254181e-02	   +1.468822e+02	   +1.306471e+05	   +2.935812e+02	   +1.509083e+05	   +3.065909e+02	   +9.115280e-01	   -5.392459e+01
   +7.377592e-02	   +1.477410e+02	   +1.306219e+05	   +2.935742e+02	   +1.506296e+05	   +3.064225e+02	   +9.418546e-01	   -5.341062e+01
   +7.501003e-02	   +1.482133e+02	   +1.306594e+05	   +2.935976e+02	   +1.502844e+05	   +3.061970e+02	   +9.387594e-01	   -5.284214e+01
   +7.624415e-02	   +1.485716e+02	   +1.307152e+05	   +2.936299e+02	   +1.499207e+05	   +3.059555e+02	   +9.259142e-01	   -5.225899e+01
   +7.747826e-02	   +1.489272e+02	   +1.307673e+05	   +2.936604e+02	   +1.495558e+05	   +3.057140e+02	   +9.148451e-01	   -5.167247e+01
   +7.871237e-02	   +1.492612e+02	   +1.307914e+05	   +2.936770e+02	   +1.491690e+05	   +3.054651e+02	   +9.180907e-01	   -5.103726e+01
   +7.994649e-02	   +1.495952e+02	   +1.308155e+05	   +2.936936e+02	   +1.487839e+05	   +3.052173e+02	   +9.213218e-01	   -5.040489e+01
   +8.118060e-02	   +1.499159e+02	   +1.308342e+05	   +2.937068e+02	   +1.483737e+05	   +3.049539e+02	   +9.245653e-01	   -4.972415e+01
   +8.241472e-02	   +1.501919e+02	   +1.308355e+05	   +2.937088e+02	   +1.478761e+05	   +3.046356e+02	   +9.278854e-01	   -4.887544e+01
   +8.364883e-02	   +1.504679e+02	   +1.308369e+05	   +2.937107e+02	   +1.473803e+05	   +3.043184e+02	   +9.311933e-01	   -4.802983e+01
   +8.488294e-02	   +1.508224e+02	   +1.308245e+05	   +2.936999e+02	   +1.468711e+05	   +3.039893e+02	   +9.210400e-01	   -4.711722e+01
   +8.611706e-02	   +1.514928e+02	   +1.307571e+05	   +2.936382e+02	   +1.463048e+05	   +3.036102e+02	   +8.571551e-01	   -4.593033e+01
   +8.735117e-02	   +1.521632e+02	   +1.306904e+05	   +2.935769e+02	   +1.457434e+05	   +3.032345e+02	   +7.938332e-01	   -4.475389e+01
   +8.858528e-02	   +1.526684e+02	   +1.306209e+05	   +2.935179e+02	   +1.451544e+05	   +3.028451e+02	   +7.442428e-01	   -4.354732e+01
   +8.981940e-02	   +1.518465e+02	   +1.305239e+05	   +2.934723e+02	   +1.443004e+05	   +3.023181e+02	   +8.011053e-01	   -4.201109e+01
   +9.105351e-02	   +1.510246e+02	   +1.304258e+05	   +2.934261e+02	   +1.434372e+05	   +3.017853e+02	   +8.585867e-01	   -4.045813e+01
   +9.228763e-02	   +1.501363e+02	   +1.303268e+05	   +2.933776e+02	   +1.425665e+05	   +3.012459e+02	   +9.099159e-01	   -3.887687e+01
   +9.352174e-02	   +1.483116e+02	   +1.302282e+05	   +2.933012e+02	   +1.417094e+05	   +3.006849e+02	   +8.654451e-01	   -3.710522e+01
   +9.475585e-02	   +1.464869e+02	   +1.301272e+05	   +2.932229e+02	   +1.408309e+05	   +3.001100e+02	   +8.198663e-01	   -3.528943e+01
   +9.598997e-02	   +1.445959e+02	   +1.300051e+05	   +2.931379e+02	   +1.399423e+05	   +2.995359e+02	   +7.975455e-01	   -3.344049e+01
   +9.722408e-02	   +1.423412e+02	   +1.297765e+05	   +2.930234e+02	   +1.390952e+05	   +2.990306e+02	   +9.105722e-01	   -3.160824e+01
   +9.845819e-02	   +1.400866e+02	   +1.295405e+05	   +2.929053e+02	   +1.382208e+05	   +2.985091e+02	   +1.027237e+00	   -2.971700e+01
   +9.969231e-02	   +1.374001e+02	   +1.293349e+05	   +2.927843e+02	   +1.373928e+05	   +2.979927e+02	   +1.067604e+00	   -2.776480e+01
   +1.009264e-01	   +1.341850e+02	   +1.291680e+05	   +2.926593e+02	   +1.366226e+05	   +2.974817e+02	   +1.009003e+00	   -2.572787e+01
   +1.021605e-01	   +1.309699e+02	   +1.289929e+05	   +2.925282e+02	   +1.358146e+05	   +2.969456e+02	   +9.475246e-01	   -2.359093e+01
   +1.033946e-01	   +1.278066e+02	   +1.286484e+05	   +2.923332e+02	   +1.349818e+05	   +2.964419e+02	   +1.045682e+00	   -2.116672e+01
   +1.046288e-01	   +1.246451e+02	   +1.282807e+05	   +2.921262e+02	   +1.341073e+05	   +2.959149e+02	   +1.154764e+00	   -1.861293e+01
   +1.058629e-01	   +1.217572e+02	   +1.278641e+05	   +2.918455e+02	   +1.332728e+05	   +2.953704e+02	   +1.122759e+00	   -1.560593e+01
   +1.070970e-01	   +1.189854e+02	   +1.274148e+05	   +2.915242e+02	   +1.324355e+05	   +2.948044e+02	   +1.025654e+00	   -1.231714e+01
   +1.083311e-01	   +1.167033e+02	   +1.268019e+05	   +2.911469e+02	   +1.315361e+05	   +2.942511e+02	   +1.110462e+00	   -8.823763e+00
   +1.095652e-01	   +1.146946e+02	   +1.260855e+05	   +2.907327e+02	   +1.305905e+05	   +2.936995e+02	   +1.304029e+00	   -5.172682e+00
   +1.107993e-01	   +1.126598e+02	   +1.254500e+05	   +2.902974e+02	   +1.297828e+05	   +2.931612e+02	   +1.249279e+00	   -1.428944e+00
   +1.120334e-01	   +1.104699e+02	   +1.248232e+05	   +2.898464e+02	   +1.289925e+05	   +2.926118e+02	   +1.123208e+00	   +2.469310e+00
   +1.132676e-01	   +1.054935e+02	   +1.241374e+05	   +2.894081e+02	   +1.280253e+05	   +2.919971e+02	   +1.185444e+00	   +7.191839e+00
   +1.145017e-01	   +1.025751e+02	   +1.236224e+05	   +2.891420e+02	   +1.273392e+05	   +2.916256e+02	   +1.452554e+00	   +1.006251e+01
   +1.157358e-01	   +1.019316e+02	   +1.233498e+05	   +2.891017e+02	   +1.270397e+05	   +2.915725e+02	   +1.945597e+00	   +1.050518e+01
   +1.169699e-01	   +1.012678e+02	   +1.235407e+05	   +2.891294e+02	   +1.271819e+05	   +2.915641e+02	   +1.598637e+00	   +1.064943e+01
   +1.182040e-01	   +1.006018e+02	   +1.237837e+05	   +2.891647e+02	   +1.273733e+05	   +2.915604e+02	   +1.156918e+00	   +1.076319e+01
   +1.194381e-01	   +1.009591e+02	   +1.236505e+05	   +2.891424e+02	   +1.272688e+05	   +2.915597e+02	   +1.388524e+00	   +1.072492e+01
   +1.206722e-01	   +1.014680e+02	   +1.234631e+05	   +2.891118e+02	   +1.271217e+05	   +2.915594e+02	   +1.717289e+00	   +1.066456e+01
   +1.219064e-01	   +1.012301e+02	   +1.235459e+05	   +2.891254e+02	   +1.271863e+05	   +2.915593e+02	   +1.572128e+00	   +1.069732e+01
   +1.231405e-01	   +1.008475e+02	   +1.236818e+05	   +2.891476e+02	   +1.272925e+05	   +2.915593e+02	   +1.333835e+00	   +1.074841e+01
   +1.243746e-01	   +1.010065e+02	   +1.236297e+05	   +2.891383e+02	   +1.272530e+05	   +2.915593e+02	   +1.422259e+00	   +1.072818e+01
   +1.256087e-01	   +1.012973e+02	   +1.235323e+05	   +2.891213e+02	   +1.271784e+05	   +2.915593e+02	   +1.589535e+00	   +1.069075e+01
   +1.268428e-01	   +1.011897e+02	   +1.235626e+05	   +2.891272e+02	   +1.272007e+05	   +2.915593e+02	   +1.539512e+00	   +1.070649e+01
   +1.280769e-01	   +1.009637e+02	   +1.236310e+05	   +2.891399e+02	   +1.272519e+05	   +2.915592e+02	   +1.424703e+00	   +1.073811e+01
   +1.293110e-01	   +1.010380e+02	   +1.236143e+05	   +2.891356e+02	   +1.272412e+05	   +2.915592e+02	   +1.448524e+00	   +1.074038e+01
   +1.305452e-01	   +1.012190e+02	   +1.235676e+05	   +2.891254e+02	   +1.272086e+05	   +2.915593e+02	   +1.521499e+00	   +1.073221e+01
   +1.317793e-01	   +1.011671e+02	   +1.235747e+05	   +2.891293e+02	   +1.272100e+05	   +2.915593e+02	   +1.518618e+00	   +1.067204e+01
   +1.330134e-01	   +1.010175e+02	   +1.236045e+05	   +2.891392e+02	   +1.272256e+05	   +2.915592e+02	   +1.483893e+00	   +1.058985e+01
   +1.342475e-01	   +1.011126e+02	   +1.235655e+05	   +2.891265e+02	   +1.272047e+05	   +2.915592e+02	   +1.530215e+00	   +1.090349e+01
   +1.354816e-01	   +1.032175e+02	   +1.234164e+05	   +2.890204e+02	   +1.272107e+05	   +2.915590e+02	   +1.508090e+00	   +1.065284e+01
   +1.367157e-01	   +1.084810e+02	   +1.231203e+05	   +2.887813e+02	   +1.272640e+05	   +2.915583e+02	   +1.366619e+00	   +9.264322e+00
   +1.379498e-01	   +1.155906e+02	   +1.225230e+05	   +2.884169e+02	   +1.271919e+05	   +2.915574e+02	   +1.494267e+00	   +7.587526e+00
   +1.391839e-01	   +1.214862e+02	   +1.220500e+05	   +2.881000e+02	   +1.271746e+05	   +2.915565e+02	   +1.499819e+00	   +5.992145e+00
   +1.404181e-01	   +1.266102e+02	   +1.216365e+05	   +2.878186e+02	   +1.271641e+05	   +2.915558e+02	   +1.491972e+00	   +4.459732e+00
   +1.416522e-01	   +1.307071e+02	   +1.212487e+05	   +2.875723e+02	   +1.271259e+05	   +2.915552e+02	   +1.548536e+00	   +2.915948e+00
   +1.428863e-01	   +1.346298e+02	   +1.208928e+05	   +2.873223e+02	   +1.271251e+05	   +2.915547e+02	   +1.518681e+00	   +1.323566e+00
   +1.441204e-01	   +1.384536e+02	   +1.205614e+05	   +2.870760e+02	   +1.271436e+05	   +2.915542e+02	   +1.444612e+00	   -2.584794e-01
   +1.453545e-01	   +1.415162e+02	   +1.201943e+05	   +2.868435e+02	   +1.271017e+05	   +2.915538e+02	   +1.506640e+00	   -2.061296e+00
   +1.465886e-01	   +1.444646e+02	   +1.198347e+05	   +2.866207e+02	   +1.270528e+05	   +2.915535e+02	   +1.585595e+00	   -3.834246e+00
   +1.478227e-01	   +1.467892e+02	   +1.195418e+05	   +2.864088e+02	   +1.270564e+05	   +2.915532e+02	   +1.545287e+00	   -5.625339e+00
   +1.490569e-01	   +1.490700e+02	   +1.192616e+05	   +2.862035e+02	   +1.270633e+05	   +2.915529e+02	   +1.498193e+00	   -7.367253e+00
   +1.502910e-01	   +1.512811e+02	   +1.188938e+05	   +2.859457e+02	   +1.270523e+05	   +2.915526e+02	   +1.480526e+00	   -9.468459e+00
   +1.515251e-01	   +1.534763e+02	   +1.185151e+05	   +2.856822e+02	   +1.270377e+05	   +2.915523e+02	   +1.469632e+00	   -1.160148e+01
   +1.527592e-01	   +1.552486e+02	   +1.181070e+05	   +2.853933e+02	   +1.270265e+05	   +2.915520e+02	   +1.443930e+00	   -1.400632e+01
   +1.539933e-01	   +1.566214e+02	   +1.176696e+05	   +2.850796e+02	   +1.270184e+05	   +2.915518e+02	   +1.404560e+00	   -1.667439e+01
   +1.552274e-01	   +1.578941e+02	   +1.172321e+05	   +2.847671e+02	   +1.270076e+05	   +2.915516e+02	   +1.370788e+00	   -1.932039e+01
   +1.564615e-01	   +1.579346e+02	   +1.167043e+05	   +2.844070e+02	   +1.269629e+05	   +2.915516e+02	   +1.397736e+00	   -2.224328e+01
   +1.576957e-01	   +1.579751e+02	   +1.161768e+05	   +2.840470e+02	   +1.269183e+05	   +2.915516e+02	   +1.424669e+00	   -2.516466e+01
   +1.589298e-01	   +1.576163e+02	   +1.155631e+05	   +2.836061e+02	   +1.268913e+05	   +2.915517e+02	   +1.386803e+00	   -2.812252e+01
   +1.601639e-01	   +1.569501e+02	   +1.148784e+05	   +2.830995e+02	   +1.268777e+05	   +2.915518e+02	   +1.298486e+00	   -3.112911e+01
   +1.613980e-01	   +1.561809e+02	   +1.141678e+05	   +2.825794e+02	   +1.268536e+05	   +2.915519e+02	   +1.228858e+00	   -3.414554e+01
   +1.626321e-01	   +1.542777e+02	   +1.132227e+05	   +2.819470e+02	   +1.267132e+05	   +2.915522e+02	   +1.374771e+00	   -3.703815e+01
   +1.638662e-01	   +1.523746e+02	   +1.122540e+05	   +2.812988e+02	   +1.265692e+05	   +2.915524e+02	   +1.524328e+00	   -4.000301e+01
   +1.651003e-01	   +1.500471e+02	   +1.112168e+05	   +2.805427e+02	   +1.264815e+05	   +2.915527e+02	   +1.491588e+00	   -4.275735e+01
   +1.663344e-01	   +1.475564e+02	   +1.101286e+05	   +2.797259e+02	   +1.264144e+05	   +2.915530e+02	   +1.384804e+00	   -4.548965e+01
   +1.675686e-01	   +1.443933e+02	   +1.089414e+05	   +2.788978e+02	   +1.262287e+05	   +2.915534e+02	   +1.524301e+00	   -4.805510e+01
   +1.688027e-01	   +1.406543e+02	   +1.076415e+05	   +2.780437e+02	   +1.259313e+05	   +2.915539e+02	   +1.891357e+00	   -5.051625e+01
   +1.700368e-01	   +1.371709e+02	   +1.063923e+05	   +2.771255e+02	   +1.257626e+05	   +2.915543e+02	   +1.918558e+00	   -5.277727e+01
   +1.712709e-01	   +1.339052e+02	   +1.051863e+05	   +2.761458e+02	   +1.257117e+05	   +2.915548e+02	   +1.633420e+00	   -5.486062e+01
   +1.725050e-01	   +1.299431e+02	   +1.038584e+05	   +2.752449e+02	   +1.253747e+05	   +2.915553e+02	   +2.010967e+00	   -5.674089e+01
   +1.737391e-01	   +1.257712e+02	   +1.024614e+05	   +2.743460e+02	   +1.249381e+05	   +2.915559e+02	   +2.604172e+00	   -5.858722e+01
   +1.749732e-01	   +1.224057e+02	   +1.015745e+05	   +2.735270e+02	   +1.249830e+05	   +2.915563e+02	   +2.101782e+00	   -6.007166e+01
   +1.762074e-01	   +1.184304e+02	   +1.005919e+05	   +2.728015e+02	   +1.247687e+05	   +2.915569e+02	   +2.232562e+00	   -6.152954e+01
   +1.774415e-01	   +1.133960e+02	   +9.971191e+04	   +2.722728e+02	   +1.244022e+05	   +2.915575e+02	   +2.805936e+00	   -6.305004e+01
   +1.786756e-01	   +1.055510e+02	   +9.984356e+04	   +2.723890e+02	   +1.244087e+05	   +2.915582e+02	   +2.854508e+00	   -6.499773e+01
   +1.799097e-01	   +1.021794e+02	   +1.000201e+05	   +2.725342e+02	   +1.244304e+05	   +2.915591e+02	   +2.881983e+00	   -6.579952e+01
   +1.811438e-01	   +1.009635e+02	   +1.001217e+05	   +2.725939e+02	   +1.244742e+05	   +2.915594e+02	   +2.811905e+00	   -6.609403e+01
   +1.823779e-01	   +1.008188e+02	   +1.001497e+05	   +2.725903e+02	   +1.245123e+05	   +2.915593e+02	   +2.720907e+00	   -6.613956e+01
   +1.836120e-01	   +1.009641e+02	   +1.000738e+05	   +2.725653e+02	   +1.244509e+05	   +2.915594e+02	   +2.848467e+00	   -6.610037e+01
   +1.848462e-01	   +1.009897e+02	   +1.000480e+05	   +2.725505e+02	   +1.244380e+05	   +2.915594e+02	   +2.869546e+00	   -6.609515e+01
   +1.860803e-01	   +1.008982e+02	   +1.000713e+05	   +2.725454e+02	   +1.244724e+05	   +2.915593e+02	   +2.786350e+00	   -6.612321e+01
   +1.873144e-01	   +1.009006e+02	   +1.000545e+05	   +2.725330e+02	   +1.244673e+05	   +2.915593e+02	   +2.790684e+00	   -6.612250e+01
   +1.885485e-01	   +1.009562e+02	   +1.000150e+05	   +2.725165e+02	   +1.244399e+05	   +2.915594e+02	   +2.844497e+00	   -6.610553e+01
   +1.897826e-01	   +1.009647e+02	   +9.999775e+04	   +2.725042e+02	   +1.244341e+05	   +2.915594e+02	   +2.850501e+00	   -6.610206e+01
   +1.910167e-01	   +1.009323e+02	   +9.999965e+04	   +2.724956e+02	   +1.244471e+05	   +2.915593e+02	   +2.815074e+00	   -6.611030e+01
   +1.922508e-01	   +1.009084e+02	   +9.999736e+04	   +2.724866e+02	   +1.244557e+05	   +2.915593e+02	   +2.789817e+00	   -6.611576e+01
   +1.934849e-01	   +1.009260e+02	   +9.997473e+04	   +2.724751e+02	   +1.244423e+05	   +2.915593e+02	   +2.813953e+00	   -6.610774e+01
   +1.947191e-01	   +1.009437e+02	   +9.995210e+04	   +2.724637e+02	   +1.244290e+05	   +2.915594e+02	   +2.838082e+00	   -6.609972e+01
   +1.959532e-01	   +1.009480e+02	   +9.993923e+04	   +2.724540e+02	   +1.244254e+05	   +2.915594e+02	   +2.840702e+00	   -6.609601e+01
   +1.971873e-01	   +1.009401e+02	   +9.993540e+04	   +2.724461e+02	   +1.244308e+05	   +2.915593e+02	   +2.823396e+00	   -6.609630e+01
   +1.984214e-01	   +1.009321e+02	   +9.993156e+04	   +2.724381e+02	   +1.244362e+05	   +2.915593e+02	   +2.806088e+00	   -6.609659e+01
   +1.996555e-01	   +1.009295e+02	   +9.992254e+04	   +2.724307e+02	   +1.244344e+05	   +2.915593e+02	   +2.805748e+00	   -6.609470e+01
   +2.008896e-01	   +1.009310e+02	   +9.990931e+04	   +2.724238e+02	   +1.244269e+05	   +2.915594e+02	   +2.819223e+00	   -6.609105e+01
   +2.021237e-01	   +1.009326e+02	   +9.989608e+04	   +2.724169e+02	   +1.244194e+05	   +2.915594e+02	   +2.832697e+00	   -6.608739e+01
   +2.033579e-01	   +1.009345e+02	   +9.988541e+04	   +2.724103e+02	   +1.244144e+05	   +2.915594e+02	   +2.840253e+00	   -6.608412e+01
   +2.045920e-01	   +1.009374e+02	   +9.988295e+04	   +2.724052e+02	   +1.244181e+05	   +2.915594e+02	   +2.828717e+00	   -6.608210e+01
   +2.058261e-01	   +1.009403e+02	   +9.988050e+04	   +2.724000e+02	   +1.244217e+05	   +2.915593e+02	   +2.817181e+00	   -6.608008e+01
   +2.070602e-01	   +1.009432e+02	   +9.987805e+04	   +2.723949e+02	   +1.244253e+05	   +2.915593e+02	   +2.805645e+00	   -6.607806e+01
   +2.082943e-01	   +1.009412e+02	   +9.987364e+04	   +2.723915e+02	   +1.244242e+05	   +2.915593e+02	   +2.806234e+00	   -6.607703e+01
   +2.095284e-01	   +1.009350e+02	   +9.986757e+04	   +2.723895e+02	   +1.244190e+05	   +2.915594e+02	   +2.817098e+00	   -6.607685e+01
   +2.107625e-01	   +1.009288e+02	   +9.986150e+04	   +2.723876e+02	   +1.244139e+05	   +2.915594e+02	   +2.827963e+00	   -6.607666e+01
   +2.119967e-01	   +1.009227e+02	   +9.985543e+04	   +2.723857e+02	   +1.244088e+05	   +2.915594e+02	   +2.838829e+00	   -6.607648e+01
   +2.132308e-01	   +1.009229e+02	   +9.985302e+04	   +2.723841e+02	   +1.244078e+05	   +2.915594e+02	   +2.840209e+00	   -6.607566e+01
   +2.144649e-01	   +1.009318e+02	   +9.985551e+04	   +2.723831e+02	   +1.244123e+05	   +2.915594e+02	   +2.828935e+00	   -6.607401e+01
   +2.156990e-01	   +1.009407e+02	   +9.985800e+04	   +2.723821e+02	   +1.244168e+05	   +2.915593e+02	   +2.817663e+00	   -6.607236e+01
   +2.169331e-01	   +1.009496e+02	   +9.986048e+04	   +2.723810e+02	   +1.244213e+05	   +2.915593e+02	   +2.806393e+00	   -6.607071e+01
   +2.181672e-01	   +1.009585e+02	   +9.986297e+04	   +2.723800e+02	   +1.244258e+05	   +2.915592e+02	   +2.795125e+00	   -6.606906e+01
   +2.194013e-01	   +1.009500e+02	   +9.986408e+04	   +2.723832e+02	   +1.244230e+05	   +2.915593e+02	   +2.803909e+00	   -6.607174e+01
   +2.206355e-01	   +1.009386e+02	   +9.986496e+04	   +2.723872e+02	   +1.244189e+05	   +2.915594e+02	   +2.816010e+00	   -6.607514e+01
   +2.218696e-01	   +1.009272e+02	   +9.986585e+04	   +2.723911e+02	   +1.244148e+05	   +2.915594e+02	   +2.828114e+00	   -6.607854e+01
   +2.231037e-01	   +1.009158e+02	   +9.986673e+04	   +2.723951e+02	   +1.244107e+05	   +2.915595e+02	   +2.840221e+00	   -6.608194e+01
   +2.243378e-01	   +1.009044e+02	   +9.986761e+04	   +2.723991e+02	   +1.244067e+05	   +2.915596e+02	   +2.852330e+00	   -6.608534e+01
   +2.255719e-01	   +1.009129e+02	   +9.987528e+04	   +2.724031e+02	   +1.244112e+05	   +2.915596e+02	   +2.844159e+00	   -6.608556e+01
   +2.268060e-01	   +1.009267e+02	   +9.988479e+04	   +2.724071e+02	   +1.244180e+05	   +2.915595e+02	   +2.830484e+00	   -6.608493e+01
   +2.280401e-01	   +1.009405e+02	   +9.989429e+04	   +2.724111e+02	   +1.244248e+05	   +2.915594e+02	   +2.816813e+00	   -6.608429e+01
   +2.292742e-01	   +1.009544e+02	   +9.990379e+04	   +2.724151e+02	   +1.244316e+05	   +2.915594e+02	   +2.803145e+00	   -6.608365e+01
   +2.305084e-01	   +1.009682e+02	   +9.991329e+04	   +2.724192e+02	   +1.244384e+05	   +2.915593e+02	   +2.789482e+00	   -6.608301e+01
   +2.317425e-01	   +1.009770e+02	   +9.992259e+04	   +2.724242e+02	   +1.244435e+05	   +2.915592e+02	   +2.780400e+00	   -6.608347e+01
   +2.329766e-01	   +1.009605e+02	   +9.993091e+04	   +2.724346e+02	   +1.244402e+05	   +2.915592e+02	   +2.794294e+00	   -6.608940e+01
   +2.342107e-01	   +1.009440e+02	   +9.993924e+04	   +2.724450e+02	   +1.244369e+05	   +2.915592e+02	   +2.808194e+00	   -6.609534e+01
   +2.354448e-01	   +1.009275e+02	   +9.994756e+04	   +2.724554e+02	   +1.244336e+05	   +2.915591e+02	   +2.822097e+00	   -6.610127e+01
   +2.366789e-01	   +1.009110e+02	   +9.995589e+04	   +2.724658e+02	   +1.244303e+05	   +2.915591e+02	   +2.836005e+00	   -6.610722e+01
   +2.379130e-01	   +1.008945e+02	   +9.996423e+04	   +2.724762e+02	   +1.244270e+05	   +2.915591e+02	   +2.849918e+00	   -6.611316e+01
   +2.391472e-01	   +1.008780e+02	   +9.997256e+04	   +2.724866e+02	   +1.244237e+05	   +2.915590e+02	   +2.863835e+00	   -6.611910e+01
   +2.403813e-01	   +1.008954e+02	   +9.998861e+04	   +2.724957e+02	   +1.244322e+05	   +2.915589e+02	   +2.848961e+00	   -6.611607e+01
   +2.416154e-01	   +1.009148e+02	   +1.000051e+05	   +2.725048e+02	   +1.244414e+05	   +2.915588e+02	   +2.832435e+00	   -6.611253e+01
   +2.428495e-01	   +1.009342e+02	   +1.000216e+05	   +2.725138e+02	   +1.244507e+05	   +2.915586e+02	   +2.815914e+00	   -6.610898e+01
   +2.440836e-01	   +1.009535e+02	   +1.000381e+05	   +2.725228e+02	   +1.244599e+05	   +2.915585e+02	   +2.799400e+00	   -6.610544e+01
   +2.453177e-01	   +1.009729e+02	   +1.000545e+05	   +2.725319e+02	   +1.244691e+05	   +2.915584e+02	   +2.782893e+00	   -6.610190e+01
   +2.465518e-01	   +1.009923e+02	   +1.000710e+05	   +2.725409e+02	   +1.244783e+05	   +2.915582e+02	   +2.766391e+00	   -6.609836e+01
   +2.477860e-01	   +1.010087e+02	   +1.000872e+05	   +2.725504e+02	   +1.244867e+05	   +2.915583e+02	   +2.752580e+00	   -6.609475e+01
   +2.490201e-01	   +1.009852e+02	   +1.000994e+05	   +2.725664e+02	   +1.244841e+05	   +2.915606e+02	   +2.775452e+00	   -6.609019e+01
   +2.502542e-01	   +1.009618e+02	   +1.001117e+05	   +2.725825e+02	   +1.244814e+05	   +2.915629e+02	   +2.798335e+00	   -6.608562e+01
   +2.514883e-01	   +1.009383e+02	   +1.001240e+05	   +2.725986e+02	   +1.244788e+05	   +2.915652e+02	   +2.821228e+00	   -6.608105e+01
   +2.527224e-01	   +1.009149e+02	   +1.001363e+05	   +2.726147e+02	   +1.244762e+05	   +2.915675e+02	   +2.844132e+00	   -6.607648e+01
   +2.539565e-01	   +1.008914e+02	   +1.001486e+05	   +2.726308e+02	   +1.244736e+05	   +2.915698e+02	   +2.867046e+00	   -6.607190e+01
   +2.551906e-01	   +1.008680e+02	   +1.001609e+05	   +2.726470e+02	   +1.244709e+05	   +2.915721e+02	   +2.889971e+00	   -6.606733e+01
   +2.564247e-01	   +1.008445e+02	   +1.001732e+05	   +2.726631e+02	   +1.244683e+05	   +2.915744e+02	   +2.912907e+00	   -6.606275e+01
   +2.576589e-01	   +1.008465e+02	   +1.001820e+05	   +2.726664e+02	   +1.244720e+05	   +2.915712e+02	   +2.897763e+00	   -6.604476e+01
   +2.588930e-01	   +1.008770e+02	   +1.001868e+05	   +2.726554e+02	   +1.244826e+05	   +2.915618e+02	   +2.840239e+00	   -6.601186e+01
   +2.601271e-01	   +1.009074e+02	   +1.001917e+05	   +2.726445e+02	   +1.244933e+05	   +2.915524e+02	   +2.782750e+00	   -6.597898e+01
   +2.613612e-01	   +1.009378e+02	   +1.001965e+05	   +2.726336e+02	   +1.245039e+05	   +2.915430e+02	   +2.725296e+00	   -6.594612e+01
   +2.625953e-01	   +1.009682e+02	   +1.002014e+05	   +2.726226e+02	   +1.245146e+05	   +2.915336e+02	   +2.667876e+00	   -6.591327e+01
   +2.638294e-01	   +1.009986e+02	   +1.002062e+05	   +2.726117e+02	   +1.245252e+05	   +2.915243e+02	   +2.610491e+00	   -6.588045e+01
   +2.650635e-01	   +1.010291e+02	   +1.002111e+05	   +2.726008e+02	   +1.245358e+05	   +2.915149e+02	   +2.553140e+00	   -6.584765e+01
   +2.662977e-01	   +1.010595e+02	   +1.002159e+05	   +2.725899e+02	   +1.245464e+05	   +2.915055e+02	   +2.495824e+00	   -6.581487e+01
   +2.675318e-01	   +1.010829e+02	   +1.002169e+05	   +2.725787e+02	   +1.245563e+05	   +2.914991e+02	   +2.448716e+00	   -6.577271e+01
   +2.687659e-01	   +1.010388e+02	   +1.001810e+05	   +2.725648e+02	   +1.245592e+05	   +2.915205e+02	   +2.499546e+00	   -6.564005e+01
   +2.700000e-01	   +1.009946e+02	   +1.001451e+05	   +2.725509e+02	   +1.245621e+05	   +2.915420e+02	   +2.550420e+00	   -6.550728e+01
