z	mom_ax	p	T	p_tot	T_tot	dS	alpha
   -9.900000e-02	   +1.013123e+02	   +1.520111e+05	   +3.062911e+02	   +1.549795e+05	   +3.080000e+02	   +6.612253e-07	   +9.317011e-12
   -9.776589e-02	   +1.013123e+02	   +1.520111e+05	   +3.062911e+02	   +1.549795e+05	   +3.080000e+02	   -1.185615e-05	   -4.822868e-12
   -9.653177e-02	   +1.013123e+02	   +1.520111e+05	   +3.062911e+02	   +1.549795e+05	   +3.080000e+02	   -2.437353e-05	   -1.896275e-11
   -9.529766e-02	   +1.013124e+02	   +1.520111e+05	   +3.062911e+02	   +1.549796e+05	   +3.080000e+02	   -3.689089e-05	   -3.310262e-11
   -9.406355e-02	   +1.013124e+02	   +1.520111e+05	   +3.062911e+02	   +1.549796e+05	   +3.080000e+02	   -4.940826e-05	   -4.724251e-11
   -9.282943e-02	   +1.013124e+02	   +1.520112e+05	   +3.062911e+02	   +1.549796e+05	   +3.080000e+02	   -6.192563e-05	   -6.138239e-11
   -9.159532e-02	   +1.013124e+02	   +1.520112e+05	   +3.062911e+02	   +1.549796e+05	   +3.080000e+02	   -7.444299e-05	   -7.552227e-11
   -9.036120e-02	   +1.013124e+02	   +1.520112e+05	   +3.062911e+02	   +1.549796e+05	   +3.080000e+02	   -8.696034e-05	   -8.966214e-11
   -8.912709e-02	   +1.013124e+02	   +1.520112e+05	   +3.062911e+02	   +1.549796e+05	   +3.080000e+02	   -9.947770e-05	   -1.038020e-10
   -8.789298e-02	   +1.013125e+02	   +1.520112e+05	   +3.062911e+02	   +1.549796e+05	   +3.080000e+02	   -1.119950e-04	   -1.179419e-10
   -8.665886e-02	   +1.013124e+02	   +1.520112e+05	   +3.062911e+02	   +1.549796e+05	   +3.080000e+02	   -1.093231e-04	   -1.111487e-10
   -8.542475e-02	   +1.013124e+02	   +1.520112e+05	   +3.062911e+02	   +1.549796e+05	   +3.080000e+02	   -9.143663e-05	   -8.338782e-11
   -8.419064e-02	   +1.013124e+02	   +1.520112e+05	   +3.062911e+02	   +1.549796e+05	   +3.080000e+02	   -7.355019e-05	   -5.562693e-11
   -8.295652e-02	   +1.013124e+02	   +1.520111e+05	   +3.062911e+02	   +1.549796e+05	   +3.080000e+02	   -5.566374e-05	   -2.786601e-11
   -8.172241e-02	   +1.013124e+02	   +1.520111e+05	   +3.062911e+02	   +1.549796e+05	   +3.080000e+02	   -3.777728e-05	   -1.050949e-13
   -8.048829e-02	   +1.013123e+02	   +1.520111e+05	   +3.062911e+02	   +1.549795e+05	   +3.080000e+02	   -1.989081e-05	   +2.765584e-11
   -7.925418e-02	   +1.013123e+02	   +1.520111e+05	   +3.062911e+02	   +1.549795e+05	   +3.080000e+02	   -2.004335e-06	   +5.541679e-11
   -7.802007e-02	   +1.013123e+02	   +1.520111e+05	   +3.062911e+02	   +1.549795e+05	   +3.080000e+02	   +1.588215e-05	   +8.317776e-11
   -7.678595e-02	   +1.013123e+02	   +1.520111e+05	   +3.062911e+02	   +1.549795e+05	   +3.080000e+02	   +3.376865e-05	   +1.109387e-10
   -7.555184e-02	   +1.013123e+02	   +1.520111e+05	   +3.062911e+02	   +1.549795e+05	   +3.080000e+02	   +3.830733e-05	   +1.543500e-10
   -7.431773e-02	   +1.013123e+02	   +1.520111e+05	   +3.062911e+02	   +1.549795e+05	   +3.080000e+02	   +1.318867e-05	   +2.325345e-10
   -7.308361e-02	   +1.013123e+02	   +1.520111e+05	   +3.062911e+02	   +1.549795e+05	   +3.080000e+02	   -1.192997e-05	   +3.107190e-10
   -7.184950e-02	   +1.013124e+02	   +1.520111e+05	   +3.062911e+02	   +1.549796e+05	   +3.080000e+02	   -3.704860e-05	   +3.889034e-10
   -7.061538e-02	   +1.013124e+02	   +1.520111e+05	   +3.062911e+02	   +1.549796e+05	   +3.080000e+02	   -6.216721e-05	   +4.670877e-10
   -6.938127e-02	   +1.013124e+02	   +1.520112e+05	   +3.062911e+02	   +1.549796e+05	   +3.080000e+02	   -8.728580e-05	   +5.452720e-10
   -6.814716e-02	   +1.013125e+02	   +1.520112e+05	   +3.062911e+02	   +1.549796e+05	   +3.080000e+02	   -1.124044e-04	   +6.234562e-10
   -6.691304e-02	   +1.013125e+02	   +1.520112e+05	   +3.062911e+02	   +1.549796e+05	   +3.080000e+02	   -1.375229e-04	   +7.016403e-10
   -6.567893e-02	   +1.013125e+02	   +1.520112e+05	   +3.062911e+02	   +1.549796e+05	   +3.080000e+02	   -1.546268e-04	   +7.158607e-10
   -6.444482e-02	   +1.013125e+02	   +1.520112e+05	   +3.062911e+02	   +1.549796e+05	   +3.080000e+02	   -1.180768e-04	   +3.018787e-10
   -6.321070e-02	   +1.013124e+02	   +1.520111e+05	   +3.062911e+02	   +1.549796e+05	   +3.080000e+02	   -8.152679e-05	   -1.121036e-10
   -6.197659e-02	   +1.013124e+02	   +1.520111e+05	   +3.062911e+02	   +1.549796e+05	   +3.080000e+02	   -4.497672e-05	   -5.260866e-10
   -6.074247e-02	   +1.013123e+02	   +1.520111e+05	   +3.062911e+02	   +1.549795e+05	   +3.080000e+02	   -8.426625e-06	   -9.400699e-10
   -5.950836e-02	   +1.013122e+02	   +1.520111e+05	   +3.062911e+02	   +1.549795e+05	   +3.080000e+02	   +2.812353e-05	   -1.354054e-09
   -5.827425e-02	   +1.013122e+02	   +1.520111e+05	   +3.062911e+02	   +1.549795e+05	   +3.080000e+02	   +6.467371e-05	   -1.768038e-09
   -5.704013e-02	   +1.013121e+02	   +1.520110e+05	   +3.062911e+02	   +1.549795e+05	   +3.080000e+02	   +1.012240e-04	   -2.182023e-09
   -5.580602e-02	   +1.013122e+02	   +1.520111e+05	   +3.062911e+02	   +1.549795e+05	   +3.080000e+02	   +6.063244e-05	   -2.233487e-09
   -5.457191e-02	   +1.013123e+02	   +1.520111e+05	   +3.062911e+02	   +1.549795e+05	   +3.080000e+02	   +7.111539e-06	   -2.224189e-09
   -5.333779e-02	   +1.013124e+02	   +1.520111e+05	   +3.062911e+02	   +1.549796e+05	   +3.080000e+02	   -4.640927e-05	   -2.214892e-09
   -5.210368e-02	   +1.013125e+02	   +1.520111e+05	   +3.062911e+02	   +1.549796e+05	   +3.080000e+02	   -9.992999e-05	   -2.205594e-09
   -5.086957e-02	   +1.013126e+02	   +1.520111e+05	   +3.062911e+02	   +1.549796e+05	   +3.080000e+02	   -1.534506e-04	   -2.196297e-09
   -4.963545e-02	   +1.013127e+02	   +1.520111e+05	   +3.062911e+02	   +1.549796e+05	   +3.080000e+02	   -2.069711e-04	   -2.187000e-09
   -4.840134e-02	   +1.013127e+02	   +1.520111e+05	   +3.062910e+02	   +1.549796e+05	   +3.080000e+02	   -2.107723e-04	   -4.815788e-10
   -4.716722e-02	   +1.013125e+02	   +1.520111e+05	   +3.062910e+02	   +1.549796e+05	   +3.080000e+02	   -1.392847e-04	   +3.792252e-09
   -4.593311e-02	   +1.013124e+02	   +1.520110e+05	   +3.062910e+02	   +1.549796e+05	   +3.080000e+02	   -6.779677e-05	   +8.066096e-09
   -4.469900e-02	   +1.013122e+02	   +1.520110e+05	   +3.062910e+02	   +1.549795e+05	   +3.080000e+02	   +3.691309e-06	   +1.233995e-08
   -4.346488e-02	   +1.013121e+02	   +1.520109e+05	   +3.062910e+02	   +1.549795e+05	   +3.080000e+02	   +7.517958e-05	   +1.661382e-08
   -4.223077e-02	   +1.013119e+02	   +1.520109e+05	   +3.062910e+02	   +1.549794e+05	   +3.080000e+02	   +1.466681e-04	   +2.088770e-08
   -4.099666e-02	   +1.013120e+02	   +1.520109e+05	   +3.062910e+02	   +1.549795e+05	   +3.080000e+02	   +9.329562e-05	   +1.558557e-08
   -3.976254e-02	   +1.013122e+02	   +1.520109e+05	   +3.062910e+02	   +1.549795e+05	   +3.080000e+02	   -2.142016e-05	   +5.578821e-09
   -3.852843e-02	   +1.013125e+02	   +1.520110e+05	   +3.062910e+02	   +1.549796e+05	   +3.080000e+02	   -1.361355e-04	   -4.427887e-09
   -3.729431e-02	   +1.013127e+02	   +1.520110e+05	   +3.062910e+02	   +1.549797e+05	   +3.080000e+02	   -2.508503e-04	   -1.443455e-08
   -3.606020e-02	   +1.013129e+02	   +1.520110e+05	   +3.062909e+02	   +1.549797e+05	   +3.080000e+02	   -3.655646e-04	   -2.444118e-08
   -3.482609e-02	   +1.013128e+02	   +1.520110e+05	   +3.062909e+02	   +1.549797e+05	   +3.080000e+02	   -3.072238e-04	   -4.135621e-08
   -3.359197e-02	   +1.013124e+02	   +1.520109e+05	   +3.062909e+02	   +1.549796e+05	   +3.080000e+02	   -1.334089e-04	   -6.288110e-08
   -3.235786e-02	   +1.013121e+02	   +1.520108e+05	   +3.062909e+02	   +1.549795e+05	   +3.080000e+02	   +4.040715e-05	   -8.440613e-08
   -3.112375e-02	   +1.013118e+02	   +1.520107e+05	   +3.062909e+02	   +1.549794e+05	   +3.080000e+02	   +2.142243e-04	   -1.059313e-07
   -2.988963e-02	   +1.013116e+02	   +1.520106e+05	   +3.062909e+02	   +1.549793e+05	   +3.080000e+02	   +3.373067e-04	   -1.048375e-07
   -2.865552e-02	   +1.013120e+02	   +1.520106e+05	   +3.062908e+02	   +1.549795e+05	   +3.080000e+02	   +7.944939e-05	   +6.608709e-08
   -2.742140e-02	   +1.013125e+02	   +1.520107e+05	   +3.062908e+02	   +1.549796e+05	   +3.080000e+02	   -1.784055e-04	   +2.370101e-07
   -2.618729e-02	   +1.013130e+02	   +1.520107e+05	   +3.062907e+02	   +1.549797e+05	   +3.080000e+02	   -4.362580e-04	   +4.079315e-07
   -2.495318e-02	   +1.013133e+02	   +1.520107e+05	   +3.062907e+02	   +1.549798e+05	   +3.080000e+02	   -5.912855e-04	   +5.113105e-07
   -2.371906e-02	   +1.013126e+02	   +1.520105e+05	   +3.062907e+02	   +1.549796e+05	   +3.080000e+02	   -2.165643e-04	   +2.667151e-07
   -2.248495e-02	   +1.013119e+02	   +1.520103e+05	   +3.062907e+02	   +1.549794e+05	   +3.080000e+02	   +1.581620e-04	   +2.211637e-08
   -2.125084e-02	   +1.013112e+02	   +1.520100e+05	   +3.062906e+02	   +1.549792e+05	   +3.080000e+02	   +5.328934e-04	   -2.224857e-07
   -2.001672e-02	   +1.013116e+02	   +1.520100e+05	   +3.062906e+02	   +1.549793e+05	   +3.080000e+02	   +2.840948e-04	   -1.182692e-06
   -1.878261e-02	   +1.013126e+02	   +1.520102e+05	   +3.062905e+02	   +1.549796e+05	   +3.080000e+02	   -2.586796e-04	   -2.480270e-06
   -1.754849e-02	   +1.013136e+02	   +1.520103e+05	   +3.062904e+02	   +1.549799e+05	   +3.080000e+02	   -8.014433e-04	   -3.777823e-06
   -1.631438e-02	   +1.013131e+02	   +1.520100e+05	   +3.062903e+02	   +1.549798e+05	   +3.080000e+02	   -5.298183e-04	   +2.158480e-07
   -1.508027e-02	   +1.013117e+02	   +1.520095e+05	   +3.062903e+02	   +1.549794e+05	   +3.080000e+02	   +2.434414e-04	   +7.468795e-06
   -1.384615e-02	   +1.013102e+02	   +1.520090e+05	   +3.062902e+02	   +1.549789e+05	   +3.080000e+02	   +1.016723e-03	   +1.472195e-05
   -1.261204e-02	   +1.013120e+02	   +1.520093e+05	   +3.062900e+02	   +1.549795e+05	   +3.080000e+02	   +5.900379e-05	   +7.284020e-06
   -1.137793e-02	   +1.013141e+02	   +1.520096e+05	   +3.062899e+02	   +1.549800e+05	   +3.080000e+02	   -1.018268e-03	   -1.168581e-06
   -1.014381e-02	   +1.013132e+02	   +1.520091e+05	   +3.062898e+02	   +1.549798e+05	   +3.080000e+02	   -5.646578e-04	   -4.199090e-05
   -8.909699e-03	   +1.013103e+02	   +1.520082e+05	   +3.062897e+02	   +1.549790e+05	   +3.080000e+02	   +9.582598e-04	   -1.054252e-04
   -7.675585e-03	   +1.013112e+02	   +1.520081e+05	   +3.062895e+02	   +1.549792e+05	   +3.080000e+02	   +5.229127e-04	   +5.628913e-05
   -6.441472e-03	   +1.013152e+02	   +1.520087e+05	   +3.062892e+02	   +1.549803e+05	   +3.080000e+02	   -1.563073e-03	   +4.077726e-04
   -5.207358e-03	   +1.013120e+02	   +1.520076e+05	   +3.062891e+02	   +1.549794e+05	   +3.080000e+02	   +1.408217e-04	   +6.795380e-05
   -3.973244e-03	   +1.013098e+02	   +1.520066e+05	   +3.062889e+02	   +1.549786e+05	   +3.080000e+02	   +1.541215e-03	   -9.088459e-04
   -2.739130e-03	   +1.013188e+02	   +1.520077e+05	   +3.062884e+02	   +1.549806e+05	   +3.080000e+02	   -2.168031e-03	   -3.354075e-03
   -1.505017e-03	   +1.013078e+02	   +1.519852e+05	   +3.062880e+02	   +1.549585e+05	   +3.080000e+02	   +3.883497e-02	   +1.297354e-02
   -2.709030e-04	   +1.036067e+02	   +1.519001e+05	   +3.062077e+02	   +1.550118e+05	   +3.080000e+02	   -6.376502e-02	   -2.103371e-02
   +9.632107e-04	   +1.067218e+02	   +1.515935e+05	   +3.060923e+02	   +1.549002e+05	   +3.080000e+02	   +1.375022e-01	   -4.009252e-02
   +2.197324e-03	   +1.139095e+02	   +1.512984e+05	   +3.058170e+02	   +1.550784e+05	   +3.080000e+02	   -2.073998e-01	   -2.783906e-01
   +3.431438e-03	   +1.188916e+02	   +1.507559e+05	   +3.056130e+02	   +1.548767e+05	   +3.080000e+02	   +1.541954e-01	   -5.626497e-01
   +4.665552e-03	   +1.230375e+02	   +1.504875e+05	   +3.054363e+02	   +1.549085e+05	   +3.080000e+02	   +8.374148e-02	   -9.508921e-01
   +5.899666e-03	   +1.275369e+02	   +1.503246e+05	   +3.052419e+02	   +1.550782e+05	   +3.080000e+02	   -2.442583e-01	   -1.467251e+00
   +7.133779e-03	   +1.325136e+02	   +1.496759e+05	   +3.049994e+02	   +1.548293e+05	   +3.080000e+02	   +1.987041e-01	   -2.152142e+00
   +8.367893e-03	   +1.363485e+02	   +1.494020e+05	   +3.048108e+02	   +1.548730e+05	   +3.080000e+02	   +1.023579e-01	   -3.067104e+00
   +9.602007e-03	   +1.397372e+02	   +1.492682e+05	   +3.046459e+02	   +1.550201e+05	   +3.080000e+02	   -1.840541e-01	   -4.042301e+00
   +1.083612e-02	   +1.427422e+02	   +1.488699e+05	   +3.044664e+02	   +1.549163e+05	   +3.080000e+02	   -8.181708e-03	   -5.193624e+00
   +1.207023e-02	   +1.457155e+02	   +1.484660e+05	   +3.042925e+02	   +1.547969e+05	   +3.080000e+02	   +1.968973e-01	   -6.315754e+00
   +1.330435e-02	   +1.482897e+02	   +1.482068e+05	   +3.041202e+02	   +1.548239e+05	   +3.080000e+02	   +1.295355e-01	   -7.741560e+00
   +1.453846e-02	   +1.507163e+02	   +1.480029e+05	   +3.039518e+02	   +1.549016e+05	   +3.080000e+02	   -3.193137e-02	   -9.247138e+00
   +1.577258e-02	   +1.531430e+02	   +1.478055e+05	   +3.037887e+02	   +1.549768e+05	   +3.080000e+02	   -1.882811e-01	   -1.070500e+01
   +1.700669e-02	   +1.548855e+02	   +1.474296e+05	   +3.035620e+02	   +1.549717e+05	   +3.080000e+02	   -2.058137e-01	   -1.316498e+01
   +1.824080e-02	   +1.565865e+02	   +1.470509e+05	   +3.033361e+02	   +1.549619e+05	   +3.080000e+02	   -2.149088e-01	   -1.563385e+01
   +1.947492e-02	   +1.582876e+02	   +1.466803e+05	   +3.031150e+02	   +1.549524e+05	   +3.080000e+02	   -2.238084e-01	   -1.804964e+01
   +2.070903e-02	   +1.592061e+02	   +1.462854e+05	   +3.028741e+02	   +1.549488e+05	   +3.080000e+02	   -2.487089e-01	   -2.063868e+01
   +2.194314e-02	   +1.590742e+02	   +1.458492e+05	   +3.026011e+02	   +1.549528e+05	   +3.080000e+02	   -2.953434e-01	   -2.351815e+01
   +2.317726e-02	   +1.589423e+02	   +1.454122e+05	   +3.023276e+02	   +1.549569e+05	   +3.080000e+02	   -3.420554e-01	   -2.640240e+01
   +2.441137e-02	   +1.588104e+02	   +1.449744e+05	   +3.020538e+02	   +1.549610e+05	   +3.080000e+02	   -3.888449e-01	   -2.929144e+01
   +2.564548e-02	   +1.576263e+02	   +1.443650e+05	   +3.017020e+02	   +1.549067e+05	   +3.080000e+02	   -3.463347e-01	   -3.222770e+01
   +2.687960e-02	   +1.558879e+02	   +1.436525e+05	   +3.013022e+02	   +1.548203e+05	   +3.080000e+02	   -2.550979e-01	   -3.524175e+01
   +2.811371e-02	   +1.541494e+02	   +1.429238e+05	   +3.008934e+02	   +1.547318e+05	   +3.080000e+02	   -1.618032e-01	   -3.832378e+01
   +2.934783e-02	   +1.520931e+02	   +1.421185e+05	   +3.004347e+02	   +1.546364e+05	   +3.080000e+02	   -7.169004e-02	   -4.121595e+01
   +3.058194e-02	   +1.496511e+02	   +1.412146e+05	   +2.999121e+02	   +1.545321e+05	   +3.080000e+02	   +1.456975e-02	   -4.387352e+01
   +3.181605e-02	   +1.472091e+02	   +1.402807e+05	   +2.993721e+02	   +1.544243e+05	   +3.080000e+02	   +1.036914e-01	   -4.661926e+01
   +3.305017e-02	   +1.437885e+02	   +1.393450e+05	   +2.988279e+02	   +1.543028e+05	   +3.080000e+02	   +2.024832e-01	   -4.902111e+01
   +3.428428e-02	   +1.402914e+02	   +1.383656e+05	   +2.982580e+02	   +1.541745e+05	   +3.080000e+02	   +3.066826e-01	   -5.150627e+01
   +3.551839e-02	   +1.364703e+02	   +1.374401e+05	   +2.976972e+02	   +1.540755e+05	   +3.080000e+02	   +3.457247e-01	   -5.365886e+01
   +3.675251e-02	   +1.325746e+02	   +1.364911e+05	   +2.971253e+02	   +1.539641e+05	   +3.080000e+02	   +4.016259e-01	   -5.578857e+01
   +3.798662e-02	   +1.285281e+02	   +1.355589e+05	   +2.965919e+02	   +1.537952e+05	   +3.080000e+02	   +5.660798e-01	   -5.765094e+01
   +3.922074e-02	   +1.254870e+02	   +1.346841e+05	   +2.960402e+02	   +1.537138e+05	   +3.080000e+02	   +5.545707e-01	   -5.917101e+01
   +4.045485e-02	   +1.223901e+02	   +1.338600e+05	   +2.955183e+02	   +1.536334e+05	   +3.080000e+02	   +5.444956e-01	   -6.056941e+01
   +4.168896e-02	   +1.169876e+02	   +1.332533e+05	   +2.951854e+02	   +1.534854e+05	   +3.080000e+02	   +7.163096e-01	   -6.225149e+01
   +4.292308e-02	   +1.073240e+02	   +1.333217e+05	   +2.953162e+02	   +1.533499e+05	   +3.080000e+02	   +1.012678e+00	   -6.460505e+01
   +4.415719e-02	   +1.014148e+02	   +1.337807e+05	   +2.955507e+02	   +1.534911e+05	   +3.080000e+02	   +8.225594e-01	   -6.594453e+01
   +4.539130e-02	   +1.011439e+02	   +1.338192e+05	   +2.955547e+02	   +1.535280e+05	   +3.080000e+02	   +7.543322e-01	   -6.601821e+01
   +4.662542e-02	   +1.014351e+02	   +1.337244e+05	   +2.955354e+02	   +1.534507e+05	   +3.080000e+02	   +8.923585e-01	   -6.594969e+01
   +4.785953e-02	   +1.013046e+02	   +1.337478e+05	   +2.955371e+02	   +1.534742e+05	   +3.080000e+02	   +8.488384e-01	   -6.598565e+01
   +4.909365e-02	   +1.012155e+02	   +1.337681e+05	   +2.955372e+02	   +1.534970e+05	   +3.080000e+02	   +8.061137e-01	   -6.601200e+01
   +5.032776e-02	   +1.014137e+02	   +1.337244e+05	   +2.955239e+02	   +1.534689e+05	   +3.080001e+02	   +8.542309e-01	   -6.596829e+01
   +5.156187e-02	   +1.012812e+02	   +1.337326e+05	   +2.955271e+02	   +1.534715e+05	   +3.079995e+02	   +8.485717e-01	   -6.599874e+01
   +5.279599e-02	   +1.012520e+02	   +1.337372e+05	   +2.955254e+02	   +1.534802e+05	   +3.080000e+02	   +8.328739e-01	   -6.600865e+01
   +5.403010e-02	   +1.014209e+02	   +1.337278e+05	   +2.955138e+02	   +1.534916e+05	   +3.080019e+02	   +8.133007e-01	   -6.597761e+01
   +5.526421e-02	   +1.012580e+02	   +1.337179e+05	   +2.955204e+02	   +1.534675e+05	   +3.080011e+02	   +8.579605e-01	   -6.600921e+01
   +5.649833e-02	   +1.012730e+02	   +1.337217e+05	   +2.955228e+02	   +1.534538e+05	   +3.079921e+02	   +8.579917e-01	   -6.599453e+01
   +5.773244e-02	   +1.014461e+02	   +1.337320e+05	   +2.955191e+02	   +1.534542e+05	   +3.079807e+02	   +8.222295e-01	   -6.594471e+01
   +5.896656e-02	   +1.012298e+02	   +1.336254e+05	   +2.954865e+02	   +1.535069e+05	   +3.080587e+02	   +9.418468e-01	   -6.608704e+01
   +6.020067e-02	   +1.054818e+02	   +1.334020e+05	   +2.953092e+02	   +1.534539e+05	   +3.080025e+02	   +8.200122e-01	   -6.503853e+01
   +6.143478e-02	   +1.127932e+02	   +1.331168e+05	   +2.950569e+02	   +1.533337e+05	   +3.078698e+02	   +5.755050e-01	   -6.335517e+01
   +6.266890e-02	   +1.215483e+02	   +1.323792e+05	   +2.946430e+02	   +1.529401e+05	   +3.077275e+02	   +7.620164e-01	   -6.118319e+01
   +6.390301e-02	   +1.290036e+02	   +1.318147e+05	   +2.943186e+02	   +1.526191e+05	   +3.075983e+02	   +8.803580e-01	   -5.947137e+01
   +6.513712e-02	   +1.337322e+02	   +1.314532e+05	   +2.940931e+02	   +1.523676e+05	   +3.074687e+02	   +8.998066e-01	   -5.825948e+01
   +6.637124e-02	   +1.374715e+02	   +1.311842e+05	   +2.939231e+02	   +1.521479e+05	   +3.073490e+02	   +9.068814e-01	   -5.729129e+01
   +6.760535e-02	   +1.400938e+02	   +1.310032e+05	   +2.938058e+02	   +1.519545e+05	   +3.072358e+02	   +9.013097e-01	   -5.654662e+01
   +6.883946e-02	   +1.424055e+02	   +1.308595e+05	   +2.937116e+02	   +1.517287e+05	   +3.070983e+02	   +8.932729e-01	   -5.582128e+01
   +7.007358e-02	   +1.443293e+02	   +1.307579e+05	   +2.936433e+02	   +1.514609e+05	   +3.069297e+02	   +8.821727e-01	   -5.510728e+01
   +7.130769e-02	   +1.460208e+02	   +1.306743e+05	   +2.935896e+02	   +1.511933e+05	   +3.067633e+02	   +8.818095e-01	   -5.444720e+01
   +7.254181e-02	   +1.468716e+02	   +1.306468e+05	   +2.935832e+02	   +1.509057e+05	   +3.065914e+02	   +9.191221e-01	   -5.392524e+01
   +7.377592e-02	   +1.477223e+02	   +1.306196e+05	   +2.935768e+02	   +1.506214e+05	   +3.064216e+02	   +9.560051e-01	   -5.340930e+01
   +7.501003e-02	   +1.482011e+02	   +1.306578e+05	   +2.935997e+02	   +1.502787e+05	   +3.061967e+02	   +9.497715e-01	   -5.284106e+01
   +7.624415e-02	   +1.485701e+02	   +1.307151e+05	   +2.936313e+02	   +1.499199e+05	   +3.059564e+02	   +9.309663e-01	   -5.225889e+01
   +7.747826e-02	   +1.489341e+02	   +1.307684e+05	   +2.936611e+02	   +1.495590e+05	   +3.057160e+02	   +9.151481e-01	   -5.167334e+01
   +7.871237e-02	   +1.492554e+02	   +1.307915e+05	   +2.936786e+02	   +1.491684e+05	   +3.054663e+02	   +9.234830e-01	   -5.103837e+01
   +7.994649e-02	   +1.495767e+02	   +1.308144e+05	   +2.936959e+02	   +1.487795e+05	   +3.052177e+02	   +9.317820e-01	   -5.040613e+01
   +8.118060e-02	   +1.498908e+02	   +1.308326e+05	   +2.937095e+02	   +1.483674e+05	   +3.049538e+02	   +9.377436e-01	   -4.972544e+01
   +8.241472e-02	   +1.501806e+02	   +1.308350e+05	   +2.937107e+02	   +1.478738e+05	   +3.046365e+02	   +9.360045e-01	   -4.887690e+01
   +8.364883e-02	   +1.504703e+02	   +1.308373e+05	   +2.937119e+02	   +1.473821e+05	   +3.043204e+02	   +9.342721e-01	   -4.803161e+01
   +8.488294e-02	   +1.508332e+02	   +1.308260e+05	   +2.937006e+02	   +1.468760e+05	   +3.039920e+02	   +9.200652e-01	   -4.711920e+01
   +8.611706e-02	   +1.514897e+02	   +1.307601e+05	   +2.936397e+02	   +1.463078e+05	   +3.036116e+02	   +8.560197e-01	   -4.593138e+01
   +8.735117e-02	   +1.521463e+02	   +1.306948e+05	   +2.935793e+02	   +1.457445e+05	   +3.032344e+02	   +7.925269e-01	   -4.475380e+01
   +8.858528e-02	   +1.526405e+02	   +1.306262e+05	   +2.935209e+02	   +1.451533e+05	   +3.028438e+02	   +7.432251e-01	   -4.354563e+01
   +8.981940e-02	   +1.518304e+02	   +1.305256e+05	   +2.934742e+02	   +1.442969e+05	   +3.023165e+02	   +8.041617e-01	   -4.200575e+01
   +9.105351e-02	   +1.510203e+02	   +1.304240e+05	   +2.934269e+02	   +1.434313e+05	   +3.017837e+02	   +8.657520e-01	   -4.044935e+01
   +9.228763e-02	   +1.501424e+02	   +1.303217e+05	   +2.933774e+02	   +1.425588e+05	   +3.012443e+02	   +9.209826e-01	   -3.886555e+01
   +9.352174e-02	   +1.483096e+02	   +1.302246e+05	   +2.933021e+02	   +1.417041e+05	   +3.006850e+02	   +8.770139e-01	   -3.710149e+01
   +9.475585e-02	   +1.464768e+02	   +1.301250e+05	   +2.932250e+02	   +1.408280e+05	   +3.001117e+02	   +8.319449e-01	   -3.529328e+01
   +9.598997e-02	   +1.445796e+02	   +1.300044e+05	   +2.931408e+02	   +1.399416e+05	   +2.995389e+02	   +8.093441e-01	   -3.345037e+01
   +9.722408e-02	   +1.423293e+02	   +1.297774e+05	   +2.930260e+02	   +1.390960e+05	   +2.990331e+02	   +9.176333e-01	   -3.161570e+01
   +9.845819e-02	   +1.400790e+02	   +1.295432e+05	   +2.929075e+02	   +1.382232e+05	   +2.985111e+02	   +1.029402e+00	   -2.972208e+01
   +9.969231e-02	   +1.373939e+02	   +1.293365e+05	   +2.927864e+02	   +1.373942e+05	   +2.979946e+02	   +1.071486e+00	   -2.776912e+01
   +1.009264e-01	   +1.341766e+02	   +1.291650e+05	   +2.926615e+02	   +1.366196e+05	   +2.974839e+02	   +1.023202e+00	   -2.573337e+01
   +1.021605e-01	   +1.309594e+02	   +1.289851e+05	   +2.925304e+02	   +1.358070e+05	   +2.969482e+02	   +9.725455e-01	   -2.359759e+01
   +1.033946e-01	   +1.277992e+02	   +1.286463e+05	   +2.923350e+02	   +1.349794e+05	   +2.964437e+02	   +1.056887e+00	   -2.116938e+01
   +1.046288e-01	   +1.246410e+02	   +1.282849e+05	   +2.921277e+02	   +1.341109e+05	   +2.959158e+02	   +1.150527e+00	   -1.861133e+01
   +1.058629e-01	   +1.217502e+02	   +1.278658e+05	   +2.918470e+02	   +1.332737e+05	   +2.953713e+02	   +1.124292e+00	   -1.560469e+01
   +1.070970e-01	   +1.189729e+02	   +1.274100e+05	   +2.915259e+02	   +1.324299e+05	   +2.948057e+02	   +1.042762e+00	   -1.231809e+01
   +1.083311e-01	   +1.166938e+02	   +1.268001e+05	   +2.911499e+02	   +1.315338e+05	   +2.942537e+02	   +1.124787e+00	   -8.833601e+00
   +1.095652e-01	   +1.146929e+02	   +1.260926e+05	   +2.907375e+02	   +1.305977e+05	   +2.937042e+02	   +1.304639e+00	   -5.195994e+00
   +1.107993e-01	   +1.126527e+02	   +1.254524e+05	   +2.902981e+02	   +1.297850e+05	   +2.931616e+02	   +1.246276e+00	   -1.421413e+00
   +1.120334e-01	   +1.104545e+02	   +1.248171e+05	   +2.898415e+02	   +1.289854e+05	   +2.926064e+02	   +1.120669e+00	   +2.518156e+00
   +1.132676e-01	   +1.054863e+02	   +1.241354e+05	   +2.894115e+02	   +1.280224e+05	   +2.919999e+02	   +1.202045e+00	   +7.180633e+00
   +1.145017e-01	   +1.025690e+02	   +1.236242e+05	   +2.891489e+02	   +1.273399e+05	   +2.916318e+02	   +1.472659e+00	   +1.002746e+01
   +1.157358e-01	   +1.019186e+02	   +1.233544e+05	   +2.891060e+02	   +1.270430e+05	   +2.915758e+02	   +1.950280e+00	   +1.049207e+01
   +1.169699e-01	   +1.012658e+02	   +1.235398e+05	   +2.891323e+02	   +1.271807e+05	   +2.915668e+02	   +1.610906e+00	   +1.063978e+01
   +1.182040e-01	   +1.006128e+02	   +1.237765e+05	   +2.891663e+02	   +1.273669e+05	   +2.915627e+02	   +1.179445e+00	   +1.075502e+01
   +1.194381e-01	   +1.009525e+02	   +1.236508e+05	   +2.891450e+02	   +1.272685e+05	   +2.915618e+02	   +1.396985e+00	   +1.072015e+01
   +1.206722e-01	   +1.014392e+02	   +1.234728e+05	   +2.891156e+02	   +1.271290e+05	   +2.915615e+02	   +1.708350e+00	   +1.066343e+01
   +1.219064e-01	   +1.012197e+02	   +1.235474e+05	   +2.891280e+02	   +1.271869e+05	   +2.915614e+02	   +1.578058e+00	   +1.069361e+01
   +1.231405e-01	   +1.008633e+02	   +1.236717e+05	   +2.891487e+02	   +1.272837e+05	   +2.915613e+02	   +1.361105e+00	   +1.074088e+01
   +1.243746e-01	   +1.010069e+02	   +1.236271e+05	   +2.891403e+02	   +1.272503e+05	   +2.915613e+02	   +1.435658e+00	   +1.072247e+01
   +1.256087e-01	   +1.012720e+02	   +1.235417e+05	   +2.891250e+02	   +1.271856e+05	   +2.915613e+02	   +1.580644e+00	   +1.068820e+01
   +1.268428e-01	   +1.011756e+02	   +1.235658e+05	   +2.891300e+02	   +1.272027e+05	   +2.915613e+02	   +1.542247e+00	   +1.070531e+01
   +1.280769e-01	   +1.009719e+02	   +1.236225e+05	   +2.891412e+02	   +1.272443e+05	   +2.915613e+02	   +1.449216e+00	   +1.073777e+01
   +1.293110e-01	   +1.010393e+02	   +1.236109e+05	   +2.891376e+02	   +1.272377e+05	   +2.915613e+02	   +1.463808e+00	   +1.073297e+01
   +1.305452e-01	   +1.012032e+02	   +1.235749e+05	   +2.891288e+02	   +1.272141e+05	   +2.915613e+02	   +1.516581e+00	   +1.071495e+01
   +1.317793e-01	   +1.011544e+02	   +1.235782e+05	   +2.891322e+02	   +1.272122e+05	   +2.915613e+02	   +1.520972e+00	   +1.066508e+01
   +1.330134e-01	   +1.010164e+02	   +1.235978e+05	   +2.891408e+02	   +1.272195e+05	   +2.915613e+02	   +1.505073e+00	   +1.060168e+01
   +1.342475e-01	   +1.011087e+02	   +1.235631e+05	   +2.891285e+02	   +1.272022e+05	   +2.915613e+02	   +1.543354e+00	   +1.090608e+01
   +1.354816e-01	   +1.032092e+02	   +1.234188e+05	   +2.890231e+02	   +1.272121e+05	   +2.915610e+02	   +1.512288e+00	   +1.064340e+01
   +1.367157e-01	   +1.084759e+02	   +1.231191e+05	   +2.887836e+02	   +1.272623e+05	   +2.915603e+02	   +1.377696e+00	   +9.259164e+00
   +1.379498e-01	   +1.155817e+02	   +1.225273e+05	   +2.884197e+02	   +1.271953e+05	   +2.915594e+02	   +1.494039e+00	   +7.584465e+00
   +1.391839e-01	   +1.214772e+02	   +1.220501e+05	   +2.881025e+02	   +1.271739e+05	   +2.915586e+02	   +1.508825e+00	   +5.989208e+00
   +1.404181e-01	   +1.266027e+02	   +1.216327e+05	   +2.878208e+02	   +1.271599e+05	   +2.915578e+02	   +1.508916e+00	   +4.457286e+00
   +1.416522e-01	   +1.307026e+02	   +1.212502e+05	   +2.875747e+02	   +1.271270e+05	   +2.915573e+02	   +1.553596e+00	   +2.916548e+00
   +1.428863e-01	   +1.346229e+02	   +1.208940e+05	   +2.873248e+02	   +1.271257e+05	   +2.915567e+02	   +1.524798e+00	   +1.322320e+00
   +1.441204e-01	   +1.384413e+02	   +1.205595e+05	   +2.870786e+02	   +1.271408e+05	   +2.915562e+02	   +1.458476e+00	   -2.641978e-01
   +1.453545e-01	   +1.415076e+02	   +1.201943e+05	   +2.868460e+02	   +1.271009e+05	   +2.915559e+02	   +1.515895e+00	   -2.063132e+00
   +1.465886e-01	   +1.444611e+02	   +1.198371e+05	   +2.866232e+02	   +1.270547e+05	   +2.915555e+02	   +1.588663e+00	   -3.831031e+00
   +1.478227e-01	   +1.467813e+02	   +1.195415e+05	   +2.864113e+02	   +1.270552e+05	   +2.915552e+02	   +1.555267e+00	   -5.621907e+00
   +1.490569e-01	   +1.490572e+02	   +1.192583e+05	   +2.862062e+02	   +1.270589e+05	   +2.915549e+02	   +1.515759e+00	   -7.364046e+00
   +1.502910e-01	   +1.512724e+02	   +1.188937e+05	   +2.859483e+02	   +1.270515e+05	   +2.915546e+02	   +1.489857e+00	   -9.468828e+00
   +1.515251e-01	   +1.534738e+02	   +1.185195e+05	   +2.856846e+02	   +1.270419e+05	   +2.915543e+02	   +1.467479e+00	   -1.160590e+01
   +1.527592e-01	   +1.552443e+02	   +1.181113e+05	   +2.853959e+02	   +1.270304e+05	   +2.915541e+02	   +1.442707e+00	   -1.401113e+01
   +1.539933e-01	   +1.566078e+02	   +1.176695e+05	   +2.850825e+02	   +1.270168e+05	   +2.915539e+02	   +1.415590e+00	   -1.667662e+01
   +1.552274e-01	   +1.578728e+02	   +1.172282e+05	   +2.847704e+02	   +1.270015e+05	   +2.915537e+02	   +1.392114e+00	   -1.932076e+01
   +1.564615e-01	   +1.579262e+02	   +1.167034e+05	   +2.844092e+02	   +1.269617e+05	   +2.915537e+02	   +1.407851e+00	   -2.224629e+01
   +1.576957e-01	   +1.579797e+02	   +1.161790e+05	   +2.840482e+02	   +1.269220e+05	   +2.915537e+02	   +1.423578e+00	   -2.516983e+01
   +1.589298e-01	   +1.576174e+02	   +1.155653e+05	   +2.836077e+02	   +1.268942e+05	   +2.915538e+02	   +1.387496e+00	   -2.812709e+01
   +1.601639e-01	   +1.569352e+02	   +1.148779e+05	   +2.831027e+02	   +1.268756e+05	   +2.915539e+02	   +1.311028e+00	   -3.113171e+01
   +1.613980e-01	   +1.561528e+02	   +1.141651e+05	   +2.825837e+02	   +1.268473e+05	   +2.915540e+02	   +1.251168e+00	   -3.414695e+01
   +1.626321e-01	   +1.542668e+02	   +1.132233e+05	   +2.819496e+02	   +1.267129e+05	   +2.915542e+02	   +1.382863e+00	   -3.704044e+01
   +1.638662e-01	   +1.523808e+02	   +1.122581e+05	   +2.812999e+02	   +1.265752e+05	   +2.915545e+02	   +1.517817e+00	   -4.000556e+01
   +1.651003e-01	   +1.500445e+02	   +1.112194e+05	   +2.805453e+02	   +1.264833e+05	   +2.915548e+02	   +1.494966e+00	   -4.275822e+01
   +1.663344e-01	   +1.475350e+02	   +1.101270e+05	   +2.797312e+02	   +1.264078e+05	   +2.915551e+02	   +1.408133e+00	   -4.548880e+01
   +1.675686e-01	   +1.443742e+02	   +1.089401e+05	   +2.789029e+02	   +1.262226e+05	   +2.915555e+02	   +1.546527e+00	   -4.805397e+01
   +1.688027e-01	   +1.406559e+02	   +1.076448e+05	   +2.780466e+02	   +1.259339e+05	   +2.915559e+02	   +1.893169e+00	   -5.051515e+01
   +1.700368e-01	   +1.371719e+02	   +1.063958e+05	   +2.771285e+02	   +1.257651e+05	   +2.915564e+02	   +1.920620e+00	   -5.277635e+01
   +1.712709e-01	   +1.338879e+02	   +1.051851e+05	   +2.761506e+02	   +1.257061e+05	   +2.915568e+02	   +1.654739e+00	   -5.486094e+01
   +1.725050e-01	   +1.299290e+02	   +1.038596e+05	   +2.752507e+02	   +1.253708e+05	   +2.915574e+02	   +2.028932e+00	   -5.674049e+01
   +1.737391e-01	   +1.257680e+02	   +1.024676e+05	   +2.743523e+02	   +1.249397e+05	   +2.915580e+02	   +2.609942e+00	   -5.858511e+01
   +1.749732e-01	   +1.224042e+02	   +1.015755e+05	   +2.735291e+02	   +1.249838e+05	   +2.915584e+02	   +2.107174e+00	   -6.007177e+01
   +1.762074e-01	   +1.184191e+02	   +1.005950e+05	   +2.728054e+02	   +1.247700e+05	   +2.915589e+02	   +2.238038e+00	   -6.153145e+01
   +1.774415e-01	   +1.133758e+02	   +9.971921e+04	   +2.722816e+02	   +1.244019e+05	   +2.915596e+02	   +2.817484e+00	   -6.305176e+01
   +1.786756e-01	   +1.055714e+02	   +9.983388e+04	   +2.723941e+02	   +1.243923e+05	   +2.915603e+02	   +2.901407e+00	   -6.498773e+01
   +1.799097e-01	   +1.021693e+02	   +1.000244e+05	   +2.725397e+02	   +1.244309e+05	   +2.915611e+02	   +2.890015e+00	   -6.580012e+01
   +1.811438e-01	   +1.009514e+02	   +1.001262e+05	   +2.725984e+02	   +1.244764e+05	   +2.915614e+02	   +2.815507e+00	   -6.609622e+01
   +1.823779e-01	   +1.008229e+02	   +1.001454e+05	   +2.725929e+02	   +1.245060e+05	   +2.915614e+02	   +2.743177e+00	   -6.613684e+01
   +1.836120e-01	   +1.009539e+02	   +1.000764e+05	   +2.725692e+02	   +1.244515e+05	   +2.915614e+02	   +2.855449e+00	   -6.610203e+01
   +1.848462e-01	   +1.009781e+02	   +1.000511e+05	   +2.725544e+02	   +1.244390e+05	   +2.915614e+02	   +2.875532e+00	   -6.609722e+01
   +1.860803e-01	   +1.008976e+02	   +1.000686e+05	   +2.725484e+02	   +1.244676e+05	   +2.915614e+02	   +2.805331e+00	   -6.612180e+01
   +1.873144e-01	   +1.008988e+02	   +1.000527e+05	   +2.725361e+02	   +1.244635e+05	   +2.915614e+02	   +2.807410e+00	   -6.612154e+01
   +1.885485e-01	   +1.009461e+02	   +1.000180e+05	   +2.725203e+02	   +1.244410e+05	   +2.915614e+02	   +2.850351e+00	   -6.610724e+01
   +1.897826e-01	   +1.009537e+02	   +1.000009e+05	   +2.725081e+02	   +1.244353e+05	   +2.915614e+02	   +2.856115e+00	   -6.610399e+01
   +1.910167e-01	   +1.009268e+02	   +9.999904e+04	   +2.724990e+02	   +1.244443e+05	   +2.915614e+02	   +2.829661e+00	   -6.611031e+01
   +1.922508e-01	   +1.009070e+02	   +9.999413e+04	   +2.724896e+02	   +1.244501e+05	   +2.915614e+02	   +2.810599e+00	   -6.611439e+01
   +1.934849e-01	   +1.009215e+02	   +9.997442e+04	   +2.724785e+02	   +1.244400e+05	   +2.915614e+02	   +2.827433e+00	   -6.610759e+01
   +1.947191e-01	   +1.009359e+02	   +9.995470e+04	   +2.724673e+02	   +1.244299e+05	   +2.915614e+02	   +2.844263e+00	   -6.610080e+01
   +1.959532e-01	   +1.009394e+02	   +9.994205e+04	   +2.724577e+02	   +1.244265e+05	   +2.915614e+02	   +2.846549e+00	   -6.609732e+01
   +1.971873e-01	   +1.009327e+02	   +9.993594e+04	   +2.724497e+02	   +1.244292e+05	   +2.915614e+02	   +2.835362e+00	   -6.609692e+01
   +1.984214e-01	   +1.009260e+02	   +9.992983e+04	   +2.724416e+02	   +1.244319e+05	   +2.915614e+02	   +2.824174e+00	   -6.609651e+01
   +1.996555e-01	   +1.009240e+02	   +9.992078e+04	   +2.724341e+02	   +1.244302e+05	   +2.915614e+02	   +2.823718e+00	   -6.609444e+01
   +2.008896e-01	   +1.009259e+02	   +9.990933e+04	   +2.724272e+02	   +1.244249e+05	   +2.915614e+02	   +2.831999e+00	   -6.609103e+01
   +2.021237e-01	   +1.009278e+02	   +9.989788e+04	   +2.724203e+02	   +1.244196e+05	   +2.915614e+02	   +2.840280e+00	   -6.608762e+01
   +2.033579e-01	   +1.009295e+02	   +9.988822e+04	   +2.724138e+02	   +1.244159e+05	   +2.915614e+02	   +2.844985e+00	   -6.608456e+01
   +2.045920e-01	   +1.009309e+02	   +9.988433e+04	   +2.724088e+02	   +1.244175e+05	   +2.915614e+02	   +2.838154e+00	   -6.608262e+01
   +2.058261e-01	   +1.009323e+02	   +9.988043e+04	   +2.724037e+02	   +1.244191e+05	   +2.915614e+02	   +2.831323e+00	   -6.608068e+01
   +2.070602e-01	   +1.009337e+02	   +9.987654e+04	   +2.723987e+02	   +1.244208e+05	   +2.915614e+02	   +2.824492e+00	   -6.607874e+01
   +2.082943e-01	   +1.009323e+02	   +9.987212e+04	   +2.723952e+02	   +1.244197e+05	   +2.915614e+02	   +2.824876e+00	   -6.607755e+01
   +2.095284e-01	   +1.009286e+02	   +9.986725e+04	   +2.723931e+02	   +1.244164e+05	   +2.915614e+02	   +2.831374e+00	   -6.607701e+01
   +2.107625e-01	   +1.009249e+02	   +9.986238e+04	   +2.723909e+02	   +1.244131e+05	   +2.915614e+02	   +2.837872e+00	   -6.607647e+01
   +2.119967e-01	   +1.009212e+02	   +9.985751e+04	   +2.723888e+02	   +1.244098e+05	   +2.915615e+02	   +2.844371e+00	   -6.607593e+01
   +2.132308e-01	   +1.009215e+02	   +9.985535e+04	   +2.723872e+02	   +1.244091e+05	   +2.915615e+02	   +2.845103e+00	   -6.607515e+01
   +2.144649e-01	   +1.009272e+02	   +9.985679e+04	   +2.723865e+02	   +1.244118e+05	   +2.915614e+02	   +2.838142e+00	   -6.607406e+01
   +2.156990e-01	   +1.009328e+02	   +9.985822e+04	   +2.723858e+02	   +1.244146e+05	   +2.915614e+02	   +2.831182e+00	   -6.607296e+01
   +2.169331e-01	   +1.009385e+02	   +9.985966e+04	   +2.723851e+02	   +1.244174e+05	   +2.915613e+02	   +2.824223e+00	   -6.607186e+01
   +2.181672e-01	   +1.009442e+02	   +9.986110e+04	   +2.723844e+02	   +1.244201e+05	   +2.915613e+02	   +2.817264e+00	   -6.607077e+01
   +2.194013e-01	   +1.009385e+02	   +9.986286e+04	   +2.723874e+02	   +1.244184e+05	   +2.915614e+02	   +2.823123e+00	   -6.607289e+01
   +2.206355e-01	   +1.009309e+02	   +9.986468e+04	   +2.723910e+02	   +1.244160e+05	   +2.915614e+02	   +2.831102e+00	   -6.607555e+01
   +2.218696e-01	   +1.009233e+02	   +9.986650e+04	   +2.723946e+02	   +1.244136e+05	   +2.915615e+02	   +2.839081e+00	   -6.607820e+01
   +2.231037e-01	   +1.009157e+02	   +9.986831e+04	   +2.723982e+02	   +1.244112e+05	   +2.915616e+02	   +2.847062e+00	   -6.608086e+01
   +2.243378e-01	   +1.009081e+02	   +9.987013e+04	   +2.724017e+02	   +1.244088e+05	   +2.915616e+02	   +2.855045e+00	   -6.608352e+01
   +2.255719e-01	   +1.009140e+02	   +9.987734e+04	   +2.724060e+02	   +1.244124e+05	   +2.915616e+02	   +2.849050e+00	   -6.608430e+01
   +2.268060e-01	   +1.009237e+02	   +9.988600e+04	   +2.724104e+02	   +1.244176e+05	   +2.915616e+02	   +2.839263e+00	   -6.608457e+01
   +2.280401e-01	   +1.009333e+02	   +9.989467e+04	   +2.724148e+02	   +1.244229e+05	   +2.915615e+02	   +2.829478e+00	   -6.608484e+01
   +2.292742e-01	   +1.009429e+02	   +9.990333e+04	   +2.724192e+02	   +1.244281e+05	   +2.915614e+02	   +2.819694e+00	   -6.608511e+01
   +2.305084e-01	   +1.009525e+02	   +9.991199e+04	   +2.724235e+02	   +1.244334e+05	   +2.915614e+02	   +2.809913e+00	   -6.608539e+01
   +2.317425e-01	   +1.009586e+02	   +9.992071e+04	   +2.724289e+02	   +1.244374e+05	   +2.915613e+02	   +2.803434e+00	   -6.608642e+01
   +2.329766e-01	   +1.009465e+02	   +9.992972e+04	   +2.724388e+02	   +1.244355e+05	   +2.915612e+02	   +2.813520e+00	   -6.609131e+01
   +2.342107e-01	   +1.009345e+02	   +9.993874e+04	   +2.724487e+02	   +1.244336e+05	   +2.915610e+02	   +2.823609e+00	   -6.609620e+01
   +2.354448e-01	   +1.009225e+02	   +9.994775e+04	   +2.724587e+02	   +1.244317e+05	   +2.915609e+02	   +2.833700e+00	   -6.610110e+01
   +2.366789e-01	   +1.009105e+02	   +9.995677e+04	   +2.724686e+02	   +1.244298e+05	   +2.915608e+02	   +2.843793e+00	   -6.610599e+01
   +2.379130e-01	   +1.008984e+02	   +9.996579e+04	   +2.724785e+02	   +1.244279e+05	   +2.915607e+02	   +2.853889e+00	   -6.611088e+01
   +2.391472e-01	   +1.008864e+02	   +9.997481e+04	   +2.724885e+02	   +1.244260e+05	   +2.915606e+02	   +2.863988e+00	   -6.611578e+01
   +2.403813e-01	   +1.008997e+02	   +9.999047e+04	   +2.724985e+02	   +1.244333e+05	   +2.915608e+02	   +2.853733e+00	   -6.611363e+01
   +2.416154e-01	   +1.009145e+02	   +1.000065e+05	   +2.725085e+02	   +1.244411e+05	   +2.915611e+02	   +2.842308e+00	   -6.611108e+01
   +2.428495e-01	   +1.009292e+02	   +1.000225e+05	   +2.725185e+02	   +1.244489e+05	   +2.915614e+02	   +2.830887e+00	   -6.610853e+01
   +2.440836e-01	   +1.009440e+02	   +1.000385e+05	   +2.725286e+02	   +1.244567e+05	   +2.915617e+02	   +2.819469e+00	   -6.610598e+01
   +2.453177e-01	   +1.009587e+02	   +1.000546e+05	   +2.725386e+02	   +1.244645e+05	   +2.915619e+02	   +2.808054e+00	   -6.610343e+01
   +2.465518e-01	   +1.009735e+02	   +1.000706e+05	   +2.725486e+02	   +1.244723e+05	   +2.915622e+02	   +2.796643e+00	   -6.610088e+01
   +2.477860e-01	   +1.009859e+02	   +1.000863e+05	   +2.725589e+02	   +1.244794e+05	   +2.915626e+02	   +2.787092e+00	   -6.609817e+01
   +2.490201e-01	   +1.009671e+02	   +1.000988e+05	   +2.725732e+02	   +1.244783e+05	   +2.915640e+02	   +2.802925e+00	   -6.609330e+01
   +2.502542e-01	   +1.009483e+02	   +1.001112e+05	   +2.725875e+02	   +1.244772e+05	   +2.915655e+02	   +2.818763e+00	   -6.608843e+01
   +2.514883e-01	   +1.009295e+02	   +1.001236e+05	   +2.726018e+02	   +1.244761e+05	   +2.915670e+02	   +2.834607e+00	   -6.608356e+01
   +2.527224e-01	   +1.009107e+02	   +1.001360e+05	   +2.726162e+02	   +1.244750e+05	   +2.915684e+02	   +2.850457e+00	   -6.607868e+01
   +2.539565e-01	   +1.008919e+02	   +1.001484e+05	   +2.726305e+02	   +1.244739e+05	   +2.915699e+02	   +2.866314e+00	   -6.607381e+01
   +2.551906e-01	   +1.008730e+02	   +1.001609e+05	   +2.726448e+02	   +1.244728e+05	   +2.915713e+02	   +2.882176e+00	   -6.606893e+01
   +2.564247e-01	   +1.008542e+02	   +1.001733e+05	   +2.726591e+02	   +1.244717e+05	   +2.915728e+02	   +2.898044e+00	   -6.606405e+01
   +2.576589e-01	   +1.008570e+02	   +1.001822e+05	   +2.726622e+02	   +1.244757e+05	   +2.915694e+02	   +2.881676e+00	   -6.604565e+01
   +2.588930e-01	   +1.008839e+02	   +1.001870e+05	   +2.726527e+02	   +1.244853e+05	   +2.915608e+02	   +2.829436e+00	   -6.601223e+01
   +2.601271e-01	   +1.009109e+02	   +1.001919e+05	   +2.726432e+02	   +1.244950e+05	   +2.915521e+02	   +2.777223e+00	   -6.597883e+01
   +2.613612e-01	   +1.009378e+02	   +1.001968e+05	   +2.726336e+02	   +1.245046e+05	   +2.915434e+02	   +2.725038e+00	   -6.594544e+01
   +2.625953e-01	   +1.009647e+02	   +1.002017e+05	   +2.726241e+02	   +1.245142e+05	   +2.915347e+02	   +2.672881e+00	   -6.591207e+01
   +2.638294e-01	   +1.009916e+02	   +1.002065e+05	   +2.726146e+02	   +1.245238e+05	   +2.915261e+02	   +2.620752e+00	   -6.587872e+01
   +2.650635e-01	   +1.010185e+02	   +1.002114e+05	   +2.726051e+02	   +1.245334e+05	   +2.915174e+02	   +2.568650e+00	   -6.584538e+01
   +2.662977e-01	   +1.010454e+02	   +1.002162e+05	   +2.725957e+02	   +1.245430e+05	   +2.915087e+02	   +2.516576e+00	   -6.581207e+01
   +2.675318e-01	   +1.010657e+02	   +1.002173e+05	   +2.725858e+02	   +1.245520e+05	   +2.915029e+02	   +2.474160e+00	   -6.576948e+01
   +2.687659e-01	   +1.010230e+02	   +1.001817e+05	   +2.725720e+02	   +1.245551e+05	   +2.915243e+02	   +2.524447e+00	   -6.563743e+01
   +2.700000e-01	   +1.009803e+02	   +1.001461e+05	   +2.725582e+02	   +1.245582e+05	   +2.915457e+02	   +2.574777e+00	   -6.550527e+01
