z	mom_ax	p	T	p_tot	T_tot	dS	alpha
   -9.900000e-02	   +1.013151e+02	   +1.520109e+05	   +3.062910e+02	   +1.549795e+05	   +3.080000e+02	   +6.679844e-07	   +4.081567e-11
   -9.776589e-02	   +1.013151e+02	   +1.520109e+05	   +3.062910e+02	   +1.549795e+05	   +3.080000e+02	   -4.262746e-05	   +2.908931e-11
   -9.653177e-02	   +1.013152e+02	   +1.520109e+05	   +3.062910e+02	   +1.549795e+05	   +3.080000e+02	   -8.592287e-05	   +1.736296e-11
   -9.529766e-02	   +1.013153e+02	   +1.520109e+05	   +3.062910e+02	   +1.549795e+05	   +3.080000e+02	   -1.292182e-04	   +5.636627e-12
   -9.406355e-02	   +1.013153e+02	   +1.520109e+05	   +3.062910e+02	   +1.549795e+05	   +3.080000e+02	   -1.725135e-04	   -6.089696e-12
   -9.282943e-02	   +1.013154e+02	   +1.520110e+05	   +3.062910e+02	   +1.549796e+05	   +3.080000e+02	   -2.158088e-04	   -1.781600e-11
   -9.159532e-02	   +1.013154e+02	   +1.520110e+05	   +3.062910e+02	   +1.549796e+05	   +3.080000e+02	   -2.591040e-04	   -2.954230e-11
   -9.036120e-02	   +1.013155e+02	   +1.520110e+05	   +3.062910e+02	   +1.549796e+05	   +3.080000e+02	   -3.023991e-04	   -4.126857e-11
   -8.912709e-02	   +1.013156e+02	   +1.520110e+05	   +3.062910e+02	   +1.549796e+05	   +3.080000e+02	   -3.456942e-04	   -5.299484e-11
   -8.789298e-02	   +1.013156e+02	   +1.520110e+05	   +3.062910e+02	   +1.549796e+05	   +3.080000e+02	   -3.889892e-04	   -6.472109e-11
   -8.665886e-02	   +1.013156e+02	   +1.520110e+05	   +3.062910e+02	   +1.549796e+05	   +3.080000e+02	   -3.818488e-04	   -7.272714e-11
   -8.542475e-02	   +1.013155e+02	   +1.520110e+05	   +3.062910e+02	   +1.549796e+05	   +3.080000e+02	   -3.241895e-04	   -7.700683e-11
   -8.419064e-02	   +1.013154e+02	   +1.520110e+05	   +3.062910e+02	   +1.549796e+05	   +3.080000e+02	   -2.665301e-04	   -8.128653e-11
   -8.295652e-02	   +1.013153e+02	   +1.520110e+05	   +3.062910e+02	   +1.549795e+05	   +3.080000e+02	   -2.088706e-04	   -8.556624e-11
   -8.172241e-02	   +1.013153e+02	   +1.520109e+05	   +3.062910e+02	   +1.549795e+05	   +3.080000e+02	   -1.512110e-04	   -8.984595e-11
   -8.048829e-02	   +1.013152e+02	   +1.520109e+05	   +3.062910e+02	   +1.549795e+05	   +3.080000e+02	   -9.355124e-05	   -9.412568e-11
   -7.925418e-02	   +1.013151e+02	   +1.520109e+05	   +3.062910e+02	   +1.549795e+05	   +3.080000e+02	   -3.589141e-05	   -9.840541e-11
   -7.802007e-02	   +1.013150e+02	   +1.520109e+05	   +3.062910e+02	   +1.549794e+05	   +3.080000e+02	   +2.176853e-05	   -1.026851e-10
   -7.678595e-02	   +1.013149e+02	   +1.520108e+05	   +3.062910e+02	   +1.549794e+05	   +3.080000e+02	   +7.942856e-05	   -1.069649e-10
   -7.555184e-02	   +1.013149e+02	   +1.520108e+05	   +3.062910e+02	   +1.549794e+05	   +3.080000e+02	   +9.422658e-05	   -7.615916e-11
   -7.431773e-02	   +1.013150e+02	   +1.520109e+05	   +3.062910e+02	   +1.549794e+05	   +3.080000e+02	   +1.379000e-05	   +3.260241e-11
   -7.308361e-02	   +1.013152e+02	   +1.520109e+05	   +3.062910e+02	   +1.549795e+05	   +3.080000e+02	   -6.664636e-05	   +1.413637e-10
   -7.184950e-02	   +1.013153e+02	   +1.520109e+05	   +3.062910e+02	   +1.549795e+05	   +3.080000e+02	   -1.470825e-04	   +2.501247e-10
   -7.061538e-02	   +1.013154e+02	   +1.520110e+05	   +3.062910e+02	   +1.549796e+05	   +3.080000e+02	   -2.275185e-04	   +3.588854e-10
   -6.938127e-02	   +1.013156e+02	   +1.520110e+05	   +3.062910e+02	   +1.549796e+05	   +3.080000e+02	   -3.079542e-04	   +4.676458e-10
   -6.814716e-02	   +1.013157e+02	   +1.520110e+05	   +3.062910e+02	   +1.549796e+05	   +3.080000e+02	   -3.883896e-04	   +5.764059e-10
   -6.691304e-02	   +1.013158e+02	   +1.520111e+05	   +3.062910e+02	   +1.549797e+05	   +3.080000e+02	   -4.688249e-04	   +6.851657e-10
   -6.567893e-02	   +1.013159e+02	   +1.520111e+05	   +3.062910e+02	   +1.549797e+05	   +3.080000e+02	   -5.244947e-04	   +7.553784e-10
   -6.444482e-02	   +1.013157e+02	   +1.520110e+05	   +3.062910e+02	   +1.549797e+05	   +3.080000e+02	   -4.143745e-04	   +5.675406e-10
   -6.321070e-02	   +1.013155e+02	   +1.520110e+05	   +3.062910e+02	   +1.549796e+05	   +3.080000e+02	   -3.042538e-04	   +3.797020e-10
   -6.197659e-02	   +1.013153e+02	   +1.520109e+05	   +3.062910e+02	   +1.549795e+05	   +3.080000e+02	   -1.941325e-04	   +1.918627e-10
   -6.074247e-02	   +1.013151e+02	   +1.520109e+05	   +3.062910e+02	   +1.549795e+05	   +3.080000e+02	   -8.401093e-05	   +4.022588e-12
   -5.950836e-02	   +1.013149e+02	   +1.520108e+05	   +3.062910e+02	   +1.549794e+05	   +3.080000e+02	   +2.611119e-05	   -1.838184e-10
   -5.827425e-02	   +1.013147e+02	   +1.520108e+05	   +3.062910e+02	   +1.549793e+05	   +3.080000e+02	   +1.362337e-04	   -3.716600e-10
   -5.704013e-02	   +1.013144e+02	   +1.520107e+05	   +3.062910e+02	   +1.549793e+05	   +3.080000e+02	   +2.463568e-04	   -5.595025e-10
   -5.580602e-02	   +1.013147e+02	   +1.520108e+05	   +3.062910e+02	   +1.549794e+05	   +3.080000e+02	   +1.109119e-04	   -1.204144e-09
   -5.457191e-02	   +1.013150e+02	   +1.520108e+05	   +3.062910e+02	   +1.549794e+05	   +3.080000e+02	   -6.569084e-05	   -1.925344e-09
   -5.333779e-02	   +1.013153e+02	   +1.520109e+05	   +3.062909e+02	   +1.549795e+05	   +3.080000e+02	   -2.422925e-04	   -2.646539e-09
   -5.210368e-02	   +1.013156e+02	   +1.520110e+05	   +3.062909e+02	   +1.549796e+05	   +3.080000e+02	   -4.188931e-04	   -3.367730e-09
   -5.086957e-02	   +1.013159e+02	   +1.520110e+05	   +3.062909e+02	   +1.549797e+05	   +3.080000e+02	   -5.954925e-04	   -4.088916e-09
   -4.963545e-02	   +1.013163e+02	   +1.520111e+05	   +3.062909e+02	   +1.549798e+05	   +3.080000e+02	   -7.720909e-04	   -4.810098e-09
   -4.840134e-02	   +1.013163e+02	   +1.520111e+05	   +3.062909e+02	   +1.549798e+05	   +3.080000e+02	   -7.756041e-04	   -3.738333e-09
   -4.716722e-02	   +1.013158e+02	   +1.520110e+05	   +3.062909e+02	   +1.549797e+05	   +3.080000e+02	   -5.170180e-04	   +4.847269e-11
   -4.593311e-02	   +1.013153e+02	   +1.520109e+05	   +3.062909e+02	   +1.549795e+05	   +3.080000e+02	   -2.584294e-04	   +3.835314e-09
   -4.469900e-02	   +1.013149e+02	   +1.520107e+05	   +3.062909e+02	   +1.549794e+05	   +3.080000e+02	   +1.615632e-07	   +7.622190e-09
   -4.346488e-02	   +1.013144e+02	   +1.520106e+05	   +3.062909e+02	   +1.549793e+05	   +3.080000e+02	   +2.587549e-04	   +1.140910e-08
   -4.223077e-02	   +1.013139e+02	   +1.520105e+05	   +3.062909e+02	   +1.549791e+05	   +3.080000e+02	   +5.173506e-04	   +1.519605e-08
   -4.099666e-02	   +1.013142e+02	   +1.520105e+05	   +3.062909e+02	   +1.549792e+05	   +3.080000e+02	   +3.548584e-04	   +1.503905e-08
   -3.976254e-02	   +1.013149e+02	   +1.520107e+05	   +3.062909e+02	   +1.549794e+05	   +3.080000e+02	   -1.450916e-05	   +1.294443e-08
   -3.852843e-02	   +1.013156e+02	   +1.520108e+05	   +3.062909e+02	   +1.549796e+05	   +3.080000e+02	   -3.838717e-04	   +1.084983e-08
   -3.729431e-02	   +1.013163e+02	   +1.520110e+05	   +3.062908e+02	   +1.549798e+05	   +3.080000e+02	   -7.532292e-04	   +8.755266e-09
   -3.606020e-02	   +1.013170e+02	   +1.520111e+05	   +3.062908e+02	   +1.549800e+05	   +3.080000e+02	   -1.122582e-03	   +6.660728e-09
   -3.482609e-02	   +1.013167e+02	   +1.520110e+05	   +3.062908e+02	   +1.549799e+05	   +3.080000e+02	   -9.406681e-04	   -1.624732e-08
   -3.359197e-02	   +1.013156e+02	   +1.520107e+05	   +3.062908e+02	   +1.549796e+05	   +3.080000e+02	   -3.909082e-04	   -5.304406e-08
   -3.235786e-02	   +1.013146e+02	   +1.520105e+05	   +3.062908e+02	   +1.549793e+05	   +3.080000e+02	   +1.588627e-04	   -8.984154e-08
   -3.112375e-02	   +1.013136e+02	   +1.520102e+05	   +3.062908e+02	   +1.549790e+05	   +3.080000e+02	   +7.086447e-04	   -1.266398e-07
   -2.988963e-02	   +1.013129e+02	   +1.520100e+05	   +3.062908e+02	   +1.549788e+05	   +3.080000e+02	   +1.100763e-03	   -1.430624e-07
   -2.865552e-02	   +1.013143e+02	   +1.520103e+05	   +3.062907e+02	   +1.549793e+05	   +3.080000e+02	   +3.090273e-04	   -6.495516e-09
   -2.742140e-02	   +1.013158e+02	   +1.520106e+05	   +3.062907e+02	   +1.549797e+05	   +3.080000e+02	   -4.826855e-04	   +1.300674e-07
   -2.618729e-02	   +1.013173e+02	   +1.520109e+05	   +3.062906e+02	   +1.549801e+05	   +3.080000e+02	   -1.274375e-03	   +2.666263e-07
   -2.495318e-02	   +1.013182e+02	   +1.520110e+05	   +3.062905e+02	   +1.549804e+05	   +3.080000e+02	   -1.751540e-03	   +3.807703e-07
   -2.371906e-02	   +1.013160e+02	   +1.520104e+05	   +3.062906e+02	   +1.549798e+05	   +3.080000e+02	   -6.083405e-04	   +3.794501e-07
   -2.248495e-02	   +1.013139e+02	   +1.520098e+05	   +3.062906e+02	   +1.549791e+05	   +3.080000e+02	   +5.349069e-04	   +3.781298e-07
   -2.125084e-02	   +1.013118e+02	   +1.520093e+05	   +3.062906e+02	   +1.549785e+05	   +3.080000e+02	   +1.678202e-03	   +3.768095e-07
   -2.001672e-02	   +1.013132e+02	   +1.520095e+05	   +3.062905e+02	   +1.549789e+05	   +3.080000e+02	   +9.151752e-04	   -7.736428e-07
   -1.878261e-02	   +1.013162e+02	   +1.520101e+05	   +3.062903e+02	   +1.549798e+05	   +3.080000e+02	   -7.465797e-04	   -2.465805e-06
   -1.754849e-02	   +1.013193e+02	   +1.520107e+05	   +3.062902e+02	   +1.549807e+05	   +3.080000e+02	   -2.408234e-03	   -4.157864e-06
   -1.631438e-02	   +1.013177e+02	   +1.520102e+05	   +3.062901e+02	   +1.549802e+05	   +3.080000e+02	   -1.569788e-03	   -9.906204e-07
   -1.508027e-02	   +1.013134e+02	   +1.520090e+05	   +3.062902e+02	   +1.549790e+05	   +3.080000e+02	   +8.087141e-04	   +5.170090e-06
   -1.384615e-02	   +1.013090e+02	   +1.520078e+05	   +3.062902e+02	   +1.549777e+05	   +3.080000e+02	   +3.187422e-03	   +1.133133e-05
   -1.261204e-02	   +1.013145e+02	   +1.520089e+05	   +3.062899e+02	   +1.549793e+05	   +3.080000e+02	   +1.927474e-04	   +1.061223e-05
   -1.137793e-02	   +1.013207e+02	   +1.520102e+05	   +3.062897e+02	   +1.549811e+05	   +3.080000e+02	   -3.172778e-03	   +9.417884e-06
   -1.014381e-02	   +1.013181e+02	   +1.520094e+05	   +3.062896e+02	   +1.549803e+05	   +3.080000e+02	   -1.768614e-03	   -3.690816e-05
   -8.909699e-03	   +1.013093e+02	   +1.520070e+05	   +3.062897e+02	   +1.549778e+05	   +3.080000e+02	   +2.967438e-03	   -1.147677e-04
   -7.675585e-03	   +1.013120e+02	   +1.520074e+05	   +3.062895e+02	   +1.549785e+05	   +3.080000e+02	   +1.554486e-03	   +3.304668e-05
   -6.441472e-03	   +1.013243e+02	   +1.520100e+05	   +3.062889e+02	   +1.549821e+05	   +3.080000e+02	   -5.041013e-03	   +3.710370e-04
   -5.207358e-03	   +1.013141e+02	   +1.520072e+05	   +3.062890e+02	   +1.549791e+05	   +3.080000e+02	   +4.586486e-04	   +1.567958e-04
   -3.973244e-03	   +1.013065e+02	   +1.520049e+05	   +3.062890e+02	   +1.549768e+05	   +3.080000e+02	   +4.781915e-03	   -8.115930e-04
   -2.739130e-03	   +1.013319e+02	   +1.520099e+05	   +3.062880e+02	   +1.549836e+05	   +3.080000e+02	   -7.924851e-03	   -3.802768e-03
   -1.505017e-03	   +1.013023e+02	   +1.519836e+05	   +3.062881e+02	   +1.549566e+05	   +3.080000e+02	   +4.217872e-02	   +1.351355e-02
   -2.709030e-04	   +1.036181e+02	   +1.519013e+05	   +3.062073e+02	   +1.550137e+05	   +3.080000e+02	   -6.744149e-02	   -2.195644e-02
   +9.632107e-04	   +1.067158e+02	   +1.515923e+05	   +3.060925e+02	   +1.548986e+05	   +3.080000e+02	   +1.403767e-01	   -3.946655e-02
   +2.197324e-03	   +1.139187e+02	   +1.512978e+05	   +3.058166e+02	   +1.550784e+05	   +3.080000e+02	   -2.077349e-01	   -2.785714e-01
   +3.431438e-03	   +1.188946e+02	   +1.507558e+05	   +3.056129e+02	   +1.548768e+05	   +3.080000e+02	   +1.538370e-01	   -5.629846e-01
   +4.665552e-03	   +1.230372e+02	   +1.504878e+05	   +3.054363e+02	   +1.549089e+05	   +3.080000e+02	   +8.295227e-02	   -9.514467e-01
   +5.899666e-03	   +1.275427e+02	   +1.503247e+05	   +3.052416e+02	   +1.550788e+05	   +3.080000e+02	   -2.454295e-01	   -1.468035e+00
   +7.133779e-03	   +1.325199e+02	   +1.496730e+05	   +3.049990e+02	   +1.548270e+05	   +3.080000e+02	   +2.028031e-01	   -2.152331e+00
   +8.367893e-03	   +1.363517e+02	   +1.494014e+05	   +3.048106e+02	   +1.548727e+05	   +3.080000e+02	   +1.027036e-01	   -3.066341e+00
   +9.602007e-03	   +1.397359e+02	   +1.492719e+05	   +3.046461e+02	   +1.550236e+05	   +3.080000e+02	   -1.906069e-01	   -4.040539e+00
   +1.083612e-02	   +1.427458e+02	   +1.488701e+05	   +3.044661e+02	   +1.549170e+05	   +3.080000e+02	   -9.707349e-03	   -5.198773e+00
   +1.207023e-02	   +1.457247e+02	   +1.484623e+05	   +3.042916e+02	   +1.547945e+05	   +3.080000e+02	   +2.011191e-01	   -6.328084e+00
   +1.330435e-02	   +1.482965e+02	   +1.482041e+05	   +3.041197e+02	   +1.548221e+05	   +3.080000e+02	   +1.326762e-01	   -7.750274e+00
   +1.453846e-02	   +1.507178e+02	   +1.480030e+05	   +3.039518e+02	   +1.549016e+05	   +3.080000e+02	   -3.224859e-02	   -9.248638e+00
   +1.577258e-02	   +1.531391e+02	   +1.478082e+05	   +3.037892e+02	   +1.549787e+05	   +3.080000e+02	   -1.919581e-01	   -1.069962e+01
   +1.700669e-02	   +1.548852e+02	   +1.474298e+05	   +3.035622e+02	   +1.549714e+05	   +3.080000e+02	   -2.055382e-01	   -1.315838e+01
   +1.824080e-02	   +1.565904e+02	   +1.470484e+05	   +3.033360e+02	   +1.549594e+05	   +3.080000e+02	   -2.103337e-01	   -1.562624e+01
   +1.947492e-02	   +1.582956e+02	   +1.466751e+05	   +3.031146e+02	   +1.549476e+05	   +3.080000e+02	   -2.150259e-01	   -1.804093e+01
   +2.070903e-02	   +1.592155e+02	   +1.462801e+05	   +3.028737e+02	   +1.549438e+05	   +3.080000e+02	   -2.396641e-01	   -2.062981e+01
   +2.194314e-02	   +1.590810e+02	   +1.458470e+05	   +3.026011e+02	   +1.549505e+05	   +3.080000e+02	   -2.912442e-01	   -2.351056e+01
   +2.317726e-02	   +1.589466e+02	   +1.454131e+05	   +3.023280e+02	   +1.549573e+05	   +3.080000e+02	   -3.429115e-01	   -2.639618e+01
   +2.441137e-02	   +1.588122e+02	   +1.449785e+05	   +3.020544e+02	   +1.549640e+05	   +3.080000e+02	   -3.946662e-01	   -2.928668e+01
   +2.564548e-02	   +1.576287e+02	   +1.443684e+05	   +3.017024e+02	   +1.549098e+05	   +3.080000e+02	   -3.521728e-01	   -3.222489e+01
   +2.687960e-02	   +1.558924e+02	   +1.436533e+05	   +3.013018e+02	   +1.548218e+05	   +3.080000e+02	   -2.582966e-01	   -3.524110e+01
   +2.811371e-02	   +1.541561e+02	   +1.429221e+05	   +3.008922e+02	   +1.547319e+05	   +3.080000e+02	   -1.623056e-01	   -3.832525e+01
   +2.934783e-02	   +1.521002e+02	   +1.421159e+05	   +3.004331e+02	   +1.546363e+05	   +3.080000e+02	   -7.187422e-02	   -4.121869e+01
   +3.058194e-02	   +1.496565e+02	   +1.412134e+05	   +2.999106e+02	   +1.545334e+05	   +3.080000e+02	   +1.170263e-02	   -4.387659e+01
   +3.181605e-02	   +1.472128e+02	   +1.402810e+05	   +2.993707e+02	   +1.544270e+05	   +3.080000e+02	   +9.805414e-02	   -4.662273e+01
   +3.305017e-02	   +1.437921e+02	   +1.393450e+05	   +2.988265e+02	   +1.543050e+05	   +3.080000e+02	   +1.977323e-01	   -4.902391e+01
   +3.428428e-02	   +1.402951e+02	   +1.383650e+05	   +2.982567e+02	   +1.541760e+05	   +3.080000e+02	   +3.031633e-01	   -5.150827e+01
   +3.551839e-02	   +1.364736e+02	   +1.374396e+05	   +2.976959e+02	   +1.540771e+05	   +3.080000e+02	   +3.422470e-01	   -5.366046e+01
   +3.675251e-02	   +1.325779e+02	   +1.364908e+05	   +2.971240e+02	   +1.539659e+05	   +3.080000e+02	   +3.977177e-01	   -5.578989e+01
   +3.798662e-02	   +1.285329e+02	   +1.355589e+05	   +2.965903e+02	   +1.537979e+05	   +3.080000e+02	   +5.603015e-01	   -5.765232e+01
   +3.922074e-02	   +1.254892e+02	   +1.346828e+05	   +2.960393e+02	   +1.537138e+05	   +3.080000e+02	   +5.539197e-01	   -5.917160e+01
   +4.045485e-02	   +1.223935e+02	   +1.338580e+05	   +2.955176e+02	   +1.536322e+05	   +3.080000e+02	   +5.462143e-01	   -6.056900e+01
   +4.168896e-02	   +1.169939e+02	   +1.332533e+05	   +2.951840e+02	   +1.534875e+05	   +3.080000e+02	   +7.117393e-01	   -6.225128e+01
   +4.292308e-02	   +1.073221e+02	   +1.333238e+05	   +2.953147e+02	   +1.533547e+05	   +3.080000e+02	   +1.003051e+00	   -6.460771e+01
   +4.415719e-02	   +1.014193e+02	   +1.337795e+05	   +2.955496e+02	   +1.534917e+05	   +3.080000e+02	   +8.209578e-01	   -6.594445e+01
   +4.539130e-02	   +1.011458e+02	   +1.338176e+05	   +2.955538e+02	   +1.535276e+05	   +3.080000e+02	   +7.546940e-01	   -6.601839e+01
   +4.662542e-02	   +1.014424e+02	   +1.337250e+05	   +2.955344e+02	   +1.534531e+05	   +3.080000e+02	   +8.873660e-01	   -6.594913e+01
   +4.785953e-02	   +1.013055e+02	   +1.337477e+05	   +2.955363e+02	   +1.534754e+05	   +3.080000e+02	   +8.461003e-01	   -6.598625e+01
   +4.909365e-02	   +1.012145e+02	   +1.337674e+05	   +2.955365e+02	   +1.534974e+05	   +3.080000e+02	   +8.048182e-01	   -6.601290e+01
   +5.032776e-02	   +1.014251e+02	   +1.337246e+05	   +2.955226e+02	   +1.534714e+05	   +3.080002e+02	   +8.490753e-01	   -6.596691e+01
   +5.156187e-02	   +1.012813e+02	   +1.337322e+05	   +2.955263e+02	   +1.534724e+05	   +3.079996e+02	   +8.465556e-01	   -6.599955e+01
   +5.279599e-02	   +1.012506e+02	   +1.337368e+05	   +2.955247e+02	   +1.534806e+05	   +3.079998e+02	   +8.314043e-01	   -6.600951e+01
   +5.403010e-02	   +1.014353e+02	   +1.337286e+05	   +2.955127e+02	   +1.534935e+05	   +3.080014e+02	   +8.076391e-01	   -6.597482e+01
   +5.526421e-02	   +1.012566e+02	   +1.337171e+05	   +2.955191e+02	   +1.534702e+05	   +3.080020e+02	   +8.551352e-01	   -6.601167e+01
   +5.649833e-02	   +1.012720e+02	   +1.337212e+05	   +2.955219e+02	   +1.534550e+05	   +3.079923e+02	   +8.558839e-01	   -6.599576e+01
   +5.773244e-02	   +1.014602e+02	   +1.337336e+05	   +2.955190e+02	   +1.534521e+05	   +3.079781e+02	   +8.184432e-01	   -6.593908e+01
   +5.896656e-02	   +1.012283e+02	   +1.336278e+05	   +2.954857e+02	   +1.535114e+05	   +3.080589e+02	   +9.337651e-01	   -6.608887e+01
   +6.020067e-02	   +1.054796e+02	   +1.334011e+05	   +2.953079e+02	   +1.534563e+05	   +3.080034e+02	   +8.174357e-01	   -6.504084e+01
   +6.143478e-02	   +1.128001e+02	   +1.331107e+05	   +2.950554e+02	   +1.533294e+05	   +3.078699e+02	   +5.833837e-01	   -6.335398e+01
   +6.266890e-02	   +1.215556e+02	   +1.323763e+05	   +2.946416e+02	   +1.529395e+05	   +3.077277e+02	   +7.631619e-01	   -6.118274e+01
   +6.390301e-02	   +1.290098e+02	   +1.318143e+05	   +2.943174e+02	   +1.526207e+05	   +3.075984e+02	   +8.769936e-01	   -5.947136e+01
   +6.513712e-02	   +1.337340e+02	   +1.314542e+05	   +2.940924e+02	   +1.523691e+05	   +3.074682e+02	   +8.950386e-01	   -5.825943e+01
   +6.637124e-02	   +1.374727e+02	   +1.311855e+05	   +2.939225e+02	   +1.521496e+05	   +3.073484e+02	   +9.016858e-01	   -5.729136e+01
   +6.760535e-02	   +1.400988e+02	   +1.310034e+05	   +2.938047e+02	   +1.519567e+05	   +3.072359e+02	   +8.966873e-01	   -5.654709e+01
   +6.883946e-02	   +1.424114e+02	   +1.308591e+05	   +2.937104e+02	   +1.517304e+05	   +3.070984e+02	   +8.897712e-01	   -5.582156e+01
   +7.007358e-02	   +1.443323e+02	   +1.307573e+05	   +2.936424e+02	   +1.514607e+05	   +3.069291e+02	   +8.804609e-01	   -5.510663e+01
   +7.130769e-02	   +1.460224e+02	   +1.306735e+05	   +2.935889e+02	   +1.511921e+05	   +3.067623e+02	   +8.808283e-01	   -5.444599e+01
   +7.254181e-02	   +1.468766e+02	   +1.306469e+05	   +2.935822e+02	   +1.509069e+05	   +3.065911e+02	   +9.152084e-01	   -5.392491e+01
   +7.377592e-02	   +1.477308e+02	   +1.306207e+05	   +2.935755e+02	   +1.506250e+05	   +3.064218e+02	   +9.491909e-01	   -5.340986e+01
   +7.501003e-02	   +1.482067e+02	   +1.306586e+05	   +2.935987e+02	   +1.502813e+05	   +3.061967e+02	   +9.443332e-01	   -5.284151e+01
   +7.624415e-02	   +1.485710e+02	   +1.307151e+05	   +2.936305e+02	   +1.499202e+05	   +3.059558e+02	   +9.281483e-01	   -5.225889e+01
   +7.747826e-02	   +1.489313e+02	   +1.307680e+05	   +2.936607e+02	   +1.495576e+05	   +3.057150e+02	   +9.144147e-01	   -5.167289e+01
   +7.871237e-02	   +1.492584e+02	   +1.307915e+05	   +2.936777e+02	   +1.491687e+05	   +3.054656e+02	   +9.204825e-01	   -5.103774e+01
   +7.994649e-02	   +1.495855e+02	   +1.308149e+05	   +2.936947e+02	   +1.487814e+05	   +3.052174e+02	   +9.265237e-01	   -5.040538e+01
   +8.118060e-02	   +1.499025e+02	   +1.308333e+05	   +2.937081e+02	   +1.483702e+05	   +3.049537e+02	   +9.312830e-01	   -4.972461e+01
   +8.241472e-02	   +1.501861e+02	   +1.308352e+05	   +2.937097e+02	   +1.478747e+05	   +3.046359e+02	   +9.318357e-01	   -4.887595e+01
   +8.364883e-02	   +1.504696e+02	   +1.308371e+05	   +2.937112e+02	   +1.473812e+05	   +3.043193e+02	   +9.323864e-01	   -4.803049e+01
   +8.488294e-02	   +1.508287e+02	   +1.308253e+05	   +2.937002e+02	   +1.468737e+05	   +3.039906e+02	   +9.200200e-01	   -4.711796e+01
   +8.611706e-02	   +1.514915e+02	   +1.307588e+05	   +2.936389e+02	   +1.463063e+05	   +3.036108e+02	   +8.560703e-01	   -4.593057e+01
   +8.735117e-02	   +1.521543e+02	   +1.306928e+05	   +2.935781e+02	   +1.457439e+05	   +3.032343e+02	   +7.926777e-01	   -4.475353e+01
   +8.858528e-02	   +1.526534e+02	   +1.306237e+05	   +2.935194e+02	   +1.451537e+05	   +3.028442e+02	   +7.432594e-01	   -4.354610e+01
   +8.981940e-02	   +1.518382e+02	   +1.305248e+05	   +2.934732e+02	   +1.442985e+05	   +3.023170e+02	   +8.022972e-01	   -4.200781e+01
   +9.105351e-02	   +1.510229e+02	   +1.304248e+05	   +2.934264e+02	   +1.434339e+05	   +3.017842e+02	   +8.619724e-01	   -4.045292e+01
   +9.228763e-02	   +1.501404e+02	   +1.303240e+05	   +2.933773e+02	   +1.425622e+05	   +3.012448e+02	   +9.153840e-01	   -3.887022e+01
   +9.352174e-02	   +1.483110e+02	   +1.302262e+05	   +2.933015e+02	   +1.417064e+05	   +3.006848e+02	   +8.711747e-01	   -3.710276e+01
   +9.475585e-02	   +1.464817e+02	   +1.301260e+05	   +2.932239e+02	   +1.408293e+05	   +3.001108e+02	   +8.258611e-01	   -3.529115e+01
   +9.598997e-02	   +1.445871e+02	   +1.300047e+05	   +2.931393e+02	   +1.399419e+05	   +2.995374e+02	   +8.033790e-01	   -3.344552e+01
   +9.722408e-02	   +1.423349e+02	   +1.297770e+05	   +2.930247e+02	   +1.390956e+05	   +2.990318e+02	   +9.138398e-01	   -3.161185e+01
   +9.845819e-02	   +1.400826e+02	   +1.295420e+05	   +2.929063e+02	   +1.382220e+05	   +2.985099e+02	   +1.027853e+00	   -2.971921e+01
   +9.969231e-02	   +1.373968e+02	   +1.293358e+05	   +2.927853e+02	   +1.373935e+05	   +2.979935e+02	   +1.069137e+00	   -2.776654e+01
   +1.009264e-01	   +1.341804e+02	   +1.291664e+05	   +2.926603e+02	   +1.366209e+05	   +2.974827e+02	   +1.016096e+00	   -2.573026e+01
   +1.021605e-01	   +1.309641e+02	   +1.289887e+05	   +2.925292e+02	   +1.358105e+05	   +2.969468e+02	   +9.604497e-01	   -2.359396e+01
   +1.033946e-01	   +1.278025e+02	   +1.286473e+05	   +2.923341e+02	   +1.349805e+05	   +2.964427e+02	   +1.051196e+00	   -2.116760e+01
   +1.046288e-01	   +1.246429e+02	   +1.282829e+05	   +2.921269e+02	   +1.341092e+05	   +2.959152e+02	   +1.151993e+00	   -1.861152e+01
   +1.058629e-01	   +1.217536e+02	   +1.278650e+05	   +2.918462e+02	   +1.332732e+05	   +2.953707e+02	   +1.123035e+00	   -1.560454e+01
   +1.070970e-01	   +1.189789e+02	   +1.274122e+05	   +2.915249e+02	   +1.324324e+05	   +2.948049e+02	   +1.034214e+00	   -1.231668e+01
   +1.083311e-01	   +1.166982e+02	   +1.268009e+05	   +2.911484e+02	   +1.315348e+05	   +2.942523e+02	   +1.117609e+00	   -8.828197e+00
   +1.095652e-01	   +1.146935e+02	   +1.260893e+05	   +2.907351e+02	   +1.305943e+05	   +2.937019e+02	   +1.303988e+00	   -5.184680e+00
   +1.107993e-01	   +1.126559e+02	   +1.254513e+05	   +2.902977e+02	   +1.297840e+05	   +2.931612e+02	   +1.247259e+00	   -1.424385e+00
   +1.120334e-01	   +1.104617e+02	   +1.248199e+05	   +2.898436e+02	   +1.289887e+05	   +2.926088e+02	   +1.121327e+00	   +2.496144e+00
   +1.132676e-01	   +1.054891e+02	   +1.241364e+05	   +2.894098e+02	   +1.280238e+05	   +2.919985e+02	   +1.193716e+00	   +7.186708e+00
   +1.145017e-01	   +1.025713e+02	   +1.236234e+05	   +2.891456e+02	   +1.273396e+05	   +2.916287e+02	   +1.462714e+00	   +1.004468e+01
   +1.157358e-01	   +1.019247e+02	   +1.233522e+05	   +2.891038e+02	   +1.270414e+05	   +2.915741e+02	   +1.947634e+00	   +1.049898e+01
   +1.169699e-01	   +1.012666e+02	   +1.235402e+05	   +2.891308e+02	   +1.271812e+05	   +2.915654e+02	   +1.604713e+00	   +1.064507e+01
   +1.182040e-01	   +1.006074e+02	   +1.237799e+05	   +2.891655e+02	   +1.273699e+05	   +2.915615e+02	   +1.168444e+00	   +1.075961e+01
   +1.194381e-01	   +1.009554e+02	   +1.236507e+05	   +2.891436e+02	   +1.272687e+05	   +2.915607e+02	   +1.392546e+00	   +1.072312e+01
   +1.206722e-01	   +1.014526e+02	   +1.234683e+05	   +2.891137e+02	   +1.271256e+05	   +2.915604e+02	   +1.712033e+00	   +1.066467e+01
   +1.219064e-01	   +1.012245e+02	   +1.235467e+05	   +2.891267e+02	   +1.271866e+05	   +2.915603e+02	   +1.574847e+00	   +1.069609e+01
   +1.231405e-01	   +1.008558e+02	   +1.236764e+05	   +2.891481e+02	   +1.272878e+05	   +2.915602e+02	   +1.347991e+00	   +1.074519e+01
   +1.243746e-01	   +1.010066e+02	   +1.236284e+05	   +2.891393e+02	   +1.272516e+05	   +2.915602e+02	   +1.428918e+00	   +1.072584e+01
   +1.256087e-01	   +1.012836e+02	   +1.235374e+05	   +2.891232e+02	   +1.271823e+05	   +2.915603e+02	   +1.584172e+00	   +1.068997e+01
   +1.268428e-01	   +1.011821e+02	   +1.235643e+05	   +2.891286e+02	   +1.272018e+05	   +2.915602e+02	   +1.540472e+00	   +1.070659e+01
   +1.280769e-01	   +1.009681e+02	   +1.236264e+05	   +2.891404e+02	   +1.272478e+05	   +2.915602e+02	   +1.437480e+00	   +1.073887e+01
   +1.293110e-01	   +1.010386e+02	   +1.236125e+05	   +2.891365e+02	   +1.272393e+05	   +2.915602e+02	   +1.456239e+00	   +1.073727e+01
   +1.305452e-01	   +1.012103e+02	   +1.235716e+05	   +2.891271e+02	   +1.272117e+05	   +2.915602e+02	   +1.518180e+00	   +1.072364e+01
   +1.317793e-01	   +1.011601e+02	   +1.235766e+05	   +2.891307e+02	   +1.272112e+05	   +2.915602e+02	   +1.519285e+00	   +1.066893e+01
   +1.330134e-01	   +1.010170e+02	   +1.236009e+05	   +2.891399e+02	   +1.272223e+05	   +2.915602e+02	   +1.494863e+00	   +1.059680e+01
   +1.342475e-01	   +1.011104e+02	   +1.235643e+05	   +2.891274e+02	   +1.272034e+05	   +2.915602e+02	   +1.536661e+00	   +1.090563e+01
   +1.354816e-01	   +1.032129e+02	   +1.234178e+05	   +2.890217e+02	   +1.272115e+05	   +2.915600e+02	   +1.509705e+00	   +1.064858e+01
   +1.367157e-01	   +1.084784e+02	   +1.231195e+05	   +2.887824e+02	   +1.272630e+05	   +2.915592e+02	   +1.372334e+00	   +9.262185e+00
   +1.379498e-01	   +1.155858e+02	   +1.225254e+05	   +2.884183e+02	   +1.271938e+05	   +2.915583e+02	   +1.493538e+00	   +7.586462e+00
   +1.391839e-01	   +1.214814e+02	   +1.220500e+05	   +2.881012e+02	   +1.271742e+05	   +2.915575e+02	   +1.504165e+00	   +5.991037e+00
   +1.404181e-01	   +1.266063e+02	   +1.216344e+05	   +2.878196e+02	   +1.271618e+05	   +2.915567e+02	   +1.500693e+00	   +4.458787e+00
   +1.416522e-01	   +1.307049e+02	   +1.212496e+05	   +2.875734e+02	   +1.271266e+05	   +2.915562e+02	   +1.550588e+00	   +2.916601e+00
   +1.428863e-01	   +1.346263e+02	   +1.208935e+05	   +2.873235e+02	   +1.271254e+05	   +2.915556e+02	   +1.521397e+00	   +1.323193e+00
   +1.441204e-01	   +1.384471e+02	   +1.205603e+05	   +2.870772e+02	   +1.271420e+05	   +2.915551e+02	   +1.451782e+00	   -2.612903e-01
   +1.453545e-01	   +1.415118e+02	   +1.201943e+05	   +2.868447e+02	   +1.271013e+05	   +2.915548e+02	   +1.511135e+00	   -2.062126e+00
   +1.465886e-01	   +1.444631e+02	   +1.198361e+05	   +2.866219e+02	   +1.270540e+05	   +2.915544e+02	   +1.586507e+00	   -3.832471e+00
   +1.478227e-01	   +1.467851e+02	   +1.195417e+05	   +2.864100e+02	   +1.270558e+05	   +2.915541e+02	   +1.550107e+00	   -5.623426e+00
   +1.490569e-01	   +1.490631e+02	   +1.192598e+05	   +2.862048e+02	   +1.270609e+05	   +2.915538e+02	   +1.507309e+00	   -7.365436e+00
   +1.502910e-01	   +1.512766e+02	   +1.188938e+05	   +2.859469e+02	   +1.270519e+05	   +2.915535e+02	   +1.485098e+00	   -9.468605e+00
   +1.515251e-01	   +1.534754e+02	   +1.185175e+05	   +2.856833e+02	   +1.270401e+05	   +2.915532e+02	   +1.467844e+00	   -1.160385e+01
   +1.527592e-01	   +1.552467e+02	   +1.181094e+05	   +2.853945e+02	   +1.270286e+05	   +2.915530e+02	   +1.442651e+00	   -1.400891e+01
   +1.539933e-01	   +1.566144e+02	   +1.176695e+05	   +2.850810e+02	   +1.270175e+05	   +2.915528e+02	   +1.410053e+00	   -1.667557e+01
   +1.552274e-01	   +1.578828e+02	   +1.172299e+05	   +2.847687e+02	   +1.270042e+05	   +2.915526e+02	   +1.381969e+00	   -1.932055e+01
   +1.564615e-01	   +1.579304e+02	   +1.167038e+05	   +2.844080e+02	   +1.269623e+05	   +2.915526e+02	   +1.402696e+00	   -2.224494e+01
   +1.576957e-01	   +1.579780e+02	   +1.161780e+05	   +2.840474e+02	   +1.269204e+05	   +2.915526e+02	   +1.423411e+00	   -2.516757e+01
   +1.589298e-01	   +1.576173e+02	   +1.155642e+05	   +2.836068e+02	   +1.268929e+05	   +2.915527e+02	   +1.386521e+00	   -2.812511e+01
   +1.601639e-01	   +1.569424e+02	   +1.148780e+05	   +2.831010e+02	   +1.268765e+05	   +2.915528e+02	   +1.304755e+00	   -3.113060e+01
   +1.613980e-01	   +1.561659e+02	   +1.141662e+05	   +2.825815e+02	   +1.268501e+05	   +2.915529e+02	   +1.240530e+00	   -3.414637e+01
   +1.626321e-01	   +1.542721e+02	   +1.132229e+05	   +2.819482e+02	   +1.267130e+05	   +2.915531e+02	   +1.378622e+00	   -3.703950e+01
   +1.638662e-01	   +1.523783e+02	   +1.122561e+05	   +2.812992e+02	   +1.265725e+05	   +2.915534e+02	   +1.520147e+00	   -4.000454e+01
   +1.651003e-01	   +1.500461e+02	   +1.112181e+05	   +2.805438e+02	   +1.264825e+05	   +2.915537e+02	   +1.492766e+00	   -4.275798e+01
   +1.663344e-01	   +1.475452e+02	   +1.101276e+05	   +2.797285e+02	   +1.264108e+05	   +2.915540e+02	   +1.396843e+00	   -4.548933e+01
   +1.675686e-01	   +1.443833e+02	   +1.089405e+05	   +2.789003e+02	   +1.262254e+05	   +2.915544e+02	   +1.535764e+00	   -4.805461e+01
   +1.688027e-01	   +1.406555e+02	   +1.076432e+05	   +2.780450e+02	   +1.259327e+05	   +2.915549e+02	   +1.891758e+00	   -5.051575e+01
   +1.700368e-01	   +1.371717e+02	   +1.063940e+05	   +2.771268e+02	   +1.257640e+05	   +2.915553e+02	   +1.919071e+00	   -5.277686e+01
   +1.712709e-01	   +1.338961e+02	   +1.051854e+05	   +2.761481e+02	   +1.257087e+05	   +2.915557e+02	   +1.644324e+00	   -5.486091e+01
   +1.725050e-01	   +1.299357e+02	   +1.038588e+05	   +2.752477e+02	   +1.253726e+05	   +2.915563e+02	   +2.020047e+00	   -5.674078e+01
   +1.737391e-01	   +1.257697e+02	   +1.024646e+05	   +2.743491e+02	   +1.249390e+05	   +2.915569e+02	   +2.606660e+00	   -5.858616e+01
   +1.749732e-01	   +1.224049e+02	   +1.015747e+05	   +2.735278e+02	   +1.249834e+05	   +2.915573e+02	   +2.104168e+00	   -6.007184e+01
   +1.762074e-01	   +1.184243e+02	   +1.005933e+05	   +2.728032e+02	   +1.247694e+05	   +2.915578e+02	   +2.234873e+00	   -6.153067e+01
   +1.774415e-01	   +1.133854e+02	   +9.971571e+04	   +2.722772e+02	   +1.244022e+05	   +2.915585e+02	   +2.811262e+00	   -6.305102e+01
   +1.786756e-01	   +1.055624e+02	   +9.983826e+04	   +2.723914e+02	   +1.244000e+05	   +2.915592e+02	   +2.878920e+00	   -6.499237e+01
   +1.799097e-01	   +1.021741e+02	   +1.000223e+05	   +2.725368e+02	   +1.244308e+05	   +2.915600e+02	   +2.885353e+00	   -6.579994e+01
   +1.811438e-01	   +1.009570e+02	   +1.001240e+05	   +2.725960e+02	   +1.244754e+05	   +2.915603e+02	   +2.813059e+00	   -6.609532e+01
   +1.823779e-01	   +1.008211e+02	   +1.001471e+05	   +2.725914e+02	   +1.245089e+05	   +2.915603e+02	   +2.732359e+00	   -6.613818e+01
   +1.836120e-01	   +1.009585e+02	   +1.000751e+05	   +2.725671e+02	   +1.244514e+05	   +2.915603e+02	   +2.851283e+00	   -6.610141e+01
   +1.848462e-01	   +1.009834e+02	   +1.000496e+05	   +2.725522e+02	   +1.244387e+05	   +2.915603e+02	   +2.871812e+00	   -6.609641e+01
   +1.860803e-01	   +1.008979e+02	   +1.000696e+05	   +2.725467e+02	   +1.244698e+05	   +2.915603e+02	   +2.795981e+00	   -6.612255e+01
   +1.873144e-01	   +1.008997e+02	   +1.000533e+05	   +2.725343e+02	   +1.244653e+05	   +2.915603e+02	   +2.798972e+00	   -6.612209e+01
   +1.885485e-01	   +1.009508e+02	   +1.000165e+05	   +2.725181e+02	   +1.244407e+05	   +2.915603e+02	   +2.846521e+00	   -6.610660e+01
   +1.897826e-01	   +1.009587e+02	   +9.999935e+04	   +2.725059e+02	   +1.244350e+05	   +2.915603e+02	   +2.852404e+00	   -6.610325e+01
   +1.910167e-01	   +1.009293e+02	   +9.999909e+04	   +2.724971e+02	   +1.244457e+05	   +2.915603e+02	   +2.822178e+00	   -6.611043e+01
   +1.922508e-01	   +1.009077e+02	   +9.999529e+04	   +2.724878e+02	   +1.244526e+05	   +2.915603e+02	   +2.800497e+00	   -6.611513e+01
   +1.934849e-01	   +1.009236e+02	   +9.997435e+04	   +2.724765e+02	   +1.244412e+05	   +2.915603e+02	   +2.820317e+00	   -6.610779e+01
   +1.947191e-01	   +1.009396e+02	   +9.995342e+04	   +2.724652e+02	   +1.244298e+05	   +2.915603e+02	   +2.840130e+00	   -6.610045e+01
   +1.959532e-01	   +1.009434e+02	   +9.994067e+04	   +2.724556e+02	   +1.244263e+05	   +2.915603e+02	   +2.842540e+00	   -6.609688e+01
   +1.971873e-01	   +1.009361e+02	   +9.993550e+04	   +2.724476e+02	   +1.244301e+05	   +2.915603e+02	   +2.828828e+00	   -6.609678e+01
   +1.984214e-01	   +1.009287e+02	   +9.993032e+04	   +2.724395e+02	   +1.244339e+05	   +2.915603e+02	   +2.815114e+00	   -6.609669e+01
   +1.996555e-01	   +1.009265e+02	   +9.992129e+04	   +2.724321e+02	   +1.244322e+05	   +2.915603e+02	   +2.814663e+00	   -6.609471e+01
   +2.008896e-01	   +1.009283e+02	   +9.990912e+04	   +2.724252e+02	   +1.244260e+05	   +2.915603e+02	   +2.825009e+00	   -6.609118e+01
   +2.021237e-01	   +1.009302e+02	   +9.989695e+04	   +2.724182e+02	   +1.244198e+05	   +2.915603e+02	   +2.835354e+00	   -6.608766e+01
   +2.033579e-01	   +1.009320e+02	   +9.988687e+04	   +2.724117e+02	   +1.244156e+05	   +2.915604e+02	   +2.841186e+00	   -6.608450e+01
   +2.045920e-01	   +1.009340e+02	   +9.988355e+04	   +2.724066e+02	   +1.244180e+05	   +2.915603e+02	   +2.832450e+00	   -6.608254e+01
   +2.058261e-01	   +1.009359e+02	   +9.988023e+04	   +2.724016e+02	   +1.244205e+05	   +2.915603e+02	   +2.823715e+00	   -6.608058e+01
   +2.070602e-01	   +1.009378e+02	   +9.987692e+04	   +2.723965e+02	   +1.244229e+05	   +2.915603e+02	   +2.814981e+00	   -6.607862e+01
   +2.082943e-01	   +1.009362e+02	   +9.987250e+04	   +2.723930e+02	   +1.244218e+05	   +2.915603e+02	   +2.815427e+00	   -6.607750e+01
   +2.095284e-01	   +1.009315e+02	   +9.986715e+04	   +2.723910e+02	   +1.244178e+05	   +2.915603e+02	   +2.823653e+00	   -6.607711e+01
   +2.107625e-01	   +1.009268e+02	   +9.986180e+04	   +2.723889e+02	   +1.244138e+05	   +2.915604e+02	   +2.831881e+00	   -6.607671e+01
   +2.119967e-01	   +1.009221e+02	   +9.985646e+04	   +2.723868e+02	   +1.244097e+05	   +2.915604e+02	   +2.840109e+00	   -6.607631e+01
   +2.132308e-01	   +1.009225e+02	   +9.985419e+04	   +2.723853e+02	   +1.244089e+05	   +2.915604e+02	   +2.841074e+00	   -6.607552e+01
   +2.144649e-01	   +1.009294e+02	   +9.985605e+04	   +2.723844e+02	   +1.244124e+05	   +2.915603e+02	   +2.832350e+00	   -6.607420e+01
   +2.156990e-01	   +1.009364e+02	   +9.985790e+04	   +2.723836e+02	   +1.244159e+05	   +2.915603e+02	   +2.823628e+00	   -6.607288e+01
   +2.169331e-01	   +1.009434e+02	   +9.985976e+04	   +2.723827e+02	   +1.244194e+05	   +2.915602e+02	   +2.814906e+00	   -6.607157e+01
   +2.181672e-01	   +1.009504e+02	   +9.986161e+04	   +2.723818e+02	   +1.244228e+05	   +2.915602e+02	   +2.806186e+00	   -6.607025e+01
   +2.194013e-01	   +1.009435e+02	   +9.986311e+04	   +2.723849e+02	   +1.244207e+05	   +2.915603e+02	   +2.813229e+00	   -6.607261e+01
   +2.206355e-01	   +1.009344e+02	   +9.986455e+04	   +2.723887e+02	   +1.244176e+05	   +2.915603e+02	   +2.822880e+00	   -6.607557e+01
   +2.218696e-01	   +1.009252e+02	   +9.986599e+04	   +2.723924e+02	   +1.244145e+05	   +2.915604e+02	   +2.832532e+00	   -6.607853e+01
   +2.231037e-01	   +1.009160e+02	   +9.986743e+04	   +2.723962e+02	   +1.244114e+05	   +2.915605e+02	   +2.842186e+00	   -6.608150e+01
   +2.243378e-01	   +1.009069e+02	   +9.986888e+04	   +2.723999e+02	   +1.244083e+05	   +2.915606e+02	   +2.851841e+00	   -6.608446e+01
   +2.255719e-01	   +1.009139e+02	   +9.987627e+04	   +2.724040e+02	   +1.244123e+05	   +2.915605e+02	   +2.844940e+00	   -6.608502e+01
   +2.268060e-01	   +1.009252e+02	   +9.988528e+04	   +2.724083e+02	   +1.244182e+05	   +2.915605e+02	   +2.833546e+00	   -6.608492e+01
   +2.280401e-01	   +1.009366e+02	   +9.989429e+04	   +2.724125e+02	   +1.244241e+05	   +2.915604e+02	   +2.822154e+00	   -6.608482e+01
   +2.292742e-01	   +1.009480e+02	   +9.990330e+04	   +2.724168e+02	   +1.244300e+05	   +2.915604e+02	   +2.810764e+00	   -6.608472e+01
   +2.305084e-01	   +1.009594e+02	   +9.991230e+04	   +2.724210e+02	   +1.244359e+05	   +2.915603e+02	   +2.799378e+00	   -6.608462e+01
   +2.317425e-01	   +1.009666e+02	   +9.992125e+04	   +2.724262e+02	   +1.244404e+05	   +2.915602e+02	   +2.791815e+00	   -6.608542e+01
   +2.329766e-01	   +1.009526e+02	   +9.992997e+04	   +2.724363e+02	   +1.244379e+05	   +2.915601e+02	   +2.803430e+00	   -6.609076e+01
   +2.342107e-01	   +1.009387e+02	   +9.993869e+04	   +2.724464e+02	   +1.244354e+05	   +2.915600e+02	   +2.815049e+00	   -6.609609e+01
   +2.354448e-01	   +1.009248e+02	   +9.994742e+04	   +2.724565e+02	   +1.244330e+05	   +2.915600e+02	   +2.826670e+00	   -6.610143e+01
   +2.366789e-01	   +1.009109e+02	   +9.995614e+04	   +2.724666e+02	   +1.244305e+05	   +2.915599e+02	   +2.838295e+00	   -6.610677e+01
   +2.379130e-01	   +1.008970e+02	   +9.996487e+04	   +2.724767e+02	   +1.244280e+05	   +2.915598e+02	   +2.849923e+00	   -6.611211e+01
   +2.391472e-01	   +1.008831e+02	   +9.997360e+04	   +2.724869e+02	   +1.244255e+05	   +2.915597e+02	   +2.861554e+00	   -6.611745e+01
   +2.403813e-01	   +1.008982e+02	   +9.998943e+04	   +2.724965e+02	   +1.244333e+05	   +2.915598e+02	   +2.849350e+00	   -6.611493e+01
   +2.416154e-01	   +1.009149e+02	   +1.000057e+05	   +2.725061e+02	   +1.244417e+05	   +2.915599e+02	   +2.835776e+00	   -6.611195e+01
   +2.428495e-01	   +1.009316e+02	   +1.000219e+05	   +2.725157e+02	   +1.244501e+05	   +2.915600e+02	   +2.822207e+00	   -6.610898e+01
   +2.440836e-01	   +1.009483e+02	   +1.000381e+05	   +2.725253e+02	   +1.244585e+05	   +2.915601e+02	   +2.808642e+00	   -6.610600e+01
   +2.453177e-01	   +1.009650e+02	   +1.000543e+05	   +2.725350e+02	   +1.244669e+05	   +2.915602e+02	   +2.795082e+00	   -6.610303e+01
   +2.465518e-01	   +1.009818e+02	   +1.000706e+05	   +2.725446e+02	   +1.244753e+05	   +2.915603e+02	   +2.781526e+00	   -6.610005e+01
   +2.477860e-01	   +1.009959e+02	   +1.000865e+05	   +2.725545e+02	   +1.244830e+05	   +2.915605e+02	   +2.770186e+00	   -6.609696e+01
   +2.490201e-01	   +1.009751e+02	   +1.000989e+05	   +2.725696e+02	   +1.244813e+05	   +2.915624e+02	   +2.789069e+00	   -6.609224e+01
   +2.502542e-01	   +1.009543e+02	   +1.001112e+05	   +2.725847e+02	   +1.244795e+05	   +2.915642e+02	   +2.807961e+00	   -6.608751e+01
   +2.514883e-01	   +1.009334e+02	   +1.001236e+05	   +2.725998e+02	   +1.244778e+05	   +2.915660e+02	   +2.826860e+00	   -6.608278e+01
   +2.527224e-01	   +1.009126e+02	   +1.001359e+05	   +2.726149e+02	   +1.244760e+05	   +2.915679e+02	   +2.845768e+00	   -6.607806e+01
   +2.539565e-01	   +1.008917e+02	   +1.001483e+05	   +2.726300e+02	   +1.244743e+05	   +2.915697e+02	   +2.864683e+00	   -6.607332e+01
   +2.551906e-01	   +1.008709e+02	   +1.001607e+05	   +2.726451e+02	   +1.244725e+05	   +2.915715e+02	   +2.883605e+00	   -6.606859e+01
   +2.564247e-01	   +1.008501e+02	   +1.001731e+05	   +2.726602e+02	   +1.244708e+05	   +2.915734e+02	   +2.902536e+00	   -6.606386e+01
   +2.576589e-01	   +1.008526e+02	   +1.001819e+05	   +2.726633e+02	   +1.244746e+05	   +2.915701e+02	   +2.886653e+00	   -6.604566e+01
   +2.588930e-01	   +1.008810e+02	   +1.001868e+05	   +2.726532e+02	   +1.244847e+05	   +2.915611e+02	   +2.832025e+00	   -6.601248e+01
   +2.601271e-01	   +1.009095e+02	   +1.001916e+05	   +2.726430e+02	   +1.244948e+05	   +2.915521e+02	   +2.777428e+00	   -6.597932e+01
   +2.613612e-01	   +1.009379e+02	   +1.001965e+05	   +2.726329e+02	   +1.245049e+05	   +2.915431e+02	   +2.722862e+00	   -6.594619e+01
   +2.625953e-01	   +1.009664e+02	   +1.002014e+05	   +2.726227e+02	   +1.245150e+05	   +2.915341e+02	   +2.668327e+00	   -6.591307e+01
   +2.638294e-01	   +1.009948e+02	   +1.002062e+05	   +2.726126e+02	   +1.245250e+05	   +2.915251e+02	   +2.613822e+00	   -6.587997e+01
   +2.650635e-01	   +1.010233e+02	   +1.002111e+05	   +2.726024e+02	   +1.245351e+05	   +2.915161e+02	   +2.559348e+00	   -6.584689e+01
   +2.662977e-01	   +1.010517e+02	   +1.002159e+05	   +2.725923e+02	   +1.245452e+05	   +2.915071e+02	   +2.504905e+00	   -6.581382e+01
   +2.675318e-01	   +1.010734e+02	   +1.002170e+05	   +2.725818e+02	   +1.245546e+05	   +2.915010e+02	   +2.460365e+00	   -6.577144e+01
   +2.687659e-01	   +1.010301e+02	   +1.001813e+05	   +2.725680e+02	   +1.245576e+05	   +2.915224e+02	   +2.510866e+00	   -6.563914e+01
   +2.700000e-01	   +1.009868e+02	   +1.001456e+05	   +2.725542e+02	   +1.245606e+05	   +2.915439e+02	   +2.561411e+00	   -6.550673e+01
