1	30	30
BLADE SECTION
0.0	0.2475	0.0	1.0	0.0	1.0	0.0	0.05	0.0	30
0.001724137931034483	0.2475	0.0	1.0	0.0	1.0	0.0	0.05	0.0	30
0.003448275862068966	0.2475	0.0	1.0	0.0	1.0	0.0	0.05	0.0	30
0.005172413793103449	0.2475	0.0	1.0	0.0	1.0	0.0	0.05	0.0	30
0.006896551724137932	0.2475	0.0	1.0	0.0	1.0	0.0	0.05	0.0	30
0.008620689655172415	0.2475	0.0	1.0	0.0	1.0	0.0	0.05	0.0	30
0.010344827586206898	0.2475	0.0	1.0	0.0	1.0	0.0	0.05	0.0	30
0.012068965517241381	0.2475	0.0	1.0	0.0	1.0	0.0	0.05	0.0	30
0.013793103448275864	0.2475	0.0	1.0	0.0	1.0	0.0	0.05	0.0	30
0.015517241379310346	0.2475	0.0	1.0	0.0	1.0	0.0	0.05	0.0	30
0.01724137931034483	0.2475	0.0	1.0	0.0	1.0	0.0	0.05	0.0	30
0.018965517241379314	0.2475	0.0	1.0	0.0	1.0	0.0	0.05	0.0	30
0.020689655172413796	0.2475	0.0	1.0	0.0	1.0	0.0	0.05	0.0	30
0.02241379310344828	0.2475	0.0	1.0	0.0	1.0	0.0	0.05	0.0	30
0.024137931034482762	0.2475	0.0	1.0	0.0	1.0	0.0	0.05	0.0	30
0.025862068965517244	0.2475	0.0	1.0	0.0	1.0	0.0	0.05	0.0	30
0.027586206896551727	0.2475	0.0	1.0	0.0	1.0	0.0	0.05	0.0	30
0.02931034482758621	0.2475	0.0	1.0	0.0	1.0	0.0	0.05	0.0	30
0.031034482758620693	0.2475	0.0	1.0	0.0	1.0	0.0	0.05	0.0	30
0.032758620689655175	0.2475	0.0	1.0	0.0	1.0	0.0	0.05	0.0	30
0.03448275862068966	0.2475	0.0	1.0	0.0	1.0	0.0	0.05	0.0	30
0.03620689655172414	0.2475	0.0	1.0	0.0	1.0	0.0	0.05	0.0	30
0.03793103448275863	0.2475	0.0	1.0	0.0	1.0	0.0	0.05	0.0	30
0.039655172413793106	0.2475	0.0	1.0	0.0	1.0	0.0	0.05	0.0	30
0.04137931034482759	0.2475	0.0	1.0	0.0	1.0	0.0	0.05	0.0	30
0.04310344827586207	0.2475	0.0	1.0	0.0	1.0	0.0	0.05	0.0	30
0.04482758620689656	0.2475	0.0	1.0	0.0	1.0	0.0	0.05	0.0	30
0.04655172413793104	0.2475	0.0	1.0	0.0	1.0	0.0	0.05	0.0	30
0.048275862068965524	0.2475	0.0	1.0	0.0	1.0	0.0	0.05	0.0	30
0.05	0.2475	0.0	1.0	0.0	1.0	0.0	0.05	0.0	30
BLADE SECTION
0.0	0.2502844827586207	0.0	1.0	0.0	1.0	0.0	0.05	0.0	30
0.001724137931034483	0.2502844827586207	0.0	1.0	0.0	1.0	0.0	0.05	0.0	30
0.003448275862068966	0.2502844827586207	0.0	1.0	0.0	1.0	0.0	0.05	0.0	30
0.005172413793103449	0.2502844827586207	0.0	1.0	0.0	1.0	0.0	0.05	0.0	30
0.006896551724137932	0.2502844827586207	0.0	1.0	0.0	1.0	0.0	0.05	0.0	30
0.008620689655172415	0.2502844827586207	0.0	1.0	0.0	1.0	0.0	0.05	0.0	30
0.010344827586206898	0.2502844827586207	0.0	1.0	0.0	1.0	0.0	0.05	0.0	30
0.012068965517241381	0.2502844827586207	0.0	1.0	0.0	1.0	0.0	0.05	0.0	30
0.013793103448275864	0.2502844827586207	0.0	1.0	0.0	1.0	0.0	0.05	0.0	30
0.015517241379310346	0.2502844827586207	0.0	1.0	0.0	1.0	0.0	0.05	0.0	30
0.01724137931034483	0.2502844827586207	0.0	1.0	0.0	1.0	0.0	0.05	0.0	30
0.018965517241379314	0.2502844827586207	0.0	1.0	0.0	1.0	0.0	0.05	0.0	30
0.020689655172413796	0.2502844827586207	0.0	1.0	0.0	1.0	0.0	0.05	0.0	30
0.02241379310344828	0.2502844827586207	0.0	1.0	0.0	1.0	0.0	0.05	0.0	30
0.024137931034482762	0.2502844827586207	0.0	1.0	0.0	1.0	0.0	0.05	0.0	30
0.025862068965517244	0.2502844827586207	0.0	1.0	0.0	1.0	0.0	0.05	0.0	30
0.027586206896551727	0.2502844827586207	0.0	1.0	0.0	1.0	0.0	0.05	0.0	30
0.02931034482758621	0.2502844827586207	0.0	1.0	0.0	1.0	0.0	0.05	0.0	30
0.031034482758620693	0.2502844827586207	0.0	1.0	0.0	1.0	0.0	0.05	0.0	30
0.032758620689655175	0.2502844827586207	0.0	1.0	0.0	1.0	0.0	0.05	0.0	30
0.03448275862068966	0.2502844827586207	0.0	1.0	0.0	1.0	0.0	0.05	0.0	30
0.03620689655172414	0.2502844827586207	0.0	1.0	0.0	1.0	0.0	0.05	0.0	30
0.03793103448275863	0.2502844827586207	0.0	1.0	0.0	1.0	0.0	0.05	0.0	30
0.039655172413793106	0.2502844827586207	0.0	1.0	0.0	1.0	0.0	0.05	0.0	30
0.04137931034482759	0.2502844827586207	0.0	1.0	0.0	1.0	0.0	0.05	0.0	30
0.04310344827586207	0.2502844827586207	0.0	1.0	0.0	1.0	0.0	0.05	0.0	30
0.04482758620689656	0.2502844827586207	0.0	1.0	0.0	1.0	0.0	0.05	0.0	30
0.04655172413793104	0.2502844827586207	0.0	1.0	0.0	1.0	0.0	0.05	0.0	30
0.048275862068965524	0.2502844827586207	0.0	1.0	0.0	1.0	0.0	0.05	0.0	30
0.05	0.2502844827586207	0.0	1.0	0.0	1.0	0.0	0.05	0.0	30
BLADE SECTION
0.0	0.2530689655172414	0.0	1.0	0.0	1.0	0.0	0.05	0.0	30
0.001724137931034483	0.2530689655172414	0.0	1.0	0.0	1.0	0.0	0.05	0.0	30
0.003448275862068966	0.2530689655172414	0.0	1.0	0.0	1.0	0.0	0.05	0.0	30
0.005172413793103449	0.2530689655172414	0.0	1.0	0.0	1.0	0.0	0.05	0.0	30
0.006896551724137932	0.2530689655172414	0.0	1.0	0.0	1.0	0.0	0.05	0.0	30
0.008620689655172415	0.2530689655172414	0.0	1.0	0.0	1.0	0.0	0.05	0.0	30
0.010344827586206898	0.2530689655172414	0.0	1.0	0.0	1.0	0.0	0.05	0.0	30
0.012068965517241381	0.2530689655172414	0.0	1.0	0.0	1.0	0.0	0.05	0.0	30
0.013793103448275864	0.2530689655172414	0.0	1.0	0.0	1.0	0.0	0.05	0.0	30
0.015517241379310346	0.2530689655172414	0.0	1.0	0.0	1.0	0.0	0.05	0.0	30
0.01724137931034483	0.2530689655172414	0.0	1.0	0.0	1.0	0.0	0.05	0.0	30
0.018965517241379314	0.2530689655172414	0.0	1.0	0.0	1.0	0.0	0.05	0.0	30
0.020689655172413796	0.2530689655172414	0.0	1.0	0.0	1.0	0.0	0.05	0.0	30
0.02241379310344828	0.2530689655172414	0.0	1.0	0.0	1.0	0.0	0.05	0.0	30
0.024137931034482762	0.2530689655172414	0.0	1.0	0.0	1.0	0.0	0.05	0.0	30
0.025862068965517244	0.2530689655172414	0.0	1.0	0.0	1.0	0.0	0.05	0.0	30
0.027586206896551727	0.2530689655172414	0.0	1.0	0.0	1.0	0.0	0.05	0.0	30
0.02931034482758621	0.2530689655172414	0.0	1.0	0.0	1.0	0.0	0.05	0.0	30
0.031034482758620693	0.2530689655172414	0.0	1.0	0.0	1.0	0.0	0.05	0.0	30
0.032758620689655175	0.2530689655172414	0.0	1.0	0.0	1.0	0.0	0.05	0.0	30
0.03448275862068966	0.2530689655172414	0.0	1.0	0.0	1.0	0.0	0.05	0.0	30
0.03620689655172414	0.2530689655172414	0.0	1.0	0.0	1.0	0.0	0.05	0.0	30
0.03793103448275863	0.2530689655172414	0.0	1.0	0.0	1.0	0.0	0.05	0.0	30
0.039655172413793106	0.2530689655172414	0.0	1.0	0.0	1.0	0.0	0.05	0.0	30
0.04137931034482759	0.2530689655172414	0.0	1.0	0.0	1.0	0.0	0.05	0.0	30
0.04310344827586207	0.2530689655172414	0.0	1.0	0.0	1.0	0.0	0.05	0.0	30
0.04482758620689656	0.2530689655172414	0.0	1.0	0.0	1.0	0.0	0.05	0.0	30
0.04655172413793104	0.2530689655172414	0.0	1.0	0.0	1.0	0.0	0.05	0.0	30
0.048275862068965524	0.2530689655172414	0.0	1.0	0.0	1.0	0.0	0.05	0.0	30
0.05	0.2530689655172414	0.0	1.0	0.0	1.0	0.0	0.05	0.0	30
BLADE SECTION
0.0	0.2558534482758621	0.0	1.0	0.0	1.0	0.0	0.05	0.0	30
0.001724137931034483	0.2558534482758621	0.0	1.0	0.0	1.0	0.0	0.05	0.0	30
0.003448275862068966	0.2558534482758621	0.0	1.0	0.0	1.0	0.0	0.05	0.0	30
0.005172413793103449	0.2558534482758621	0.0	1.0	0.0	1.0	0.0	0.05	0.0	30
0.006896551724137932	0.2558534482758621	0.0	1.0	0.0	1.0	0.0	0.05	0.0	30
0.008620689655172415	0.2558534482758621	0.0	1.0	0.0	1.0	0.0	0.05	0.0	30
0.010344827586206898	0.2558534482758621	0.0	1.0	0.0	1.0	0.0	0.05	0.0	30
0.012068965517241381	0.2558534482758621	0.0	1.0	0.0	1.0	0.0	0.05	0.0	30
0.013793103448275864	0.2558534482758621	0.0	1.0	0.0	1.0	0.0	0.05	0.0	30
0.015517241379310346	0.2558534482758621	0.0	1.0	0.0	1.0	0.0	0.05	0.0	30
0.01724137931034483	0.2558534482758621	0.0	1.0	0.0	1.0	0.0	0.05	0.0	30
0.018965517241379314	0.2558534482758621	0.0	1.0	0.0	1.0	0.0	0.05	0.0	30
0.020689655172413796	0.2558534482758621	0.0	1.0	0.0	1.0	0.0	0.05	0.0	30
0.02241379310344828	0.2558534482758621	0.0	1.0	0.0	1.0	0.0	0.05	0.0	30
0.024137931034482762	0.2558534482758621	0.0	1.0	0.0	1.0	0.0	0.05	0.0	30
0.025862068965517244	0.2558534482758621	0.0	1.0	0.0	1.0	0.0	0.05	0.0	30
0.027586206896551727	0.2558534482758621	0.0	1.0	0.0	1.0	0.0	0.05	0.0	30
0.02931034482758621	0.2558534482758621	0.0	1.0	0.0	1.0	0.0	0.05	0.0	30
0.031034482758620693	0.2558534482758621	0.0	1.0	0.0	1.0	0.0	0.05	0.0	30
0.032758620689655175	0.2558534482758621	0.0	1.0	0.0	1.0	0.0	0.05	0.0	30
0.03448275862068966	0.2558534482758621	0.0	1.0	0.0	1.0	0.0	0.05	0.0	30
0.03620689655172414	0.2558534482758621	0.0	1.0	0.0	1.0	0.0	0.05	0.0	30
0.03793103448275863	0.2558534482758621	0.0	1.0	0.0	1.0	0.0	0.05	0.0	30
0.039655172413793106	0.2558534482758621	0.0	1.0	0.0	1.0	0.0	0.05	0.0	30
0.04137931034482759	0.2558534482758621	0.0	1.0	0.0	1.0	0.0	0.05	0.0	30
0.04310344827586207	0.2558534482758621	0.0	1.0	0.0	1.0	0.0	0.05	0.0	30
0.04482758620689656	0.2558534482758621	0.0	1.0	0.0	1.0	0.0	0.05	0.0	30
0.04655172413793104	0.2558534482758621	0.0	1.0	0.0	1.0	0.0	0.05	0.0	30
0.048275862068965524	0.2558534482758621	0.0	1.0	0.0	1.0	0.0	0.05	0.0	30
0.05	0.2558534482758621	0.0	1.0	0.0	1.0	0.0	0.05	0.0	30
BLADE SECTION
0.0	0.25863793103448274	0.0	1.0	0.0	1.0	0.0	0.05	0.0	30
0.001724137931034483	0.25863793103448274	0.0	1.0	0.0	1.0	0.0	0.05	0.0	30
0.003448275862068966	0.25863793103448274	0.0	1.0	0.0	1.0	0.0	0.05	0.0	30
0.005172413793103449	0.25863793103448274	0.0	1.0	0.0	1.0	0.0	0.05	0.0	30
0.006896551724137932	0.25863793103448274	0.0	1.0	0.0	1.0	0.0	0.05	0.0	30
0.008620689655172415	0.25863793103448274	0.0	1.0	0.0	1.0	0.0	0.05	0.0	30
0.010344827586206898	0.25863793103448274	0.0	1.0	0.0	1.0	0.0	0.05	0.0	30
0.012068965517241381	0.25863793103448274	0.0	1.0	0.0	1.0	0.0	0.05	0.0	30
0.013793103448275864	0.25863793103448274	0.0	1.0	0.0	1.0	0.0	0.05	0.0	30
0.015517241379310346	0.25863793103448274	0.0	1.0	0.0	1.0	0.0	0.05	0.0	30
0.01724137931034483	0.25863793103448274	0.0	1.0	0.0	1.0	0.0	0.05	0.0	30
0.018965517241379314	0.25863793103448274	0.0	1.0	0.0	1.0	0.0	0.05	0.0	30
0.020689655172413796	0.25863793103448274	0.0	1.0	0.0	1.0	0.0	0.05	0.0	30
0.02241379310344828	0.25863793103448274	0.0	1.0	0.0	1.0	0.0	0.05	0.0	30
0.024137931034482762	0.25863793103448274	0.0	1.0	0.0	1.0	0.0	0.05	0.0	30
0.025862068965517244	0.25863793103448274	0.0	1.0	0.0	1.0	0.0	0.05	0.0	30
0.027586206896551727	0.25863793103448274	0.0	1.0	0.0	1.0	0.0	0.05	0.0	30
0.02931034482758621	0.25863793103448274	0.0	1.0	0.0	1.0	0.0	0.05	0.0	30
0.031034482758620693	0.25863793103448274	0.0	1.0	0.0	1.0	0.0	0.05	0.0	30
0.032758620689655175	0.25863793103448274	0.0	1.0	0.0	1.0	0.0	0.05	0.0	30
0.03448275862068966	0.25863793103448274	0.0	1.0	0.0	1.0	0.0	0.05	0.0	30
0.03620689655172414	0.25863793103448274	0.0	1.0	0.0	1.0	0.0	0.05	0.0	30
0.03793103448275863	0.25863793103448274	0.0	1.0	0.0	1.0	0.0	0.05	0.0	30
0.039655172413793106	0.25863793103448274	0.0	1.0	0.0	1.0	0.0	0.05	0.0	30
0.04137931034482759	0.25863793103448274	0.0	1.0	0.0	1.0	0.0	0.05	0.0	30
0.04310344827586207	0.25863793103448274	0.0	1.0	0.0	1.0	0.0	0.05	0.0	30
0.04482758620689656	0.25863793103448274	0.0	1.0	0.0	1.0	0.0	0.05	0.0	30
0.04655172413793104	0.25863793103448274	0.0	1.0	0.0	1.0	0.0	0.05	0.0	30
0.048275862068965524	0.25863793103448274	0.0	1.0	0.0	1.0	0.0	0.05	0.0	30
0.05	0.25863793103448274	0.0	1.0	0.0	1.0	0.0	0.05	0.0	30
BLADE SECTION
0.0	0.26142241379310344	0.0	1.0	0.0	1.0	0.0	0.05	0.0	30
0.001724137931034483	0.26142241379310344	0.0	1.0	0.0	1.0	0.0	0.05	0.0	30
0.003448275862068966	0.26142241379310344	0.0	1.0	0.0	1.0	0.0	0.05	0.0	30
0.005172413793103449	0.26142241379310344	0.0	1.0	0.0	1.0	0.0	0.05	0.0	30
0.006896551724137932	0.26142241379310344	0.0	1.0	0.0	1.0	0.0	0.05	0.0	30
0.008620689655172415	0.26142241379310344	0.0	1.0	0.0	1.0	0.0	0.05	0.0	30
0.010344827586206898	0.26142241379310344	0.0	1.0	0.0	1.0	0.0	0.05	0.0	30
0.012068965517241381	0.26142241379310344	0.0	1.0	0.0	1.0	0.0	0.05	0.0	30
0.013793103448275864	0.26142241379310344	0.0	1.0	0.0	1.0	0.0	0.05	0.0	30
0.015517241379310346	0.26142241379310344	0.0	1.0	0.0	1.0	0.0	0.05	0.0	30
0.01724137931034483	0.26142241379310344	0.0	1.0	0.0	1.0	0.0	0.05	0.0	30
0.018965517241379314	0.26142241379310344	0.0	1.0	0.0	1.0	0.0	0.05	0.0	30
0.020689655172413796	0.26142241379310344	0.0	1.0	0.0	1.0	0.0	0.05	0.0	30
0.02241379310344828	0.26142241379310344	0.0	1.0	0.0	1.0	0.0	0.05	0.0	30
0.024137931034482762	0.26142241379310344	0.0	1.0	0.0	1.0	0.0	0.05	0.0	30
0.025862068965517244	0.26142241379310344	0.0	1.0	0.0	1.0	0.0	0.05	0.0	30
0.027586206896551727	0.26142241379310344	0.0	1.0	0.0	1.0	0.0	0.05	0.0	30
0.02931034482758621	0.26142241379310344	0.0	1.0	0.0	1.0	0.0	0.05	0.0	30
0.031034482758620693	0.26142241379310344	0.0	1.0	0.0	1.0	0.0	0.05	0.0	30
0.032758620689655175	0.26142241379310344	0.0	1.0	0.0	1.0	0.0	0.05	0.0	30
0.03448275862068966	0.26142241379310344	0.0	1.0	0.0	1.0	0.0	0.05	0.0	30
0.03620689655172414	0.26142241379310344	0.0	1.0	0.0	1.0	0.0	0.05	0.0	30
0.03793103448275863	0.26142241379310344	0.0	1.0	0.0	1.0	0.0	0.05	0.0	30
0.039655172413793106	0.26142241379310344	0.0	1.0	0.0	1.0	0.0	0.05	0.0	30
0.04137931034482759	0.26142241379310344	0.0	1.0	0.0	1.0	0.0	0.05	0.0	30
0.04310344827586207	0.26142241379310344	0.0	1.0	0.0	1.0	0.0	0.05	0.0	30
0.04482758620689656	0.26142241379310344	0.0	1.0	0.0	1.0	0.0	0.05	0.0	30
0.04655172413793104	0.26142241379310344	0.0	1.0	0.0	1.0	0.0	0.05	0.0	30
0.048275862068965524	0.26142241379310344	0.0	1.0	0.0	1.0	0.0	0.05	0.0	30
0.05	0.26142241379310344	0.0	1.0	0.0	1.0	0.0	0.05	0.0	30
BLADE SECTION
0.0	0.26420689655172414	0.0	1.0	0.0	1.0	0.0	0.05	0.0	30
0.001724137931034483	0.26420689655172414	0.0	1.0	0.0	1.0	0.0	0.05	0.0	30
0.003448275862068966	0.26420689655172414	0.0	1.0	0.0	1.0	0.0	0.05	0.0	30
0.005172413793103449	0.26420689655172414	0.0	1.0	0.0	1.0	0.0	0.05	0.0	30
0.006896551724137932	0.26420689655172414	0.0	1.0	0.0	1.0	0.0	0.05	0.0	30
0.008620689655172415	0.26420689655172414	0.0	1.0	0.0	1.0	0.0	0.05	0.0	30
0.010344827586206898	0.26420689655172414	0.0	1.0	0.0	1.0	0.0	0.05	0.0	30
0.012068965517241381	0.26420689655172414	0.0	1.0	0.0	1.0	0.0	0.05	0.0	30
0.013793103448275864	0.26420689655172414	0.0	1.0	0.0	1.0	0.0	0.05	0.0	30
0.015517241379310346	0.26420689655172414	0.0	1.0	0.0	1.0	0.0	0.05	0.0	30
0.01724137931034483	0.26420689655172414	0.0	1.0	0.0	1.0	0.0	0.05	0.0	30
0.018965517241379314	0.26420689655172414	0.0	1.0	0.0	1.0	0.0	0.05	0.0	30
0.020689655172413796	0.26420689655172414	0.0	1.0	0.0	1.0	0.0	0.05	0.0	30
0.02241379310344828	0.26420689655172414	0.0	1.0	0.0	1.0	0.0	0.05	0.0	30
0.024137931034482762	0.26420689655172414	0.0	1.0	0.0	1.0	0.0	0.05	0.0	30
0.025862068965517244	0.26420689655172414	0.0	1.0	0.0	1.0	0.0	0.05	0.0	30
0.027586206896551727	0.26420689655172414	0.0	1.0	0.0	1.0	0.0	0.05	0.0	30
0.02931034482758621	0.26420689655172414	0.0	1.0	0.0	1.0	0.0	0.05	0.0	30
0.031034482758620693	0.26420689655172414	0.0	1.0	0.0	1.0	0.0	0.05	0.0	30
0.032758620689655175	0.26420689655172414	0.0	1.0	0.0	1.0	0.0	0.05	0.0	30
0.03448275862068966	0.26420689655172414	0.0	1.0	0.0	1.0	0.0	0.05	0.0	30
0.03620689655172414	0.26420689655172414	0.0	1.0	0.0	1.0	0.0	0.05	0.0	30
0.03793103448275863	0.26420689655172414	0.0	1.0	0.0	1.0	0.0	0.05	0.0	30
0.039655172413793106	0.26420689655172414	0.0	1.0	0.0	1.0	0.0	0.05	0.0	30
0.04137931034482759	0.26420689655172414	0.0	1.0	0.0	1.0	0.0	0.05	0.0	30
0.04310344827586207	0.26420689655172414	0.0	1.0	0.0	1.0	0.0	0.05	0.0	30
0.04482758620689656	0.26420689655172414	0.0	1.0	0.0	1.0	0.0	0.05	0.0	30
0.04655172413793104	0.26420689655172414	0.0	1.0	0.0	1.0	0.0	0.05	0.0	30
0.048275862068965524	0.26420689655172414	0.0	1.0	0.0	1.0	0.0	0.05	0.0	30
0.05	0.26420689655172414	0.0	1.0	0.0	1.0	0.0	0.05	0.0	30
BLADE SECTION
0.0	0.26699137931034483	0.0	1.0	0.0	1.0	0.0	0.05	0.0	30
0.001724137931034483	0.26699137931034483	0.0	1.0	0.0	1.0	0.0	0.05	0.0	30
0.003448275862068966	0.26699137931034483	0.0	1.0	0.0	1.0	0.0	0.05	0.0	30
0.005172413793103449	0.26699137931034483	0.0	1.0	0.0	1.0	0.0	0.05	0.0	30
0.006896551724137932	0.26699137931034483	0.0	1.0	0.0	1.0	0.0	0.05	0.0	30
0.008620689655172415	0.26699137931034483	0.0	1.0	0.0	1.0	0.0	0.05	0.0	30
0.010344827586206898	0.26699137931034483	0.0	1.0	0.0	1.0	0.0	0.05	0.0	30
0.012068965517241381	0.26699137931034483	0.0	1.0	0.0	1.0	0.0	0.05	0.0	30
0.013793103448275864	0.26699137931034483	0.0	1.0	0.0	1.0	0.0	0.05	0.0	30
0.015517241379310346	0.26699137931034483	0.0	1.0	0.0	1.0	0.0	0.05	0.0	30
0.01724137931034483	0.26699137931034483	0.0	1.0	0.0	1.0	0.0	0.05	0.0	30
0.018965517241379314	0.26699137931034483	0.0	1.0	0.0	1.0	0.0	0.05	0.0	30
0.020689655172413796	0.26699137931034483	0.0	1.0	0.0	1.0	0.0	0.05	0.0	30
0.02241379310344828	0.26699137931034483	0.0	1.0	0.0	1.0	0.0	0.05	0.0	30
0.024137931034482762	0.26699137931034483	0.0	1.0	0.0	1.0	0.0	0.05	0.0	30
0.025862068965517244	0.26699137931034483	0.0	1.0	0.0	1.0	0.0	0.05	0.0	30
0.027586206896551727	0.26699137931034483	0.0	1.0	0.0	1.0	0.0	0.05	0.0	30
0.02931034482758621	0.26699137931034483	0.0	1.0	0.0	1.0	0.0	0.05	0.0	30
0.031034482758620693	0.26699137931034483	0.0	1.0	0.0	1.0	0.0	0.05	0.0	30
0.032758620689655175	0.26699137931034483	0.0	1.0	0.0	1.0	0.0	0.05	0.0	30
0.03448275862068966	0.26699137931034483	0.0	1.0	0.0	1.0	0.0	0.05	0.0	30
0.03620689655172414	0.26699137931034483	0.0	1.0	0.0	1.0	0.0	0.05	0.0	30
0.03793103448275863	0.26699137931034483	0.0	1.0	0.0	1.0	0.0	0.05	0.0	30
0.039655172413793106	0.26699137931034483	0.0	1.0	0.0	1.0	0.0	0.05	0.0	30
0.04137931034482759	0.26699137931034483	0.0	1.0	0.0	1.0	0.0	0.05	0.0	30
0.04310344827586207	0.26699137931034483	0.0	1.0	0.0	1.0	0.0	0.05	0.0	30
0.04482758620689656	0.26699137931034483	0.0	1.0	0.0	1.0	0.0	0.05	0.0	30
0.04655172413793104	0.26699137931034483	0.0	1.0	0.0	1.0	0.0	0.05	0.0	30
0.048275862068965524	0.26699137931034483	0.0	1.0	0.0	1.0	0.0	0.05	0.0	30
0.05	0.26699137931034483	0.0	1.0	0.0	1.0	0.0	0.05	0.0	30
BLADE SECTION
0.0	0.26977586206896553	0.0	1.0	0.0	1.0	0.0	0.05	0.0	30
0.001724137931034483	0.26977586206896553	0.0	1.0	0.0	1.0	0.0	0.05	0.0	30
0.003448275862068966	0.26977586206896553	0.0	1.0	0.0	1.0	0.0	0.05	0.0	30
0.005172413793103449	0.26977586206896553	0.0	1.0	0.0	1.0	0.0	0.05	0.0	30
0.006896551724137932	0.26977586206896553	0.0	1.0	0.0	1.0	0.0	0.05	0.0	30
0.008620689655172415	0.26977586206896553	0.0	1.0	0.0	1.0	0.0	0.05	0.0	30
0.010344827586206898	0.26977586206896553	0.0	1.0	0.0	1.0	0.0	0.05	0.0	30
0.012068965517241381	0.26977586206896553	0.0	1.0	0.0	1.0	0.0	0.05	0.0	30
0.013793103448275864	0.26977586206896553	0.0	1.0	0.0	1.0	0.0	0.05	0.0	30
0.015517241379310346	0.26977586206896553	0.0	1.0	0.0	1.0	0.0	0.05	0.0	30
0.01724137931034483	0.26977586206896553	0.0	1.0	0.0	1.0	0.0	0.05	0.0	30
0.018965517241379314	0.26977586206896553	0.0	1.0	0.0	1.0	0.0	0.05	0.0	30
0.020689655172413796	0.26977586206896553	0.0	1.0	0.0	1.0	0.0	0.05	0.0	30
0.02241379310344828	0.26977586206896553	0.0	1.0	0.0	1.0	0.0	0.05	0.0	30
0.024137931034482762	0.26977586206896553	0.0	1.0	0.0	1.0	0.0	0.05	0.0	30
0.025862068965517244	0.26977586206896553	0.0	1.0	0.0	1.0	0.0	0.05	0.0	30
0.027586206896551727	0.26977586206896553	0.0	1.0	0.0	1.0	0.0	0.05	0.0	30
0.02931034482758621	0.26977586206896553	0.0	1.0	0.0	1.0	0.0	0.05	0.0	30
0.031034482758620693	0.26977586206896553	0.0	1.0	0.0	1.0	0.0	0.05	0.0	30
0.032758620689655175	0.26977586206896553	0.0	1.0	0.0	1.0	0.0	0.05	0.0	30
0.03448275862068966	0.26977586206896553	0.0	1.0	0.0	1.0	0.0	0.05	0.0	30
0.03620689655172414	0.26977586206896553	0.0	1.0	0.0	1.0	0.0	0.05	0.0	30
0.03793103448275863	0.26977586206896553	0.0	1.0	0.0	1.0	0.0	0.05	0.0	30
0.039655172413793106	0.26977586206896553	0.0	1.0	0.0	1.0	0.0	0.05	0.0	30
0.04137931034482759	0.26977586206896553	0.0	1.0	0.0	1.0	0.0	0.05	0.0	30
0.04310344827586207	0.26977586206896553	0.0	1.0	0.0	1.0	0.0	0.05	0.0	30
0.04482758620689656	0.26977586206896553	0.0	1.0	0.0	1.0	0.0	0.05	0.0	30
0.04655172413793104	0.26977586206896553	0.0	1.0	0.0	1.0	0.0	0.05	0.0	30
0.048275862068965524	0.26977586206896553	0.0	1.0	0.0	1.0	0.0	0.05	0.0	30
0.05	0.26977586206896553	0.0	1.0	0.0	1.0	0.0	0.05	0.0	30
BLADE SECTION
0.0	0.27256034482758623	0.0	1.0	0.0	1.0	0.0	0.05	0.0	30
0.001724137931034483	0.27256034482758623	0.0	1.0	0.0	1.0	0.0	0.05	0.0	30
0.003448275862068966	0.27256034482758623	0.0	1.0	0.0	1.0	0.0	0.05	0.0	30
0.005172413793103449	0.27256034482758623	0.0	1.0	0.0	1.0	0.0	0.05	0.0	30
0.006896551724137932	0.27256034482758623	0.0	1.0	0.0	1.0	0.0	0.05	0.0	30
0.008620689655172415	0.27256034482758623	0.0	1.0	0.0	1.0	0.0	0.05	0.0	30
0.010344827586206898	0.27256034482758623	0.0	1.0	0.0	1.0	0.0	0.05	0.0	30
0.012068965517241381	0.27256034482758623	0.0	1.0	0.0	1.0	0.0	0.05	0.0	30
0.013793103448275864	0.27256034482758623	0.0	1.0	0.0	1.0	0.0	0.05	0.0	30
0.015517241379310346	0.27256034482758623	0.0	1.0	0.0	1.0	0.0	0.05	0.0	30
0.01724137931034483	0.27256034482758623	0.0	1.0	0.0	1.0	0.0	0.05	0.0	30
0.018965517241379314	0.27256034482758623	0.0	1.0	0.0	1.0	0.0	0.05	0.0	30
0.020689655172413796	0.27256034482758623	0.0	1.0	0.0	1.0	0.0	0.05	0.0	30
0.02241379310344828	0.27256034482758623	0.0	1.0	0.0	1.0	0.0	0.05	0.0	30
0.024137931034482762	0.27256034482758623	0.0	1.0	0.0	1.0	0.0	0.05	0.0	30
0.025862068965517244	0.27256034482758623	0.0	1.0	0.0	1.0	0.0	0.05	0.0	30
0.027586206896551727	0.27256034482758623	0.0	1.0	0.0	1.0	0.0	0.05	0.0	30
0.02931034482758621	0.27256034482758623	0.0	1.0	0.0	1.0	0.0	0.05	0.0	30
0.031034482758620693	0.27256034482758623	0.0	1.0	0.0	1.0	0.0	0.05	0.0	30
0.032758620689655175	0.27256034482758623	0.0	1.0	0.0	1.0	0.0	0.05	0.0	30
0.03448275862068966	0.27256034482758623	0.0	1.0	0.0	1.0	0.0	0.05	0.0	30
0.03620689655172414	0.27256034482758623	0.0	1.0	0.0	1.0	0.0	0.05	0.0	30
0.03793103448275863	0.27256034482758623	0.0	1.0	0.0	1.0	0.0	0.05	0.0	30
0.039655172413793106	0.27256034482758623	0.0	1.0	0.0	1.0	0.0	0.05	0.0	30
0.04137931034482759	0.27256034482758623	0.0	1.0	0.0	1.0	0.0	0.05	0.0	30
0.04310344827586207	0.27256034482758623	0.0	1.0	0.0	1.0	0.0	0.05	0.0	30
0.04482758620689656	0.27256034482758623	0.0	1.0	0.0	1.0	0.0	0.05	0.0	30
0.04655172413793104	0.27256034482758623	0.0	1.0	0.0	1.0	0.0	0.05	0.0	30
0.048275862068965524	0.27256034482758623	0.0	1.0	0.0	1.0	0.0	0.05	0.0	30
0.05	0.27256034482758623	0.0	1.0	0.0	1.0	0.0	0.05	0.0	30
BLADE SECTION
0.0	0.27534482758620693	0.0	1.0	0.0	1.0	0.0	0.05	0.0	30
0.001724137931034483	0.27534482758620693	0.0	1.0	0.0	1.0	0.0	0.05	0.0	30
0.003448275862068966	0.27534482758620693	0.0	1.0	0.0	1.0	0.0	0.05	0.0	30
0.005172413793103449	0.27534482758620693	0.0	1.0	0.0	1.0	0.0	0.05	0.0	30
0.006896551724137932	0.27534482758620693	0.0	1.0	0.0	1.0	0.0	0.05	0.0	30
0.008620689655172415	0.27534482758620693	0.0	1.0	0.0	1.0	0.0	0.05	0.0	30
0.010344827586206898	0.27534482758620693	0.0	1.0	0.0	1.0	0.0	0.05	0.0	30
0.012068965517241381	0.27534482758620693	0.0	1.0	0.0	1.0	0.0	0.05	0.0	30
0.013793103448275864	0.27534482758620693	0.0	1.0	0.0	1.0	0.0	0.05	0.0	30
0.015517241379310346	0.27534482758620693	0.0	1.0	0.0	1.0	0.0	0.05	0.0	30
0.01724137931034483	0.27534482758620693	0.0	1.0	0.0	1.0	0.0	0.05	0.0	30
0.018965517241379314	0.27534482758620693	0.0	1.0	0.0	1.0	0.0	0.05	0.0	30
0.020689655172413796	0.27534482758620693	0.0	1.0	0.0	1.0	0.0	0.05	0.0	30
0.02241379310344828	0.27534482758620693	0.0	1.0	0.0	1.0	0.0	0.05	0.0	30
0.024137931034482762	0.27534482758620693	0.0	1.0	0.0	1.0	0.0	0.05	0.0	30
0.025862068965517244	0.27534482758620693	0.0	1.0	0.0	1.0	0.0	0.05	0.0	30
0.027586206896551727	0.27534482758620693	0.0	1.0	0.0	1.0	0.0	0.05	0.0	30
0.02931034482758621	0.27534482758620693	0.0	1.0	0.0	1.0	0.0	0.05	0.0	30
0.031034482758620693	0.27534482758620693	0.0	1.0	0.0	1.0	0.0	0.05	0.0	30
0.032758620689655175	0.27534482758620693	0.0	1.0	0.0	1.0	0.0	0.05	0.0	30
0.03448275862068966	0.27534482758620693	0.0	1.0	0.0	1.0	0.0	0.05	0.0	30
0.03620689655172414	0.27534482758620693	0.0	1.0	0.0	1.0	0.0	0.05	0.0	30
0.03793103448275863	0.27534482758620693	0.0	1.0	0.0	1.0	0.0	0.05	0.0	30
0.039655172413793106	0.27534482758620693	0.0	1.0	0.0	1.0	0.0	0.05	0.0	30
0.04137931034482759	0.27534482758620693	0.0	1.0	0.0	1.0	0.0	0.05	0.0	30
0.04310344827586207	0.27534482758620693	0.0	1.0	0.0	1.0	0.0	0.05	0.0	30
0.04482758620689656	0.27534482758620693	0.0	1.0	0.0	1.0	0.0	0.05	0.0	30
0.04655172413793104	0.27534482758620693	0.0	1.0	0.0	1.0	0.0	0.05	0.0	30
0.048275862068965524	0.27534482758620693	0.0	1.0	0.0	1.0	0.0	0.05	0.0	30
0.05	0.27534482758620693	0.0	1.0	0.0	1.0	0.0	0.05	0.0	30
BLADE SECTION
0.0	0.2781293103448276	0.0	1.0	0.0	1.0	0.0	0.05	0.0	30
0.001724137931034483	0.2781293103448276	0.0	1.0	0.0	1.0	0.0	0.05	0.0	30
0.003448275862068966	0.2781293103448276	0.0	1.0	0.0	1.0	0.0	0.05	0.0	30
0.005172413793103449	0.2781293103448276	0.0	1.0	0.0	1.0	0.0	0.05	0.0	30
0.006896551724137932	0.2781293103448276	0.0	1.0	0.0	1.0	0.0	0.05	0.0	30
0.008620689655172415	0.2781293103448276	0.0	1.0	0.0	1.0	0.0	0.05	0.0	30
0.010344827586206898	0.2781293103448276	0.0	1.0	0.0	1.0	0.0	0.05	0.0	30
0.012068965517241381	0.2781293103448276	0.0	1.0	0.0	1.0	0.0	0.05	0.0	30
0.013793103448275864	0.2781293103448276	0.0	1.0	0.0	1.0	0.0	0.05	0.0	30
0.015517241379310346	0.2781293103448276	0.0	1.0	0.0	1.0	0.0	0.05	0.0	30
0.01724137931034483	0.2781293103448276	0.0	1.0	0.0	1.0	0.0	0.05	0.0	30
0.018965517241379314	0.2781293103448276	0.0	1.0	0.0	1.0	0.0	0.05	0.0	30
0.020689655172413796	0.2781293103448276	0.0	1.0	0.0	1.0	0.0	0.05	0.0	30
0.02241379310344828	0.2781293103448276	0.0	1.0	0.0	1.0	0.0	0.05	0.0	30
0.024137931034482762	0.2781293103448276	0.0	1.0	0.0	1.0	0.0	0.05	0.0	30
0.025862068965517244	0.2781293103448276	0.0	1.0	0.0	1.0	0.0	0.05	0.0	30
0.027586206896551727	0.2781293103448276	0.0	1.0	0.0	1.0	0.0	0.05	0.0	30
0.02931034482758621	0.2781293103448276	0.0	1.0	0.0	1.0	0.0	0.05	0.0	30
0.031034482758620693	0.2781293103448276	0.0	1.0	0.0	1.0	0.0	0.05	0.0	30
0.032758620689655175	0.2781293103448276	0.0	1.0	0.0	1.0	0.0	0.05	0.0	30
0.03448275862068966	0.2781293103448276	0.0	1.0	0.0	1.0	0.0	0.05	0.0	30
0.03620689655172414	0.2781293103448276	0.0	1.0	0.0	1.0	0.0	0.05	0.0	30
0.03793103448275863	0.2781293103448276	0.0	1.0	0.0	1.0	0.0	0.05	0.0	30
0.039655172413793106	0.2781293103448276	0.0	1.0	0.0	1.0	0.0	0.05	0.0	30
0.04137931034482759	0.2781293103448276	0.0	1.0	0.0	1.0	0.0	0.05	0.0	30
0.04310344827586207	0.2781293103448276	0.0	1.0	0.0	1.0	0.0	0.05	0.0	30
0.04482758620689656	0.2781293103448276	0.0	1.0	0.0	1.0	0.0	0.05	0.0	30
0.04655172413793104	0.2781293103448276	0.0	1.0	0.0	1.0	0.0	0.05	0.0	30
0.048275862068965524	0.2781293103448276	0.0	1.0	0.0	1.0	0.0	0.05	0.0	30
0.05	0.2781293103448276	0.0	1.0	0.0	1.0	0.0	0.05	0.0	30
BLADE SECTION
0.0	0.2809137931034483	0.0	1.0	0.0	1.0	0.0	0.05	0.0	30
0.001724137931034483	0.2809137931034483	0.0	1.0	0.0	1.0	0.0	0.05	0.0	30
0.003448275862068966	0.2809137931034483	0.0	1.0	0.0	1.0	0.0	0.05	0.0	30
0.005172413793103449	0.2809137931034483	0.0	1.0	0.0	1.0	0.0	0.05	0.0	30
0.006896551724137932	0.2809137931034483	0.0	1.0	0.0	1.0	0.0	0.05	0.0	30
0.008620689655172415	0.2809137931034483	0.0	1.0	0.0	1.0	0.0	0.05	0.0	30
0.010344827586206898	0.2809137931034483	0.0	1.0	0.0	1.0	0.0	0.05	0.0	30
0.012068965517241381	0.2809137931034483	0.0	1.0	0.0	1.0	0.0	0.05	0.0	30
0.013793103448275864	0.2809137931034483	0.0	1.0	0.0	1.0	0.0	0.05	0.0	30
0.015517241379310346	0.2809137931034483	0.0	1.0	0.0	1.0	0.0	0.05	0.0	30
0.01724137931034483	0.2809137931034483	0.0	1.0	0.0	1.0	0.0	0.05	0.0	30
0.018965517241379314	0.2809137931034483	0.0	1.0	0.0	1.0	0.0	0.05	0.0	30
0.020689655172413796	0.2809137931034483	0.0	1.0	0.0	1.0	0.0	0.05	0.0	30
0.02241379310344828	0.2809137931034483	0.0	1.0	0.0	1.0	0.0	0.05	0.0	30
0.024137931034482762	0.2809137931034483	0.0	1.0	0.0	1.0	0.0	0.05	0.0	30
0.025862068965517244	0.2809137931034483	0.0	1.0	0.0	1.0	0.0	0.05	0.0	30
0.027586206896551727	0.2809137931034483	0.0	1.0	0.0	1.0	0.0	0.05	0.0	30
0.02931034482758621	0.2809137931034483	0.0	1.0	0.0	1.0	0.0	0.05	0.0	30
0.031034482758620693	0.2809137931034483	0.0	1.0	0.0	1.0	0.0	0.05	0.0	30
0.032758620689655175	0.2809137931034483	0.0	1.0	0.0	1.0	0.0	0.05	0.0	30
0.03448275862068966	0.2809137931034483	0.0	1.0	0.0	1.0	0.0	0.05	0.0	30
0.03620689655172414	0.2809137931034483	0.0	1.0	0.0	1.0	0.0	0.05	0.0	30
0.03793103448275863	0.2809137931034483	0.0	1.0	0.0	1.0	0.0	0.05	0.0	30
0.039655172413793106	0.2809137931034483	0.0	1.0	0.0	1.0	0.0	0.05	0.0	30
0.04137931034482759	0.2809137931034483	0.0	1.0	0.0	1.0	0.0	0.05	0.0	30
0.04310344827586207	0.2809137931034483	0.0	1.0	0.0	1.0	0.0	0.05	0.0	30
0.04482758620689656	0.2809137931034483	0.0	1.0	0.0	1.0	0.0	0.05	0.0	30
0.04655172413793104	0.2809137931034483	0.0	1.0	0.0	1.0	0.0	0.05	0.0	30
0.048275862068965524	0.2809137931034483	0.0	1.0	0.0	1.0	0.0	0.05	0.0	30
0.05	0.2809137931034483	0.0	1.0	0.0	1.0	0.0	0.05	0.0	30
BLADE SECTION
0.0	0.28369827586206897	0.0	1.0	0.0	1.0	0.0	0.05	0.0	30
0.001724137931034483	0.28369827586206897	0.0	1.0	0.0	1.0	0.0	0.05	0.0	30
0.003448275862068966	0.28369827586206897	0.0	1.0	0.0	1.0	0.0	0.05	0.0	30
0.005172413793103449	0.28369827586206897	0.0	1.0	0.0	1.0	0.0	0.05	0.0	30
0.006896551724137932	0.28369827586206897	0.0	1.0	0.0	1.0	0.0	0.05	0.0	30
0.008620689655172415	0.28369827586206897	0.0	1.0	0.0	1.0	0.0	0.05	0.0	30
0.010344827586206898	0.28369827586206897	0.0	1.0	0.0	1.0	0.0	0.05	0.0	30
0.012068965517241381	0.28369827586206897	0.0	1.0	0.0	1.0	0.0	0.05	0.0	30
0.013793103448275864	0.28369827586206897	0.0	1.0	0.0	1.0	0.0	0.05	0.0	30
0.015517241379310346	0.28369827586206897	0.0	1.0	0.0	1.0	0.0	0.05	0.0	30
0.01724137931034483	0.28369827586206897	0.0	1.0	0.0	1.0	0.0	0.05	0.0	30
0.018965517241379314	0.28369827586206897	0.0	1.0	0.0	1.0	0.0	0.05	0.0	30
0.020689655172413796	0.28369827586206897	0.0	1.0	0.0	1.0	0.0	0.05	0.0	30
0.02241379310344828	0.28369827586206897	0.0	1.0	0.0	1.0	0.0	0.05	0.0	30
0.024137931034482762	0.28369827586206897	0.0	1.0	0.0	1.0	0.0	0.05	0.0	30
0.025862068965517244	0.28369827586206897	0.0	1.0	0.0	1.0	0.0	0.05	0.0	30
0.027586206896551727	0.28369827586206897	0.0	1.0	0.0	1.0	0.0	0.05	0.0	30
0.02931034482758621	0.28369827586206897	0.0	1.0	0.0	1.0	0.0	0.05	0.0	30
0.031034482758620693	0.28369827586206897	0.0	1.0	0.0	1.0	0.0	0.05	0.0	30
0.032758620689655175	0.28369827586206897	0.0	1.0	0.0	1.0	0.0	0.05	0.0	30
0.03448275862068966	0.28369827586206897	0.0	1.0	0.0	1.0	0.0	0.05	0.0	30
0.03620689655172414	0.28369827586206897	0.0	1.0	0.0	1.0	0.0	0.05	0.0	30
0.03793103448275863	0.28369827586206897	0.0	1.0	0.0	1.0	0.0	0.05	0.0	30
0.039655172413793106	0.28369827586206897	0.0	1.0	0.0	1.0	0.0	0.05	0.0	30
0.04137931034482759	0.28369827586206897	0.0	1.0	0.0	1.0	0.0	0.05	0.0	30
0.04310344827586207	0.28369827586206897	0.0	1.0	0.0	1.0	0.0	0.05	0.0	30
0.04482758620689656	0.28369827586206897	0.0	1.0	0.0	1.0	0.0	0.05	0.0	30
0.04655172413793104	0.28369827586206897	0.0	1.0	0.0	1.0	0.0	0.05	0.0	30
0.048275862068965524	0.28369827586206897	0.0	1.0	0.0	1.0	0.0	0.05	0.0	30
0.05	0.28369827586206897	0.0	1.0	0.0	1.0	0.0	0.05	0.0	30
BLADE SECTION
0.0	0.28648275862068967	0.0	1.0	0.0	1.0	0.0	0.05	0.0	30
0.001724137931034483	0.28648275862068967	0.0	1.0	0.0	1.0	0.0	0.05	0.0	30
0.003448275862068966	0.28648275862068967	0.0	1.0	0.0	1.0	0.0	0.05	0.0	30
0.005172413793103449	0.28648275862068967	0.0	1.0	0.0	1.0	0.0	0.05	0.0	30
0.006896551724137932	0.28648275862068967	0.0	1.0	0.0	1.0	0.0	0.05	0.0	30
0.008620689655172415	0.28648275862068967	0.0	1.0	0.0	1.0	0.0	0.05	0.0	30
0.010344827586206898	0.28648275862068967	0.0	1.0	0.0	1.0	0.0	0.05	0.0	30
0.012068965517241381	0.28648275862068967	0.0	1.0	0.0	1.0	0.0	0.05	0.0	30
0.013793103448275864	0.28648275862068967	0.0	1.0	0.0	1.0	0.0	0.05	0.0	30
0.015517241379310346	0.28648275862068967	0.0	1.0	0.0	1.0	0.0	0.05	0.0	30
0.01724137931034483	0.28648275862068967	0.0	1.0	0.0	1.0	0.0	0.05	0.0	30
0.018965517241379314	0.28648275862068967	0.0	1.0	0.0	1.0	0.0	0.05	0.0	30
0.020689655172413796	0.28648275862068967	0.0	1.0	0.0	1.0	0.0	0.05	0.0	30
0.02241379310344828	0.28648275862068967	0.0	1.0	0.0	1.0	0.0	0.05	0.0	30
0.024137931034482762	0.28648275862068967	0.0	1.0	0.0	1.0	0.0	0.05	0.0	30
0.025862068965517244	0.28648275862068967	0.0	1.0	0.0	1.0	0.0	0.05	0.0	30
0.027586206896551727	0.28648275862068967	0.0	1.0	0.0	1.0	0.0	0.05	0.0	30
0.02931034482758621	0.28648275862068967	0.0	1.0	0.0	1.0	0.0	0.05	0.0	30
0.031034482758620693	0.28648275862068967	0.0	1.0	0.0	1.0	0.0	0.05	0.0	30
0.032758620689655175	0.28648275862068967	0.0	1.0	0.0	1.0	0.0	0.05	0.0	30
0.03448275862068966	0.28648275862068967	0.0	1.0	0.0	1.0	0.0	0.05	0.0	30
0.03620689655172414	0.28648275862068967	0.0	1.0	0.0	1.0	0.0	0.05	0.0	30
0.03793103448275863	0.28648275862068967	0.0	1.0	0.0	1.0	0.0	0.05	0.0	30
0.039655172413793106	0.28648275862068967	0.0	1.0	0.0	1.0	0.0	0.05	0.0	30
0.04137931034482759	0.28648275862068967	0.0	1.0	0.0	1.0	0.0	0.05	0.0	30
0.04310344827586207	0.28648275862068967	0.0	1.0	0.0	1.0	0.0	0.05	0.0	30
0.04482758620689656	0.28648275862068967	0.0	1.0	0.0	1.0	0.0	0.05	0.0	30
0.04655172413793104	0.28648275862068967	0.0	1.0	0.0	1.0	0.0	0.05	0.0	30
0.048275862068965524	0.28648275862068967	0.0	1.0	0.0	1.0	0.0	0.05	0.0	30
0.05	0.28648275862068967	0.0	1.0	0.0	1.0	0.0	0.05	0.0	30
BLADE SECTION
0.0	0.28926724137931037	0.0	1.0	0.0	1.0	0.0	0.05	0.0	30
0.001724137931034483	0.28926724137931037	0.0	1.0	0.0	1.0	0.0	0.05	0.0	30
0.003448275862068966	0.28926724137931037	0.0	1.0	0.0	1.0	0.0	0.05	0.0	30
0.005172413793103449	0.28926724137931037	0.0	1.0	0.0	1.0	0.0	0.05	0.0	30
0.006896551724137932	0.28926724137931037	0.0	1.0	0.0	1.0	0.0	0.05	0.0	30
0.008620689655172415	0.28926724137931037	0.0	1.0	0.0	1.0	0.0	0.05	0.0	30
0.010344827586206898	0.28926724137931037	0.0	1.0	0.0	1.0	0.0	0.05	0.0	30
0.012068965517241381	0.28926724137931037	0.0	1.0	0.0	1.0	0.0	0.05	0.0	30
0.013793103448275864	0.28926724137931037	0.0	1.0	0.0	1.0	0.0	0.05	0.0	30
0.015517241379310346	0.28926724137931037	0.0	1.0	0.0	1.0	0.0	0.05	0.0	30
0.01724137931034483	0.28926724137931037	0.0	1.0	0.0	1.0	0.0	0.05	0.0	30
0.018965517241379314	0.28926724137931037	0.0	1.0	0.0	1.0	0.0	0.05	0.0	30
0.020689655172413796	0.28926724137931037	0.0	1.0	0.0	1.0	0.0	0.05	0.0	30
0.02241379310344828	0.28926724137931037	0.0	1.0	0.0	1.0	0.0	0.05	0.0	30
0.024137931034482762	0.28926724137931037	0.0	1.0	0.0	1.0	0.0	0.05	0.0	30
0.025862068965517244	0.28926724137931037	0.0	1.0	0.0	1.0	0.0	0.05	0.0	30
0.027586206896551727	0.28926724137931037	0.0	1.0	0.0	1.0	0.0	0.05	0.0	30
0.02931034482758621	0.28926724137931037	0.0	1.0	0.0	1.0	0.0	0.05	0.0	30
0.031034482758620693	0.28926724137931037	0.0	1.0	0.0	1.0	0.0	0.05	0.0	30
0.032758620689655175	0.28926724137931037	0.0	1.0	0.0	1.0	0.0	0.05	0.0	30
0.03448275862068966	0.28926724137931037	0.0	1.0	0.0	1.0	0.0	0.05	0.0	30
0.03620689655172414	0.28926724137931037	0.0	1.0	0.0	1.0	0.0	0.05	0.0	30
0.03793103448275863	0.28926724137931037	0.0	1.0	0.0	1.0	0.0	0.05	0.0	30
0.039655172413793106	0.28926724137931037	0.0	1.0	0.0	1.0	0.0	0.05	0.0	30
0.04137931034482759	0.28926724137931037	0.0	1.0	0.0	1.0	0.0	0.05	0.0	30
0.04310344827586207	0.28926724137931037	0.0	1.0	0.0	1.0	0.0	0.05	0.0	30
0.04482758620689656	0.28926724137931037	0.0	1.0	0.0	1.0	0.0	0.05	0.0	30
0.04655172413793104	0.28926724137931037	0.0	1.0	0.0	1.0	0.0	0.05	0.0	30
0.048275862068965524	0.28926724137931037	0.0	1.0	0.0	1.0	0.0	0.05	0.0	30
0.05	0.28926724137931037	0.0	1.0	0.0	1.0	0.0	0.05	0.0	30
BLADE SECTION
0.0	0.29205172413793107	0.0	1.0	0.0	1.0	0.0	0.05	0.0	30
0.001724137931034483	0.29205172413793107	0.0	1.0	0.0	1.0	0.0	0.05	0.0	30
0.003448275862068966	0.29205172413793107	0.0	1.0	0.0	1.0	0.0	0.05	0.0	30
0.005172413793103449	0.29205172413793107	0.0	1.0	0.0	1.0	0.0	0.05	0.0	30
0.006896551724137932	0.29205172413793107	0.0	1.0	0.0	1.0	0.0	0.05	0.0	30
0.008620689655172415	0.29205172413793107	0.0	1.0	0.0	1.0	0.0	0.05	0.0	30
0.010344827586206898	0.29205172413793107	0.0	1.0	0.0	1.0	0.0	0.05	0.0	30
0.012068965517241381	0.29205172413793107	0.0	1.0	0.0	1.0	0.0	0.05	0.0	30
0.013793103448275864	0.29205172413793107	0.0	1.0	0.0	1.0	0.0	0.05	0.0	30
0.015517241379310346	0.29205172413793107	0.0	1.0	0.0	1.0	0.0	0.05	0.0	30
0.01724137931034483	0.29205172413793107	0.0	1.0	0.0	1.0	0.0	0.05	0.0	30
0.018965517241379314	0.29205172413793107	0.0	1.0	0.0	1.0	0.0	0.05	0.0	30
0.020689655172413796	0.29205172413793107	0.0	1.0	0.0	1.0	0.0	0.05	0.0	30
0.02241379310344828	0.29205172413793107	0.0	1.0	0.0	1.0	0.0	0.05	0.0	30
0.024137931034482762	0.29205172413793107	0.0	1.0	0.0	1.0	0.0	0.05	0.0	30
0.025862068965517244	0.29205172413793107	0.0	1.0	0.0	1.0	0.0	0.05	0.0	30
0.027586206896551727	0.29205172413793107	0.0	1.0	0.0	1.0	0.0	0.05	0.0	30
0.02931034482758621	0.29205172413793107	0.0	1.0	0.0	1.0	0.0	0.05	0.0	30
0.031034482758620693	0.29205172413793107	0.0	1.0	0.0	1.0	0.0	0.05	0.0	30
0.032758620689655175	0.29205172413793107	0.0	1.0	0.0	1.0	0.0	0.05	0.0	30
0.03448275862068966	0.29205172413793107	0.0	1.0	0.0	1.0	0.0	0.05	0.0	30
0.03620689655172414	0.29205172413793107	0.0	1.0	0.0	1.0	0.0	0.05	0.0	30
0.03793103448275863	0.29205172413793107	0.0	1.0	0.0	1.0	0.0	0.05	0.0	30
0.039655172413793106	0.29205172413793107	0.0	1.0	0.0	1.0	0.0	0.05	0.0	30
0.04137931034482759	0.29205172413793107	0.0	1.0	0.0	1.0	0.0	0.05	0.0	30
0.04310344827586207	0.29205172413793107	0.0	1.0	0.0	1.0	0.0	0.05	0.0	30
0.04482758620689656	0.29205172413793107	0.0	1.0	0.0	1.0	0.0	0.05	0.0	30
0.04655172413793104	0.29205172413793107	0.0	1.0	0.0	1.0	0.0	0.05	0.0	30
0.048275862068965524	0.29205172413793107	0.0	1.0	0.0	1.0	0.0	0.05	0.0	30
0.05	0.29205172413793107	0.0	1.0	0.0	1.0	0.0	0.05	0.0	30
BLADE SECTION
0.0	0.29483620689655177	0.0	1.0	0.0	1.0	0.0	0.05	0.0	30
0.001724137931034483	0.29483620689655177	0.0	1.0	0.0	1.0	0.0	0.05	0.0	30
0.003448275862068966	0.29483620689655177	0.0	1.0	0.0	1.0	0.0	0.05	0.0	30
0.005172413793103449	0.29483620689655177	0.0	1.0	0.0	1.0	0.0	0.05	0.0	30
0.006896551724137932	0.29483620689655177	0.0	1.0	0.0	1.0	0.0	0.05	0.0	30
0.008620689655172415	0.29483620689655177	0.0	1.0	0.0	1.0	0.0	0.05	0.0	30
0.010344827586206898	0.29483620689655177	0.0	1.0	0.0	1.0	0.0	0.05	0.0	30
0.012068965517241381	0.29483620689655177	0.0	1.0	0.0	1.0	0.0	0.05	0.0	30
0.013793103448275864	0.29483620689655177	0.0	1.0	0.0	1.0	0.0	0.05	0.0	30
0.015517241379310346	0.29483620689655177	0.0	1.0	0.0	1.0	0.0	0.05	0.0	30
0.01724137931034483	0.29483620689655177	0.0	1.0	0.0	1.0	0.0	0.05	0.0	30
0.018965517241379314	0.29483620689655177	0.0	1.0	0.0	1.0	0.0	0.05	0.0	30
0.020689655172413796	0.29483620689655177	0.0	1.0	0.0	1.0	0.0	0.05	0.0	30
0.02241379310344828	0.29483620689655177	0.0	1.0	0.0	1.0	0.0	0.05	0.0	30
0.024137931034482762	0.29483620689655177	0.0	1.0	0.0	1.0	0.0	0.05	0.0	30
0.025862068965517244	0.29483620689655177	0.0	1.0	0.0	1.0	0.0	0.05	0.0	30
0.027586206896551727	0.29483620689655177	0.0	1.0	0.0	1.0	0.0	0.05	0.0	30
0.02931034482758621	0.29483620689655177	0.0	1.0	0.0	1.0	0.0	0.05	0.0	30
0.031034482758620693	0.29483620689655177	0.0	1.0	0.0	1.0	0.0	0.05	0.0	30
0.032758620689655175	0.29483620689655177	0.0	1.0	0.0	1.0	0.0	0.05	0.0	30
0.03448275862068966	0.29483620689655177	0.0	1.0	0.0	1.0	0.0	0.05	0.0	30
0.03620689655172414	0.29483620689655177	0.0	1.0	0.0	1.0	0.0	0.05	0.0	30
0.03793103448275863	0.29483620689655177	0.0	1.0	0.0	1.0	0.0	0.05	0.0	30
0.039655172413793106	0.29483620689655177	0.0	1.0	0.0	1.0	0.0	0.05	0.0	30
0.04137931034482759	0.29483620689655177	0.0	1.0	0.0	1.0	0.0	0.05	0.0	30
0.04310344827586207	0.29483620689655177	0.0	1.0	0.0	1.0	0.0	0.05	0.0	30
0.04482758620689656	0.29483620689655177	0.0	1.0	0.0	1.0	0.0	0.05	0.0	30
0.04655172413793104	0.29483620689655177	0.0	1.0	0.0	1.0	0.0	0.05	0.0	30
0.048275862068965524	0.29483620689655177	0.0	1.0	0.0	1.0	0.0	0.05	0.0	30
0.05	0.29483620689655177	0.0	1.0	0.0	1.0	0.0	0.05	0.0	30
BLADE SECTION
0.0	0.2976206896551724	0.0	1.0	0.0	1.0	0.0	0.05	0.0	30
0.001724137931034483	0.2976206896551724	0.0	1.0	0.0	1.0	0.0	0.05	0.0	30
0.003448275862068966	0.2976206896551724	0.0	1.0	0.0	1.0	0.0	0.05	0.0	30
0.005172413793103449	0.2976206896551724	0.0	1.0	0.0	1.0	0.0	0.05	0.0	30
0.006896551724137932	0.2976206896551724	0.0	1.0	0.0	1.0	0.0	0.05	0.0	30
0.008620689655172415	0.2976206896551724	0.0	1.0	0.0	1.0	0.0	0.05	0.0	30
0.010344827586206898	0.2976206896551724	0.0	1.0	0.0	1.0	0.0	0.05	0.0	30
0.012068965517241381	0.2976206896551724	0.0	1.0	0.0	1.0	0.0	0.05	0.0	30
0.013793103448275864	0.2976206896551724	0.0	1.0	0.0	1.0	0.0	0.05	0.0	30
0.015517241379310346	0.2976206896551724	0.0	1.0	0.0	1.0	0.0	0.05	0.0	30
0.01724137931034483	0.2976206896551724	0.0	1.0	0.0	1.0	0.0	0.05	0.0	30
0.018965517241379314	0.2976206896551724	0.0	1.0	0.0	1.0	0.0	0.05	0.0	30
0.020689655172413796	0.2976206896551724	0.0	1.0	0.0	1.0	0.0	0.05	0.0	30
0.02241379310344828	0.2976206896551724	0.0	1.0	0.0	1.0	0.0	0.05	0.0	30
0.024137931034482762	0.2976206896551724	0.0	1.0	0.0	1.0	0.0	0.05	0.0	30
0.025862068965517244	0.2976206896551724	0.0	1.0	0.0	1.0	0.0	0.05	0.0	30
0.027586206896551727	0.2976206896551724	0.0	1.0	0.0	1.0	0.0	0.05	0.0	30
0.02931034482758621	0.2976206896551724	0.0	1.0	0.0	1.0	0.0	0.05	0.0	30
0.031034482758620693	0.2976206896551724	0.0	1.0	0.0	1.0	0.0	0.05	0.0	30
0.032758620689655175	0.2976206896551724	0.0	1.0	0.0	1.0	0.0	0.05	0.0	30
0.03448275862068966	0.2976206896551724	0.0	1.0	0.0	1.0	0.0	0.05	0.0	30
0.03620689655172414	0.2976206896551724	0.0	1.0	0.0	1.0	0.0	0.05	0.0	30
0.03793103448275863	0.2976206896551724	0.0	1.0	0.0	1.0	0.0	0.05	0.0	30
0.039655172413793106	0.2976206896551724	0.0	1.0	0.0	1.0	0.0	0.05	0.0	30
0.04137931034482759	0.2976206896551724	0.0	1.0	0.0	1.0	0.0	0.05	0.0	30
0.04310344827586207	0.2976206896551724	0.0	1.0	0.0	1.0	0.0	0.05	0.0	30
0.04482758620689656	0.2976206896551724	0.0	1.0	0.0	1.0	0.0	0.05	0.0	30
0.04655172413793104	0.2976206896551724	0.0	1.0	0.0	1.0	0.0	0.05	0.0	30
0.048275862068965524	0.2976206896551724	0.0	1.0	0.0	1.0	0.0	0.05	0.0	30
0.05	0.2976206896551724	0.0	1.0	0.0	1.0	0.0	0.05	0.0	30
BLADE SECTION
0.0	0.3004051724137931	0.0	1.0	0.0	1.0	0.0	0.05	0.0	30
0.001724137931034483	0.3004051724137931	0.0	1.0	0.0	1.0	0.0	0.05	0.0	30
0.003448275862068966	0.3004051724137931	0.0	1.0	0.0	1.0	0.0	0.05	0.0	30
0.005172413793103449	0.3004051724137931	0.0	1.0	0.0	1.0	0.0	0.05	0.0	30
0.006896551724137932	0.3004051724137931	0.0	1.0	0.0	1.0	0.0	0.05	0.0	30
0.008620689655172415	0.3004051724137931	0.0	1.0	0.0	1.0	0.0	0.05	0.0	30
0.010344827586206898	0.3004051724137931	0.0	1.0	0.0	1.0	0.0	0.05	0.0	30
0.012068965517241381	0.3004051724137931	0.0	1.0	0.0	1.0	0.0	0.05	0.0	30
0.013793103448275864	0.3004051724137931	0.0	1.0	0.0	1.0	0.0	0.05	0.0	30
0.015517241379310346	0.3004051724137931	0.0	1.0	0.0	1.0	0.0	0.05	0.0	30
0.01724137931034483	0.3004051724137931	0.0	1.0	0.0	1.0	0.0	0.05	0.0	30
0.018965517241379314	0.3004051724137931	0.0	1.0	0.0	1.0	0.0	0.05	0.0	30
0.020689655172413796	0.3004051724137931	0.0	1.0	0.0	1.0	0.0	0.05	0.0	30
0.02241379310344828	0.3004051724137931	0.0	1.0	0.0	1.0	0.0	0.05	0.0	30
0.024137931034482762	0.3004051724137931	0.0	1.0	0.0	1.0	0.0	0.05	0.0	30
0.025862068965517244	0.3004051724137931	0.0	1.0	0.0	1.0	0.0	0.05	0.0	30
0.027586206896551727	0.3004051724137931	0.0	1.0	0.0	1.0	0.0	0.05	0.0	30
0.02931034482758621	0.3004051724137931	0.0	1.0	0.0	1.0	0.0	0.05	0.0	30
0.031034482758620693	0.3004051724137931	0.0	1.0	0.0	1.0	0.0	0.05	0.0	30
0.032758620689655175	0.3004051724137931	0.0	1.0	0.0	1.0	0.0	0.05	0.0	30
0.03448275862068966	0.3004051724137931	0.0	1.0	0.0	1.0	0.0	0.05	0.0	30
0.03620689655172414	0.3004051724137931	0.0	1.0	0.0	1.0	0.0	0.05	0.0	30
0.03793103448275863	0.3004051724137931	0.0	1.0	0.0	1.0	0.0	0.05	0.0	30
0.039655172413793106	0.3004051724137931	0.0	1.0	0.0	1.0	0.0	0.05	0.0	30
0.04137931034482759	0.3004051724137931	0.0	1.0	0.0	1.0	0.0	0.05	0.0	30
0.04310344827586207	0.3004051724137931	0.0	1.0	0.0	1.0	0.0	0.05	0.0	30
0.04482758620689656	0.3004051724137931	0.0	1.0	0.0	1.0	0.0	0.05	0.0	30
0.04655172413793104	0.3004051724137931	0.0	1.0	0.0	1.0	0.0	0.05	0.0	30
0.048275862068965524	0.3004051724137931	0.0	1.0	0.0	1.0	0.0	0.05	0.0	30
0.05	0.3004051724137931	0.0	1.0	0.0	1.0	0.0	0.05	0.0	30
BLADE SECTION
0.0	0.3031896551724138	0.0	1.0	0.0	1.0	0.0	0.05	0.0	30
0.001724137931034483	0.3031896551724138	0.0	1.0	0.0	1.0	0.0	0.05	0.0	30
0.003448275862068966	0.3031896551724138	0.0	1.0	0.0	1.0	0.0	0.05	0.0	30
0.005172413793103449	0.3031896551724138	0.0	1.0	0.0	1.0	0.0	0.05	0.0	30
0.006896551724137932	0.3031896551724138	0.0	1.0	0.0	1.0	0.0	0.05	0.0	30
0.008620689655172415	0.3031896551724138	0.0	1.0	0.0	1.0	0.0	0.05	0.0	30
0.010344827586206898	0.3031896551724138	0.0	1.0	0.0	1.0	0.0	0.05	0.0	30
0.012068965517241381	0.3031896551724138	0.0	1.0	0.0	1.0	0.0	0.05	0.0	30
0.013793103448275864	0.3031896551724138	0.0	1.0	0.0	1.0	0.0	0.05	0.0	30
0.015517241379310346	0.3031896551724138	0.0	1.0	0.0	1.0	0.0	0.05	0.0	30
0.01724137931034483	0.3031896551724138	0.0	1.0	0.0	1.0	0.0	0.05	0.0	30
0.018965517241379314	0.3031896551724138	0.0	1.0	0.0	1.0	0.0	0.05	0.0	30
0.020689655172413796	0.3031896551724138	0.0	1.0	0.0	1.0	0.0	0.05	0.0	30
0.02241379310344828	0.3031896551724138	0.0	1.0	0.0	1.0	0.0	0.05	0.0	30
0.024137931034482762	0.3031896551724138	0.0	1.0	0.0	1.0	0.0	0.05	0.0	30
0.025862068965517244	0.3031896551724138	0.0	1.0	0.0	1.0	0.0	0.05	0.0	30
0.027586206896551727	0.3031896551724138	0.0	1.0	0.0	1.0	0.0	0.05	0.0	30
0.02931034482758621	0.3031896551724138	0.0	1.0	0.0	1.0	0.0	0.05	0.0	30
0.031034482758620693	0.3031896551724138	0.0	1.0	0.0	1.0	0.0	0.05	0.0	30
0.032758620689655175	0.3031896551724138	0.0	1.0	0.0	1.0	0.0	0.05	0.0	30
0.03448275862068966	0.3031896551724138	0.0	1.0	0.0	1.0	0.0	0.05	0.0	30
0.03620689655172414	0.3031896551724138	0.0	1.0	0.0	1.0	0.0	0.05	0.0	30
0.03793103448275863	0.3031896551724138	0.0	1.0	0.0	1.0	0.0	0.05	0.0	30
0.039655172413793106	0.3031896551724138	0.0	1.0	0.0	1.0	0.0	0.05	0.0	30
0.04137931034482759	0.3031896551724138	0.0	1.0	0.0	1.0	0.0	0.05	0.0	30
0.04310344827586207	0.3031896551724138	0.0	1.0	0.0	1.0	0.0	0.05	0.0	30
0.04482758620689656	0.3031896551724138	0.0	1.0	0.0	1.0	0.0	0.05	0.0	30
0.04655172413793104	0.3031896551724138	0.0	1.0	0.0	1.0	0.0	0.05	0.0	30
0.048275862068965524	0.3031896551724138	0.0	1.0	0.0	1.0	0.0	0.05	0.0	30
0.05	0.3031896551724138	0.0	1.0	0.0	1.0	0.0	0.05	0.0	30
BLADE SECTION
0.0	0.3059741379310345	0.0	1.0	0.0	1.0	0.0	0.05	0.0	30
0.001724137931034483	0.3059741379310345	0.0	1.0	0.0	1.0	0.0	0.05	0.0	30
0.003448275862068966	0.3059741379310345	0.0	1.0	0.0	1.0	0.0	0.05	0.0	30
0.005172413793103449	0.3059741379310345	0.0	1.0	0.0	1.0	0.0	0.05	0.0	30
0.006896551724137932	0.3059741379310345	0.0	1.0	0.0	1.0	0.0	0.05	0.0	30
0.008620689655172415	0.3059741379310345	0.0	1.0	0.0	1.0	0.0	0.05	0.0	30
0.010344827586206898	0.3059741379310345	0.0	1.0	0.0	1.0	0.0	0.05	0.0	30
0.012068965517241381	0.3059741379310345	0.0	1.0	0.0	1.0	0.0	0.05	0.0	30
0.013793103448275864	0.3059741379310345	0.0	1.0	0.0	1.0	0.0	0.05	0.0	30
0.015517241379310346	0.3059741379310345	0.0	1.0	0.0	1.0	0.0	0.05	0.0	30
0.01724137931034483	0.3059741379310345	0.0	1.0	0.0	1.0	0.0	0.05	0.0	30
0.018965517241379314	0.3059741379310345	0.0	1.0	0.0	1.0	0.0	0.05	0.0	30
0.020689655172413796	0.3059741379310345	0.0	1.0	0.0	1.0	0.0	0.05	0.0	30
0.02241379310344828	0.3059741379310345	0.0	1.0	0.0	1.0	0.0	0.05	0.0	30
0.024137931034482762	0.3059741379310345	0.0	1.0	0.0	1.0	0.0	0.05	0.0	30
0.025862068965517244	0.3059741379310345	0.0	1.0	0.0	1.0	0.0	0.05	0.0	30
0.027586206896551727	0.3059741379310345	0.0	1.0	0.0	1.0	0.0	0.05	0.0	30
0.02931034482758621	0.3059741379310345	0.0	1.0	0.0	1.0	0.0	0.05	0.0	30
0.031034482758620693	0.3059741379310345	0.0	1.0	0.0	1.0	0.0	0.05	0.0	30
0.032758620689655175	0.3059741379310345	0.0	1.0	0.0	1.0	0.0	0.05	0.0	30
0.03448275862068966	0.3059741379310345	0.0	1.0	0.0	1.0	0.0	0.05	0.0	30
0.03620689655172414	0.3059741379310345	0.0	1.0	0.0	1.0	0.0	0.05	0.0	30
0.03793103448275863	0.3059741379310345	0.0	1.0	0.0	1.0	0.0	0.05	0.0	30
0.039655172413793106	0.3059741379310345	0.0	1.0	0.0	1.0	0.0	0.05	0.0	30
0.04137931034482759	0.3059741379310345	0.0	1.0	0.0	1.0	0.0	0.05	0.0	30
0.04310344827586207	0.3059741379310345	0.0	1.0	0.0	1.0	0.0	0.05	0.0	30
0.04482758620689656	0.3059741379310345	0.0	1.0	0.0	1.0	0.0	0.05	0.0	30
0.04655172413793104	0.3059741379310345	0.0	1.0	0.0	1.0	0.0	0.05	0.0	30
0.048275862068965524	0.3059741379310345	0.0	1.0	0.0	1.0	0.0	0.05	0.0	30
0.05	0.3059741379310345	0.0	1.0	0.0	1.0	0.0	0.05	0.0	30
BLADE SECTION
0.0	0.3087586206896552	0.0	1.0	0.0	1.0	0.0	0.05	0.0	30
0.001724137931034483	0.3087586206896552	0.0	1.0	0.0	1.0	0.0	0.05	0.0	30
0.003448275862068966	0.3087586206896552	0.0	1.0	0.0	1.0	0.0	0.05	0.0	30
0.005172413793103449	0.3087586206896552	0.0	1.0	0.0	1.0	0.0	0.05	0.0	30
0.006896551724137932	0.3087586206896552	0.0	1.0	0.0	1.0	0.0	0.05	0.0	30
0.008620689655172415	0.3087586206896552	0.0	1.0	0.0	1.0	0.0	0.05	0.0	30
0.010344827586206898	0.3087586206896552	0.0	1.0	0.0	1.0	0.0	0.05	0.0	30
0.012068965517241381	0.3087586206896552	0.0	1.0	0.0	1.0	0.0	0.05	0.0	30
0.013793103448275864	0.3087586206896552	0.0	1.0	0.0	1.0	0.0	0.05	0.0	30
0.015517241379310346	0.3087586206896552	0.0	1.0	0.0	1.0	0.0	0.05	0.0	30
0.01724137931034483	0.3087586206896552	0.0	1.0	0.0	1.0	0.0	0.05	0.0	30
0.018965517241379314	0.3087586206896552	0.0	1.0	0.0	1.0	0.0	0.05	0.0	30
0.020689655172413796	0.3087586206896552	0.0	1.0	0.0	1.0	0.0	0.05	0.0	30
0.02241379310344828	0.3087586206896552	0.0	1.0	0.0	1.0	0.0	0.05	0.0	30
0.024137931034482762	0.3087586206896552	0.0	1.0	0.0	1.0	0.0	0.05	0.0	30
0.025862068965517244	0.3087586206896552	0.0	1.0	0.0	1.0	0.0	0.05	0.0	30
0.027586206896551727	0.3087586206896552	0.0	1.0	0.0	1.0	0.0	0.05	0.0	30
0.02931034482758621	0.3087586206896552	0.0	1.0	0.0	1.0	0.0	0.05	0.0	30
0.031034482758620693	0.3087586206896552	0.0	1.0	0.0	1.0	0.0	0.05	0.0	30
0.032758620689655175	0.3087586206896552	0.0	1.0	0.0	1.0	0.0	0.05	0.0	30
0.03448275862068966	0.3087586206896552	0.0	1.0	0.0	1.0	0.0	0.05	0.0	30
0.03620689655172414	0.3087586206896552	0.0	1.0	0.0	1.0	0.0	0.05	0.0	30
0.03793103448275863	0.3087586206896552	0.0	1.0	0.0	1.0	0.0	0.05	0.0	30
0.039655172413793106	0.3087586206896552	0.0	1.0	0.0	1.0	0.0	0.05	0.0	30
0.04137931034482759	0.3087586206896552	0.0	1.0	0.0	1.0	0.0	0.05	0.0	30
0.04310344827586207	0.3087586206896552	0.0	1.0	0.0	1.0	0.0	0.05	0.0	30
0.04482758620689656	0.3087586206896552	0.0	1.0	0.0	1.0	0.0	0.05	0.0	30
0.04655172413793104	0.3087586206896552	0.0	1.0	0.0	1.0	0.0	0.05	0.0	30
0.048275862068965524	0.3087586206896552	0.0	1.0	0.0	1.0	0.0	0.05	0.0	30
0.05	0.3087586206896552	0.0	1.0	0.0	1.0	0.0	0.05	0.0	30
BLADE SECTION
0.0	0.3115431034482759	0.0	1.0	0.0	1.0	0.0	0.05	0.0	30
0.001724137931034483	0.3115431034482759	0.0	1.0	0.0	1.0	0.0	0.05	0.0	30
0.003448275862068966	0.3115431034482759	0.0	1.0	0.0	1.0	0.0	0.05	0.0	30
0.005172413793103449	0.3115431034482759	0.0	1.0	0.0	1.0	0.0	0.05	0.0	30
0.006896551724137932	0.3115431034482759	0.0	1.0	0.0	1.0	0.0	0.05	0.0	30
0.008620689655172415	0.3115431034482759	0.0	1.0	0.0	1.0	0.0	0.05	0.0	30
0.010344827586206898	0.3115431034482759	0.0	1.0	0.0	1.0	0.0	0.05	0.0	30
0.012068965517241381	0.3115431034482759	0.0	1.0	0.0	1.0	0.0	0.05	0.0	30
0.013793103448275864	0.3115431034482759	0.0	1.0	0.0	1.0	0.0	0.05	0.0	30
0.015517241379310346	0.3115431034482759	0.0	1.0	0.0	1.0	0.0	0.05	0.0	30
0.01724137931034483	0.3115431034482759	0.0	1.0	0.0	1.0	0.0	0.05	0.0	30
0.018965517241379314	0.3115431034482759	0.0	1.0	0.0	1.0	0.0	0.05	0.0	30
0.020689655172413796	0.3115431034482759	0.0	1.0	0.0	1.0	0.0	0.05	0.0	30
0.02241379310344828	0.3115431034482759	0.0	1.0	0.0	1.0	0.0	0.05	0.0	30
0.024137931034482762	0.3115431034482759	0.0	1.0	0.0	1.0	0.0	0.05	0.0	30
0.025862068965517244	0.3115431034482759	0.0	1.0	0.0	1.0	0.0	0.05	0.0	30
0.027586206896551727	0.3115431034482759	0.0	1.0	0.0	1.0	0.0	0.05	0.0	30
0.02931034482758621	0.3115431034482759	0.0	1.0	0.0	1.0	0.0	0.05	0.0	30
0.031034482758620693	0.3115431034482759	0.0	1.0	0.0	1.0	0.0	0.05	0.0	30
0.032758620689655175	0.3115431034482759	0.0	1.0	0.0	1.0	0.0	0.05	0.0	30
0.03448275862068966	0.3115431034482759	0.0	1.0	0.0	1.0	0.0	0.05	0.0	30
0.03620689655172414	0.3115431034482759	0.0	1.0	0.0	1.0	0.0	0.05	0.0	30
0.03793103448275863	0.3115431034482759	0.0	1.0	0.0	1.0	0.0	0.05	0.0	30
0.039655172413793106	0.3115431034482759	0.0	1.0	0.0	1.0	0.0	0.05	0.0	30
0.04137931034482759	0.3115431034482759	0.0	1.0	0.0	1.0	0.0	0.05	0.0	30
0.04310344827586207	0.3115431034482759	0.0	1.0	0.0	1.0	0.0	0.05	0.0	30
0.04482758620689656	0.3115431034482759	0.0	1.0	0.0	1.0	0.0	0.05	0.0	30
0.04655172413793104	0.3115431034482759	0.0	1.0	0.0	1.0	0.0	0.05	0.0	30
0.048275862068965524	0.3115431034482759	0.0	1.0	0.0	1.0	0.0	0.05	0.0	30
0.05	0.3115431034482759	0.0	1.0	0.0	1.0	0.0	0.05	0.0	30
BLADE SECTION
0.0	0.3143275862068966	0.0	1.0	0.0	1.0	0.0	0.05	0.0	30
0.001724137931034483	0.3143275862068966	0.0	1.0	0.0	1.0	0.0	0.05	0.0	30
0.003448275862068966	0.3143275862068966	0.0	1.0	0.0	1.0	0.0	0.05	0.0	30
0.005172413793103449	0.3143275862068966	0.0	1.0	0.0	1.0	0.0	0.05	0.0	30
0.006896551724137932	0.3143275862068966	0.0	1.0	0.0	1.0	0.0	0.05	0.0	30
0.008620689655172415	0.3143275862068966	0.0	1.0	0.0	1.0	0.0	0.05	0.0	30
0.010344827586206898	0.3143275862068966	0.0	1.0	0.0	1.0	0.0	0.05	0.0	30
0.012068965517241381	0.3143275862068966	0.0	1.0	0.0	1.0	0.0	0.05	0.0	30
0.013793103448275864	0.3143275862068966	0.0	1.0	0.0	1.0	0.0	0.05	0.0	30
0.015517241379310346	0.3143275862068966	0.0	1.0	0.0	1.0	0.0	0.05	0.0	30
0.01724137931034483	0.3143275862068966	0.0	1.0	0.0	1.0	0.0	0.05	0.0	30
0.018965517241379314	0.3143275862068966	0.0	1.0	0.0	1.0	0.0	0.05	0.0	30
0.020689655172413796	0.3143275862068966	0.0	1.0	0.0	1.0	0.0	0.05	0.0	30
0.02241379310344828	0.3143275862068966	0.0	1.0	0.0	1.0	0.0	0.05	0.0	30
0.024137931034482762	0.3143275862068966	0.0	1.0	0.0	1.0	0.0	0.05	0.0	30
0.025862068965517244	0.3143275862068966	0.0	1.0	0.0	1.0	0.0	0.05	0.0	30
0.027586206896551727	0.3143275862068966	0.0	1.0	0.0	1.0	0.0	0.05	0.0	30
0.02931034482758621	0.3143275862068966	0.0	1.0	0.0	1.0	0.0	0.05	0.0	30
0.031034482758620693	0.3143275862068966	0.0	1.0	0.0	1.0	0.0	0.05	0.0	30
0.032758620689655175	0.3143275862068966	0.0	1.0	0.0	1.0	0.0	0.05	0.0	30
0.03448275862068966	0.3143275862068966	0.0	1.0	0.0	1.0	0.0	0.05	0.0	30
0.03620689655172414	0.3143275862068966	0.0	1.0	0.0	1.0	0.0	0.05	0.0	30
0.03793103448275863	0.3143275862068966	0.0	1.0	0.0	1.0	0.0	0.05	0.0	30
0.039655172413793106	0.3143275862068966	0.0	1.0	0.0	1.0	0.0	0.05	0.0	30
0.04137931034482759	0.3143275862068966	0.0	1.0	0.0	1.0	0.0	0.05	0.0	30
0.04310344827586207	0.3143275862068966	0.0	1.0	0.0	1.0	0.0	0.05	0.0	30
0.04482758620689656	0.3143275862068966	0.0	1.0	0.0	1.0	0.0	0.05	0.0	30
0.04655172413793104	0.3143275862068966	0.0	1.0	0.0	1.0	0.0	0.05	0.0	30
0.048275862068965524	0.3143275862068966	0.0	1.0	0.0	1.0	0.0	0.05	0.0	30
0.05	0.3143275862068966	0.0	1.0	0.0	1.0	0.0	0.05	0.0	30
BLADE SECTION
0.0	0.31711206896551725	0.0	1.0	0.0	1.0	0.0	0.05	0.0	30
0.001724137931034483	0.31711206896551725	0.0	1.0	0.0	1.0	0.0	0.05	0.0	30
0.003448275862068966	0.31711206896551725	0.0	1.0	0.0	1.0	0.0	0.05	0.0	30
0.005172413793103449	0.31711206896551725	0.0	1.0	0.0	1.0	0.0	0.05	0.0	30
0.006896551724137932	0.31711206896551725	0.0	1.0	0.0	1.0	0.0	0.05	0.0	30
0.008620689655172415	0.31711206896551725	0.0	1.0	0.0	1.0	0.0	0.05	0.0	30
0.010344827586206898	0.31711206896551725	0.0	1.0	0.0	1.0	0.0	0.05	0.0	30
0.012068965517241381	0.31711206896551725	0.0	1.0	0.0	1.0	0.0	0.05	0.0	30
0.013793103448275864	0.31711206896551725	0.0	1.0	0.0	1.0	0.0	0.05	0.0	30
0.015517241379310346	0.31711206896551725	0.0	1.0	0.0	1.0	0.0	0.05	0.0	30
0.01724137931034483	0.31711206896551725	0.0	1.0	0.0	1.0	0.0	0.05	0.0	30
0.018965517241379314	0.31711206896551725	0.0	1.0	0.0	1.0	0.0	0.05	0.0	30
0.020689655172413796	0.31711206896551725	0.0	1.0	0.0	1.0	0.0	0.05	0.0	30
0.02241379310344828	0.31711206896551725	0.0	1.0	0.0	1.0	0.0	0.05	0.0	30
0.024137931034482762	0.31711206896551725	0.0	1.0	0.0	1.0	0.0	0.05	0.0	30
0.025862068965517244	0.31711206896551725	0.0	1.0	0.0	1.0	0.0	0.05	0.0	30
0.027586206896551727	0.31711206896551725	0.0	1.0	0.0	1.0	0.0	0.05	0.0	30
0.02931034482758621	0.31711206896551725	0.0	1.0	0.0	1.0	0.0	0.05	0.0	30
0.031034482758620693	0.31711206896551725	0.0	1.0	0.0	1.0	0.0	0.05	0.0	30
0.032758620689655175	0.31711206896551725	0.0	1.0	0.0	1.0	0.0	0.05	0.0	30
0.03448275862068966	0.31711206896551725	0.0	1.0	0.0	1.0	0.0	0.05	0.0	30
0.03620689655172414	0.31711206896551725	0.0	1.0	0.0	1.0	0.0	0.05	0.0	30
0.03793103448275863	0.31711206896551725	0.0	1.0	0.0	1.0	0.0	0.05	0.0	30
0.039655172413793106	0.31711206896551725	0.0	1.0	0.0	1.0	0.0	0.05	0.0	30
0.04137931034482759	0.31711206896551725	0.0	1.0	0.0	1.0	0.0	0.05	0.0	30
0.04310344827586207	0.31711206896551725	0.0	1.0	0.0	1.0	0.0	0.05	0.0	30
0.04482758620689656	0.31711206896551725	0.0	1.0	0.0	1.0	0.0	0.05	0.0	30
0.04655172413793104	0.31711206896551725	0.0	1.0	0.0	1.0	0.0	0.05	0.0	30
0.048275862068965524	0.31711206896551725	0.0	1.0	0.0	1.0	0.0	0.05	0.0	30
0.05	0.31711206896551725	0.0	1.0	0.0	1.0	0.0	0.05	0.0	30
BLADE SECTION
0.0	0.31989655172413795	0.0	1.0	0.0	1.0	0.0	0.05	0.0	30
0.001724137931034483	0.31989655172413795	0.0	1.0	0.0	1.0	0.0	0.05	0.0	30
0.003448275862068966	0.31989655172413795	0.0	1.0	0.0	1.0	0.0	0.05	0.0	30
0.005172413793103449	0.31989655172413795	0.0	1.0	0.0	1.0	0.0	0.05	0.0	30
0.006896551724137932	0.31989655172413795	0.0	1.0	0.0	1.0	0.0	0.05	0.0	30
0.008620689655172415	0.31989655172413795	0.0	1.0	0.0	1.0	0.0	0.05	0.0	30
0.010344827586206898	0.31989655172413795	0.0	1.0	0.0	1.0	0.0	0.05	0.0	30
0.012068965517241381	0.31989655172413795	0.0	1.0	0.0	1.0	0.0	0.05	0.0	30
0.013793103448275864	0.31989655172413795	0.0	1.0	0.0	1.0	0.0	0.05	0.0	30
0.015517241379310346	0.31989655172413795	0.0	1.0	0.0	1.0	0.0	0.05	0.0	30
0.01724137931034483	0.31989655172413795	0.0	1.0	0.0	1.0	0.0	0.05	0.0	30
0.018965517241379314	0.31989655172413795	0.0	1.0	0.0	1.0	0.0	0.05	0.0	30
0.020689655172413796	0.31989655172413795	0.0	1.0	0.0	1.0	0.0	0.05	0.0	30
0.02241379310344828	0.31989655172413795	0.0	1.0	0.0	1.0	0.0	0.05	0.0	30
0.024137931034482762	0.31989655172413795	0.0	1.0	0.0	1.0	0.0	0.05	0.0	30
0.025862068965517244	0.31989655172413795	0.0	1.0	0.0	1.0	0.0	0.05	0.0	30
0.027586206896551727	0.31989655172413795	0.0	1.0	0.0	1.0	0.0	0.05	0.0	30
0.02931034482758621	0.31989655172413795	0.0	1.0	0.0	1.0	0.0	0.05	0.0	30
0.031034482758620693	0.31989655172413795	0.0	1.0	0.0	1.0	0.0	0.05	0.0	30
0.032758620689655175	0.31989655172413795	0.0	1.0	0.0	1.0	0.0	0.05	0.0	30
0.03448275862068966	0.31989655172413795	0.0	1.0	0.0	1.0	0.0	0.05	0.0	30
0.03620689655172414	0.31989655172413795	0.0	1.0	0.0	1.0	0.0	0.05	0.0	30
0.03793103448275863	0.31989655172413795	0.0	1.0	0.0	1.0	0.0	0.05	0.0	30
0.039655172413793106	0.31989655172413795	0.0	1.0	0.0	1.0	0.0	0.05	0.0	30
0.04137931034482759	0.31989655172413795	0.0	1.0	0.0	1.0	0.0	0.05	0.0	30
0.04310344827586207	0.31989655172413795	0.0	1.0	0.0	1.0	0.0	0.05	0.0	30
0.04482758620689656	0.31989655172413795	0.0	1.0	0.0	1.0	0.0	0.05	0.0	30
0.04655172413793104	0.31989655172413795	0.0	1.0	0.0	1.0	0.0	0.05	0.0	30
0.048275862068965524	0.31989655172413795	0.0	1.0	0.0	1.0	0.0	0.05	0.0	30
0.05	0.31989655172413795	0.0	1.0	0.0	1.0	0.0	0.05	0.0	30
BLADE SECTION
0.0	0.32268103448275864	0.0	1.0	0.0	1.0	0.0	0.05	0.0	30
0.001724137931034483	0.32268103448275864	0.0	1.0	0.0	1.0	0.0	0.05	0.0	30
0.003448275862068966	0.32268103448275864	0.0	1.0	0.0	1.0	0.0	0.05	0.0	30
0.005172413793103449	0.32268103448275864	0.0	1.0	0.0	1.0	0.0	0.05	0.0	30
0.006896551724137932	0.32268103448275864	0.0	1.0	0.0	1.0	0.0	0.05	0.0	30
0.008620689655172415	0.32268103448275864	0.0	1.0	0.0	1.0	0.0	0.05	0.0	30
0.010344827586206898	0.32268103448275864	0.0	1.0	0.0	1.0	0.0	0.05	0.0	30
0.012068965517241381	0.32268103448275864	0.0	1.0	0.0	1.0	0.0	0.05	0.0	30
0.013793103448275864	0.32268103448275864	0.0	1.0	0.0	1.0	0.0	0.05	0.0	30
0.015517241379310346	0.32268103448275864	0.0	1.0	0.0	1.0	0.0	0.05	0.0	30
0.01724137931034483	0.32268103448275864	0.0	1.0	0.0	1.0	0.0	0.05	0.0	30
0.018965517241379314	0.32268103448275864	0.0	1.0	0.0	1.0	0.0	0.05	0.0	30
0.020689655172413796	0.32268103448275864	0.0	1.0	0.0	1.0	0.0	0.05	0.0	30
0.02241379310344828	0.32268103448275864	0.0	1.0	0.0	1.0	0.0	0.05	0.0	30
0.024137931034482762	0.32268103448275864	0.0	1.0	0.0	1.0	0.0	0.05	0.0	30
0.025862068965517244	0.32268103448275864	0.0	1.0	0.0	1.0	0.0	0.05	0.0	30
0.027586206896551727	0.32268103448275864	0.0	1.0	0.0	1.0	0.0	0.05	0.0	30
0.02931034482758621	0.32268103448275864	0.0	1.0	0.0	1.0	0.0	0.05	0.0	30
0.031034482758620693	0.32268103448275864	0.0	1.0	0.0	1.0	0.0	0.05	0.0	30
0.032758620689655175	0.32268103448275864	0.0	1.0	0.0	1.0	0.0	0.05	0.0	30
0.03448275862068966	0.32268103448275864	0.0	1.0	0.0	1.0	0.0	0.05	0.0	30
0.03620689655172414	0.32268103448275864	0.0	1.0	0.0	1.0	0.0	0.05	0.0	30
0.03793103448275863	0.32268103448275864	0.0	1.0	0.0	1.0	0.0	0.05	0.0	30
0.039655172413793106	0.32268103448275864	0.0	1.0	0.0	1.0	0.0	0.05	0.0	30
0.04137931034482759	0.32268103448275864	0.0	1.0	0.0	1.0	0.0	0.05	0.0	30
0.04310344827586207	0.32268103448275864	0.0	1.0	0.0	1.0	0.0	0.05	0.0	30
0.04482758620689656	0.32268103448275864	0.0	1.0	0.0	1.0	0.0	0.05	0.0	30
0.04655172413793104	0.32268103448275864	0.0	1.0	0.0	1.0	0.0	0.05	0.0	30
0.048275862068965524	0.32268103448275864	0.0	1.0	0.0	1.0	0.0	0.05	0.0	30
0.05	0.32268103448275864	0.0	1.0	0.0	1.0	0.0	0.05	0.0	30
BLADE SECTION
0.0	0.32546551724137934	0.0	1.0	0.0	1.0	0.0	0.05	0.0	30
0.001724137931034483	0.32546551724137934	0.0	1.0	0.0	1.0	0.0	0.05	0.0	30
0.003448275862068966	0.32546551724137934	0.0	1.0	0.0	1.0	0.0	0.05	0.0	30
0.005172413793103449	0.32546551724137934	0.0	1.0	0.0	1.0	0.0	0.05	0.0	30
0.006896551724137932	0.32546551724137934	0.0	1.0	0.0	1.0	0.0	0.05	0.0	30
0.008620689655172415	0.32546551724137934	0.0	1.0	0.0	1.0	0.0	0.05	0.0	30
0.010344827586206898	0.32546551724137934	0.0	1.0	0.0	1.0	0.0	0.05	0.0	30
0.012068965517241381	0.32546551724137934	0.0	1.0	0.0	1.0	0.0	0.05	0.0	30
0.013793103448275864	0.32546551724137934	0.0	1.0	0.0	1.0	0.0	0.05	0.0	30
0.015517241379310346	0.32546551724137934	0.0	1.0	0.0	1.0	0.0	0.05	0.0	30
0.01724137931034483	0.32546551724137934	0.0	1.0	0.0	1.0	0.0	0.05	0.0	30
0.018965517241379314	0.32546551724137934	0.0	1.0	0.0	1.0	0.0	0.05	0.0	30
0.020689655172413796	0.32546551724137934	0.0	1.0	0.0	1.0	0.0	0.05	0.0	30
0.02241379310344828	0.32546551724137934	0.0	1.0	0.0	1.0	0.0	0.05	0.0	30
0.024137931034482762	0.32546551724137934	0.0	1.0	0.0	1.0	0.0	0.05	0.0	30
0.025862068965517244	0.32546551724137934	0.0	1.0	0.0	1.0	0.0	0.05	0.0	30
0.027586206896551727	0.32546551724137934	0.0	1.0	0.0	1.0	0.0	0.05	0.0	30
0.02931034482758621	0.32546551724137934	0.0	1.0	0.0	1.0	0.0	0.05	0.0	30
0.031034482758620693	0.32546551724137934	0.0	1.0	0.0	1.0	0.0	0.05	0.0	30
0.032758620689655175	0.32546551724137934	0.0	1.0	0.0	1.0	0.0	0.05	0.0	30
0.03448275862068966	0.32546551724137934	0.0	1.0	0.0	1.0	0.0	0.05	0.0	30
0.03620689655172414	0.32546551724137934	0.0	1.0	0.0	1.0	0.0	0.05	0.0	30
0.03793103448275863	0.32546551724137934	0.0	1.0	0.0	1.0	0.0	0.05	0.0	30
0.039655172413793106	0.32546551724137934	0.0	1.0	0.0	1.0	0.0	0.05	0.0	30
0.04137931034482759	0.32546551724137934	0.0	1.0	0.0	1.0	0.0	0.05	0.0	30
0.04310344827586207	0.32546551724137934	0.0	1.0	0.0	1.0	0.0	0.05	0.0	30
0.04482758620689656	0.32546551724137934	0.0	1.0	0.0	1.0	0.0	0.05	0.0	30
0.04655172413793104	0.32546551724137934	0.0	1.0	0.0	1.0	0.0	0.05	0.0	30
0.048275862068965524	0.32546551724137934	0.0	1.0	0.0	1.0	0.0	0.05	0.0	30
0.05	0.32546551724137934	0.0	1.0	0.0	1.0	0.0	0.05	0.0	30
BLADE SECTION
0.0	0.32825000000000004	0.0	1.0	0.0	1.0	0.0	0.05	0.0	30
0.001724137931034483	0.32825000000000004	0.0	1.0	0.0	1.0	0.0	0.05	0.0	30
0.003448275862068966	0.32825000000000004	0.0	1.0	0.0	1.0	0.0	0.05	0.0	30
0.005172413793103449	0.32825000000000004	0.0	1.0	0.0	1.0	0.0	0.05	0.0	30
0.006896551724137932	0.32825000000000004	0.0	1.0	0.0	1.0	0.0	0.05	0.0	30
0.008620689655172415	0.32825000000000004	0.0	1.0	0.0	1.0	0.0	0.05	0.0	30
0.010344827586206898	0.32825000000000004	0.0	1.0	0.0	1.0	0.0	0.05	0.0	30
0.012068965517241381	0.32825000000000004	0.0	1.0	0.0	1.0	0.0	0.05	0.0	30
0.013793103448275864	0.32825000000000004	0.0	1.0	0.0	1.0	0.0	0.05	0.0	30
0.015517241379310346	0.32825000000000004	0.0	1.0	0.0	1.0	0.0	0.05	0.0	30
0.01724137931034483	0.32825000000000004	0.0	1.0	0.0	1.0	0.0	0.05	0.0	30
0.018965517241379314	0.32825000000000004	0.0	1.0	0.0	1.0	0.0	0.05	0.0	30
0.020689655172413796	0.32825000000000004	0.0	1.0	0.0	1.0	0.0	0.05	0.0	30
0.02241379310344828	0.32825000000000004	0.0	1.0	0.0	1.0	0.0	0.05	0.0	30
0.024137931034482762	0.32825000000000004	0.0	1.0	0.0	1.0	0.0	0.05	0.0	30
0.025862068965517244	0.32825000000000004	0.0	1.0	0.0	1.0	0.0	0.05	0.0	30
0.027586206896551727	0.32825000000000004	0.0	1.0	0.0	1.0	0.0	0.05	0.0	30
0.02931034482758621	0.32825000000000004	0.0	1.0	0.0	1.0	0.0	0.05	0.0	30
0.031034482758620693	0.32825000000000004	0.0	1.0	0.0	1.0	0.0	0.05	0.0	30
0.032758620689655175	0.32825000000000004	0.0	1.0	0.0	1.0	0.0	0.05	0.0	30
0.03448275862068966	0.32825000000000004	0.0	1.0	0.0	1.0	0.0	0.05	0.0	30
0.03620689655172414	0.32825000000000004	0.0	1.0	0.0	1.0	0.0	0.05	0.0	30
0.03793103448275863	0.32825000000000004	0.0	1.0	0.0	1.0	0.0	0.05	0.0	30
0.039655172413793106	0.32825000000000004	0.0	1.0	0.0	1.0	0.0	0.05	0.0	30
0.04137931034482759	0.32825000000000004	0.0	1.0	0.0	1.0	0.0	0.05	0.0	30
0.04310344827586207	0.32825000000000004	0.0	1.0	0.0	1.0	0.0	0.05	0.0	30
0.04482758620689656	0.32825000000000004	0.0	1.0	0.0	1.0	0.0	0.05	0.0	30
0.04655172413793104	0.32825000000000004	0.0	1.0	0.0	1.0	0.0	0.05	0.0	30
0.048275862068965524	0.32825000000000004	0.0	1.0	0.0	1.0	0.0	0.05	0.0	30
0.05	0.32825000000000004	0.0	1.0	0.0	1.0	0.0	0.05	0.0	30
