ax	f_p	Tds_dax
-0.09	1.23660926269	-0.0	0.0360366234003	0.233824766474	0.0974701059704
-0.0897597597598	1.23660926269	-0.0	0.0360366212956	0.233824766474	0.0974701040775
-0.0895195195195	1.23660926269	-0.0	0.0360366160238	0.233824827046	0.0974701324708
-0.0892792792793	1.23660926269	-0.0	0.0360366149749	0.233824766474	0.0974701267921
-0.089039039039	1.23660926269	-0.0	0.0360366160374	0.233824766474	0.0974700946131
-0.0887987987988	1.23660926269	-0.0	0.0360366170999	0.233824827046	0.0974701173277
-0.0885585585586	1.23660926269	-0.0	0.0360366171067	0.23382479676	0.0974701267921
-0.0883183183183	1.23660926269	-0.0	0.0360366139464	0.23382479676	0.0974701230064
-0.0880780780781	1.23660926269	-0.0	0.0360366160646	0.233824827046	0.0974701248992
-0.0878378378378	1.23660926269	-0.0	0.0360366181828	0.233824827046	0.0974701173277
-0.0875975975976	1.23660926269	-0.0	0.0360366171339	0.233824766474	0.097470111649
-0.0873573573574	1.23660926269	-0.0	0.0360366129178	0.233824766474	0.0974701192206
-0.0871171171171	1.23660926269	-0.0	0.0360366192589	0.23382479676	0.0974701230064
-0.0868768768769	1.23660926269	-0.0	0.0360366213772	0.23382479676	0.0974701059704
-0.0866366366366	1.23660926269	-0.0	0.0360366118825	0.233824766474	0.0974701230064
-0.0863963963964	1.23660926269	-0.0	0.0360366161122	0.233824766474	0.097470128685
-0.0861561561562	1.23660926269	-0.0	0.0360366192861	0.23382479676	0.0974701135419
-0.0859159159159	1.23660926269	-0.0	0.0360366161257	0.23382479676	0.0974701324708
-0.0856756756757	1.23660926269	-0.0	0.0360366140211	0.233824766474	0.0974701305779
-0.0854354354354	1.23660926269	-0.0	0.0360366161393	0.233824827046	0.0974701078633
-0.0851951951952	1.23660926269	-0.0	0.036036620369	0.233824857332	0.0974701135419
-0.084954954955	1.23660926269	-0.0	0.0360366172086	0.233824766474	0.0974701230064
-0.0847147147147	1.23660926269	-0.0	0.036036615104	0.233824766474	0.0974701192206
-0.0844744744745	1.23660926269	-0.0	0.0360366193337	0.23382479676	0.0974701211135
-0.0842342342342	1.23660926269	-0.0	0.0360366193405	0.233824766474	0.0974701192206
-0.083993993994	1.23660926269	-0.0	0.0360366119572	0.233824827046	0.0974701192206
-0.0837537537538	1.23660926269	-0.0	0.0360366151312	0.233824827046	0.0974701248992
-0.0835135135135	1.23660926269	-0.0	0.0360366193608	0.233824766474	0.0974701248992
-0.0832732732733	1.23660926269	-0.0	0.0360366172562	0.233824766474	0.0974701211135
-0.083033033033	1.23660926269	-0.0	0.0360366183187	0.23382479676	0.0974701135419
-0.0827927927928	1.23660926269	-0.0	0.0360366183255	0.23382479676	0.0974701324708
-0.0825525525526	1.23660926269	-0.0	0.0360366162209	0.23382479676	0.0974701267921
-0.0823123123123	1.23660926269	-0.0	0.0360366130605	0.23382479676	0.0974701078633
-0.0820720720721	1.23660926269	-0.0	0.0360366172902	0.233824766474	0.0974701230064
-0.0818318318318	1.23660926269	-0.0	0.0360366194084	0.233824827046	0.0974701343637
-0.0815915915916	1.23660926269	-0.0	0.0360366173038	0.233824827046	0.0974701267921
-0.0813513513514	1.23660926269	-0.0	0.0360366162548	0.233824766474	0.0974701211135
-0.0811111111111	1.23660926269	-0.0	0.0360366173174	0.233824766474	0.0974701154348
-0.0808708708709	1.23660926269	-0.0	0.0360366173242	0.23382479676	0.0974701154348
-0.0806306306306	1.23660926269	-0.0	0.0360366120524	0.233824827046	0.0974701211135
-0.0803903903904	1.23660926269	-0.0	0.0360366173377	0.23382479676	0.0974701343637
-0.0801501501502	1.23660926269	-0.0	0.0360366205117	0.233824736188	0.097470128685
-0.0799099099099	1.23660926269	-0.0	0.0360366152399	0.233824766474	0.0974701211135
-0.0796696696697	1.23660926269	-0.0	0.0360366173581	0.233824827046	0.0974701343637
-0.0794294294294	1.23660926269	-0.0	0.0360366173649	0.233824827046	0.0974701173277
-0.0791891891892	1.23660926269	-0.0	0.0360366173717	0.23382479676	0.0974701173277
-0.0789489489489	1.23660926269	-0.0	0.0360366173785	0.233824766474	0.097470128685
-0.0787087087087	1.23660926269	-0.0	0.0360366163296	0.233824766474	0.0974701173277
-0.0784684684685	1.23660926269	-0.0	0.0360366173921	0.23382479676	0.097470128685
-0.0782282282282	1.23660926269	-0.0	0.0360366163432	0.23382479676	0.0974701343637
-0.077987987988	1.23660926269	-0.0	0.0360366174057	0.233824827046	0.0974701173277
-0.0777477477477	1.23660926269	-0.0	0.193954021767	0.166719721983	0.0129812540365
-0.0775075075075	1.23660926348	-0.0	0.469082229739	0.0498072781738	-0.134217679454
-0.0772672672673	1.23660926486	-0.0	0.586293044073	0.0	-0.196927764796
-0.077027027027	1.23660926625	-0.0	0.586293052807	0.0	-0.196927740188
-0.0767867867868	1.23660926763	-0.0	0.586293047816	0.0	-0.196927706116
-0.0765465465465	1.23660926901	-0.0	0.586293047048	0.0	-0.196927738295
-0.0763063063063	1.23660927039	-0.0	0.586293047336	0.0	-0.19692774776
-0.0760660660661	1.23660927177	-0.0	0.586293044457	0.0	-0.196927743974
-0.0758258258258	1.23660927316	-0.0	0.586293046856	0.0	-0.196927728831
-0.0755855855856	1.23660927454	-0.0	0.586293047144	0.0	-0.196927723152
-0.0753453453453	1.23660927592	-0.0	0.586293046376	0.0	-0.196927736403
-0.0751051051051	1.2366092773	-0.0	0.58629304772	0.0	-0.196927730724
-0.0748648648649	1.23660927868	-0.0	0.586293050119	0.0	-0.196927730724
-0.0746246246246	1.23660928007	-0.0	0.586293048295	0.0	-0.196927736403
-0.0743843843844	1.23660928145	-0.0	0.586293048583	3.0286173569e-08	-0.196927730724
-0.0741441441441	1.23660928283	-0.0	0.586293049927	0.0	-0.196927726938
-0.0739039039039	1.23660928421	-0.0	0.58629304388	-3.0286173569e-08	-0.196927728831
-0.0736636636637	1.2366092856	-0.0	0.586293051558	0.0	-0.196927719367
-0.0734234234234	1.23660928698	-0.0	0.586293055013	0.0	-0.196927728831
-0.0731831831832	1.23660928836	-0.0	0.586293048967	0.0	-0.196927732617
-0.0729429429429	1.23660928974	-0.0	0.58629305031	0.0	-0.196927713688
-0.0727027027027	1.23660929112	-0.0	0.58629305271	0.0	-0.196927715581
-0.0724624624625	1.23660929251	-0.0	0.586293052997	3.0286173569e-08	-0.196927728831
-0.0722222222222	1.23660929389	-0.0	0.586293050118	0.0	-0.196927726938
-0.071981981982	1.23660929527	-0.0	0.586293052517	-3.0286173569e-08	-0.196927713688
-0.0717417417417	1.23660929665	-0.0	0.586293052805	0.0	-0.196927728831
-0.0715015015015	1.23660929803	-0.0	0.586293050982	0.0	-0.19692773451
-0.0712612612613	1.23660929942	-0.0	0.586293051269	0.0	-0.196927713688
-0.071021021021	1.2366093008	-0.0	0.586293052613	0.0	-0.196927698545
-0.0707807807808	1.23660930218	-0.0	0.586293051845	0.0	-0.196927709902
-0.0705405405405	1.23660930356	-0.0	0.586293051077	0.0	-0.196927719367
-0.0703003003003	1.23660930495	-0.0	0.586293055588	0.0	-0.196927706116
-0.0700600600601	1.23660930633	-0.0	0.586293052709	0.0	-0.196927717474
-0.0698198198198	1.23660930771	-0.0	0.586293056164	0.0	-0.196927717474
-0.0695795795796	1.23660930909	-0.0	0.586293055396	0.0	-0.196927721259
-0.0693393393393	1.23660931047	-0.0	0.586293053572	0.0	-0.196927713688
-0.0690990990991	1.23660931186	-0.0	0.586293058083	0.0	-0.196927702331
-0.0688588588589	1.23660931324	-0.0	0.586293055203	0.0	-0.196927719367
-0.0686186186186	1.23660931462	-0.0	0.586293055491	0.0	-0.196927715581
-0.0683783783784	1.236609316	-0.0	0.586293055779	0.0	-0.196927702331
-0.0681381381381	1.23660931738	-0.0	0.586293056067	0.0	-0.196927683402
-0.0678978978979	1.23660931877	-0.0	0.586293056355	0.0	-0.196927696652
-0.0676576576577	1.23660932015	-0.0	0.586293057698	0.0	-0.196927717474
-0.0674174174174	1.23660932153	-0.0	0.586293060098	0.0	-0.196927721259
-0.0671771771772	1.23660932291	-0.0	0.586293058274	0.0	-0.196927713688
-0.0669369369369	1.2366093243	-0.0	0.58629305645	0.0	-0.196927692866
-0.0666966966967	1.23660932568	-0.0	0.586293057794	0.0	-0.196927683402
-0.0664564564565	1.23660932706	-0.0	0.586293057026	0.0	-0.196927696652
-0.0662162162162	1.23660932844	-0.0	0.58629305837	0.0	-0.196927719367
-0.065975975976	1.23660932982	-0.0	0.586293058657	0.0	-0.196927706116
-0.0657357357357	1.23660933121	-0.0	0.586293062112	0.0	-0.196927687188
-0.0654954954955	1.23660933259	-0.0	0.586293060289	0.0	-0.196927683402
-0.0652552552553	1.23660933397	-0.0	0.586293058465	0.0	-0.196927704224
-0.065015015015	1.23660933535	-0.0	0.586293059809	0.0	-0.196927704224
-0.0647747747748	1.23660933673	-0.0	0.586293054818	0.0	-0.196927698545
-0.0645345345345	1.23660933812	-0.0	0.58629306144	0.0	-0.196927702331
-0.0642942942943	1.2366093395	-0.0	0.586293061728	0.0	-0.196927685295
-0.0640540540541	1.23660934088	-0.0	0.586293062016	0.0	-0.196927692866
-0.0638138138138	1.23660934226	-0.0	0.586293060192	0.0	-0.196927687188
-0.0635735735736	1.23660934364	-0.0	0.586293063647	0.0	-0.196927677723
-0.0633333333333	1.23660934503	-0.0	0.586293062879	0.0	-0.196927706116
-0.0630930930931	1.23660934641	-0.0	0.586293058944	0.0	-0.196927709902
-0.0628528528529	1.23660934779	-0.0	0.586293064511	0.0	-0.196927687188
-0.0626126126126	1.23660934917	-0.0	0.586293064799	0.0	-0.19692767583
-0.0623723723724	1.23660935056	-0.0	0.586293066142	0.0	-0.196927673937
-0.0621321321321	1.23660935194	-0.0	0.586293063263	0.0	-0.19692768908
-0.0618918918919	1.23660935332	-0.0	0.586293064606	0.0	-0.196927690973
-0.0616516516517	1.2366093547	-0.0	0.586293063839	0.0	-0.196927677723
-0.0614114114114	1.23660935608	-0.0	0.586293063071	0.0	-0.196927700438
-0.0611711711712	1.23660935747	-0.0	0.58629306547	0.0	-0.19692768908
-0.0609309309309	1.23660935885	-0.0	0.586293065758	0.0	-0.196927664473
-0.0606906906907	1.23660936023	-0.0	0.58629306499	0.0	-0.19692767583
-0.0604504504505	1.23660936161	-0.0	0.586293065278	0.0	-0.196927694759
-0.0602102102102	1.23660936299	-0.0	0.0465601175149	0.0190670845768	-0.0476628959404
-0.05996996997	1.23660936273	-0.0	-0.935531397661	0.0537613804227	0.223937546036
-0.0597297297297	1.23660936112	-0.0	-1.37788996662	0.0693885311193	0.346273117265
-0.0594894894895	1.23660935951	-0.0	-1.37788996615	0.0693884402608	0.346273111586
-0.0592492492492	1.2366093579	-0.0	-1.37788996462	0.0693884099746	0.346273157015
-0.059009009009	1.23660935629	-0.0	-1.37788996204	0.0693885008332	0.346273141872
-0.0587687687688	1.23660935468	-0.0	-1.37788996157	0.0693885614055	0.346273124836
-0.0585285285285	1.23660935307	-0.0	-1.37788996322	0.0693885008332	0.346273136194
-0.0582882882883	1.23660935146	-0.0	-1.37788995958	0.069388470547	0.346273143765
-0.058048048048	1.23660934985	-0.0	-1.37788995383	0.0693885311193	0.346273138086
-0.0578078078078	1.23660934824	-0.0	-1.37788995336	0.0693885311193	0.346273141872
-0.0575675675676	1.23660934663	-0.0	-1.37788995712	0.069388470547	0.346273147551
-0.0573273273273	1.23660934502	-0.0	-1.37788995348	0.0693885008332	0.346273158908
-0.0570870870871	1.23660934341	-0.0	-1.37788994984	0.0693885008332	0.346273157015
-0.0568468468468	1.23660934179	-0.0	-1.37788994937	0.069388470547	0.34627315323
-0.0566066066066	1.23660934018	-0.0	-1.37788994785	0.069388470547	0.34627316648
-0.0563663663664	1.23660933857	-0.0	-1.37788994949	0.0693885008332	0.346273162694
-0.0561261261261	1.23660933696	-0.0	-1.37788994797	0.069388470547	0.346273145658
-0.0558858858859	1.23660933535	-0.0	-1.37788994222	0.0693885614055	0.346273162694
-0.0556456456456	1.23660933374	-0.0	-1.37788993858	0.0693885614055	0.346273172158
-0.0554054054054	1.23660933213	-0.0	-1.37788993917	0.0693883796885	0.346273158908
-0.0551651651652	1.23660933052	-0.0	-1.37788994081	0.0693884099746	0.346273175944
-0.0549249249249	1.23660932891	-0.0	-1.37788994245	0.0693885311193	0.346273174051
-0.0546846846847	1.2366093273	-0.0	-1.37788993459	0.0693885311193	0.346273172158
-0.0544444444444	1.23660932569	-0.0	-1.3778899299	0.0693885008332	0.346273175944
-0.0542042042042	1.23660932408	-0.0	-1.37788993365	0.0693885614055	0.346273183516
-0.053963963964	1.23660932247	-0.0	-1.37788993213	0.0693885916917	0.346273198659
-0.0537237237237	1.23660932086	-0.0	-1.37788993272	0.069388470547	0.346273177837
-0.0534834834835	1.23660931925	-0.0	-1.37788993014	0.0693884402608	0.346273177837
-0.0532432432432	1.23660931764	-0.0	-1.3778899265	0.0693885008332	0.346273208123
-0.053003003003	1.23660931603	-0.0	-1.37788992286	0.0693885008332	0.346273198659
-0.0527627627628	1.23660931441	-0.0	-1.37788992028	0.0693885008332	0.346273174051
-0.0525225225225	1.2366093128	-0.0	-1.37788992615	0.0693885311193	0.346273198659
-0.0522822822823	1.23660931119	-0.0	-1.37788992145	0.0693885311193	0.346273210016
-0.052042042042	1.23660930958	-0.0	-1.37788991571	0.069388470547	0.346273200552
-0.0518018018018	1.23660930797	-0.0	-1.37788991735	0.0693885311193	0.346273204337
-0.0515615615616	1.23660930636	-0.0	-1.37788991477	0.0693885311193	0.346273208123
-0.0513213213213	1.23660930475	-0.0	-1.37788991641	0.0693884099746	0.346273221373
-0.0510810810811	1.23660930314	-0.0	-1.37788991488	0.0693884402608	0.346273213802
-0.0508408408408	1.23660930153	-0.0	-1.37788991019	0.0693885311193	0.34627319298
-0.0506006006006	1.23660929992	-0.0	-1.37788990972	0.0693885614055	0.34627320623
-0.0503603603604	1.23660929831	-0.0	-1.37788991031	0.0693885008332	0.346273228945
-0.0501201201201	1.2366092967	-0.0	-1.37788990245	0.069388470547	0.346273221373
-0.0498798798799	1.23660929509	-0.0	-1.37788990304	0.0693885614055	0.346273221373
-0.0496396396396	1.23660929348	-0.0	-1.3778899089	0.0693885008332	0.346273228945
-0.0493993993994	1.23660929187	-0.0	-1.37788990104	0.0693884402608	0.346273213802
-0.0491591591592	1.23660929026	-0.0	-1.37788989846	0.069388470547	0.346273230838
-0.0489189189189	1.23660928865	-0.0	-1.37788989905	0.069388470547	0.346273234624
-0.0486786786787	1.23660928704	-0.0	-1.37788989858	0.0693885008332	0.346273227052
-0.0484384384384	1.23660928542	-0.0	-1.37788989917	0.0693885614055	0.346273236516
-0.0481981981982	1.23660928381	-0.0	-1.37788989342	0.0693885008332	0.346273244088
-0.047957957958	1.2366092822	-0.0	-1.37788989084	0.069388470547	0.346273240302
-0.0477177177177	1.23660928059	-0.0	-1.37788989037	0.0693885008332	0.346273244088
-0.0474774774775	1.23660927898	-0.0	-1.37788989095	0.069388470547	0.34627325166
-0.0472372372372	1.23660927737	-0.0	-1.37788988943	0.069388470547	0.34627325166
-0.046996996997	1.23660927576	-0.0	-1.37788988579	0.0693885311193	0.346273259231
-0.0467567567568	1.23660927415	-0.0	-1.37788988743	0.0693885311193	0.346273259231
-0.0465165165165	1.23660927254	-0.0	-0.874383072591	-0.00867059834491	0.193820638106
-0.0462762762763	1.23660927131	-0.0	0.546137295614	-0.228895086002	-0.236286873383
-0.046036036036	1.23660927078	-0.0	1.4631508444	-0.371060383623	-0.513941725887
-0.0457957957958	1.23660927024	-0.0	1.46315084054	-0.371060413909	-0.513941718316
-0.0455555555556	1.23660926971	-0.0	1.46315084091	-0.371060504767	-0.513941725887
-0.0453153153153	1.23660926918	-0.0	1.46315084656	-0.371060383623	-0.513941712637
-0.0450750750751	1.23660926864	-0.0	1.4631508501	-0.371060383623	-0.513941729673
-0.0448348348348	1.23660926811	-0.0	1.46315084519	-0.371060504767	-0.513941695601
-0.0445945945946	1.23660926758	-0.0	1.46315084767	-0.371060474481	-0.513941689923
-0.0443543543544	1.23660926705	-0.0	1.46315085121	-0.371060383623	-0.513941708851
-0.0441141141141	1.23660926651	-0.0	1.46315085474	-0.371060444195	-0.513941686137
-0.0438738738739	1.23660926598	-0.0	1.46315085194	-0.371060413909	-0.513941708851
-0.0436336336336	1.23660926545	-0.0	1.4631508502	-0.371060413909	-0.513941697494
-0.0433933933934	1.23660926491	-0.0	1.46315085479	-0.371060444195	-0.513941670994
-0.0431531531532	1.23660926438	-0.0	1.46315085833	-0.371060413909	-0.513941669101
-0.0429129129129	1.23660926385	-0.0	1.46315086081	-0.371060504767	-0.513941670994
-0.0426726726727	1.23660926331	-0.0	1.46315086223	-0.371060413909	-0.51394168803
-0.0424324324324	1.23660926278	-0.0	1.46315086472	-0.371060383623	-0.513941669101
-0.0421921921922	1.23660926225	-0.0	1.46315086297	-0.371060504767	-0.513941659636
-0.041951951952	1.23660926171	-0.0	1.46315086018	-0.371060413909	-0.513941661529
-0.0417117117117	1.23660926118	-0.0	1.46315086688	-0.371060383623	-0.513941661529
-0.0414714714715	1.23660926065	-0.0	1.46315086936	-0.371060474481	-0.513941653958
-0.0412312312312	1.23660926011	-0.0	1.46315086656	-0.371060444195	-0.513941638815
-0.040990990991	1.23660925958	-0.0	1.4631508701	-0.371060383623	-0.513941638815
-0.0407507507508	1.23660925905	-0.0	1.46315086836	-0.371060474481	-0.513941627457
-0.0405105105105	1.23660925851	-0.0	1.46315087506	-0.371060474481	-0.513941635029
-0.0402702702703	1.23660925798	-0.0	1.46315087754	-0.371060444195	-0.513941652065
-0.04003003003	1.23660925745	-0.0	1.46315087369	-0.371060383623	-0.513941636922
-0.0397897897898	1.23660925691	-0.0	1.46315087722	-0.371060383623	-0.513941619886
-0.0395495495495	1.23660925638	-0.0	1.46315087759	-0.371060504767	-0.513941635029
-0.0393093093093	1.23660925585	-0.0	1.46315088007	-0.371060413909	-0.513941619886
-0.0390690690691	1.23660925531	-0.0	1.46315088466	-0.371060444195	-0.513941599064
-0.0388288288288	1.23660925478	-0.0	1.46315088292	-0.371060504767	-0.513941612314
-0.0385885885886	1.23660925425	-0.0	1.4631508854	-0.371060444195	-0.51394160285
-0.0383483483483	1.23660925371	-0.0	1.46315088999	-0.371060383623	-0.51394160285
-0.0381081081081	1.23660925318	-0.0	1.46315088403	-0.371060353336	-0.513941599064
-0.0378678678679	1.23660925265	-0.0	1.46315088545	-0.371060444195	-0.51394160285
-0.0376276276276	1.23660925211	-0.0	1.46315089005	-0.371060474481	-0.513941597171
-0.0373873873874	1.23660925158	-0.0	1.46315089147	-0.371060413909	-0.513941583921
-0.0371471471471	1.23660925105	-0.0	1.46315089395	-0.371060444195	-0.513941591493
-0.0369069069069	1.23660925051	-0.0	1.46315089749	-0.371060383623	-0.513941585814
-0.0366666666667	1.23660924998	-0.0	1.4631508968	-0.371060444195	-0.513941574457
-0.0364264264264	1.23660924945	-0.0	1.46315089611	-0.371060504767	-0.513941566885
-0.0361861861862	1.23660924891	-0.0	1.46315090071	-0.371060474481	-0.513941572564
-0.0359459459459	1.23660924838	-0.0	1.46315089896	-0.371060383623	-0.513941547956
-0.0357057057057	1.23660924785	-0.0	0.317234116143	0.0903000133803	-0.0953348285179
-0.0354654654655	1.23660924974	-0.0	-1.43540723578	0.795935148471	0.544910116338
-0.0352252252252	1.23660925291	-0.0	-2.04213179955	1.04021006828	0.766548358791
-0.034984984985	1.23660925607	-0.0	-2.04213179539	1.04021015914	0.766548372042
-0.0347447447447	1.23660925924	-0.0	-2.04213179333	1.04021012885	0.76654839097
-0.0345045045045	1.23660926241	-0.0	-2.04213178917	1.04020997742	0.76654837772
-0.0342642642643	1.23660926558	-0.0	-2.04213179028	1.04021009856	0.766548396649
-0.034024024024	1.23660926875	-0.0	-2.04213178823	1.04021012885	0.766548408006
-0.0337837837838	1.23660927192	-0.0	-2.04213178195	1.04021009856	0.766548409899
-0.0335435435435	1.23660927509	-0.0	-2.04213178307	1.04021012885	0.76654842315
-0.0333033033033	1.23660927826	-0.0	-2.04213178207	1.0402100077	0.766548428828
-0.0330630630631	1.23660928143	-0.0	-2.04213177685	1.04021003799	0.76654842315
-0.0328228228228	1.2366092846	-0.0	-2.04213177691	1.04021012885	0.76654842315
-0.0325825825826	1.23660928777	-0.0	-2.04213176958	1.04021006828	0.766548447757
-0.0323423423423	1.23660929094	-0.0	-2.04213176752	1.04021006828	0.766548461007
-0.0321021021021	1.23660929411	-0.0	-2.04213177392	1.04021012885	0.766548464793
-0.0318618618619	1.23660929728	-0.0	-2.04213176764	1.04021009856	0.766548453436
-0.0316216216216	1.23660930045	-0.0	-2.04213176664	1.04021012885	0.766548464793
-0.0313813813814	1.23660930362	-0.0	-2.04213176565	1.04021009856	0.766548491293
-0.0311411411411	1.23660930679	-0.0	-2.04213176042	1.04021003799	0.766548491293
-0.0309009009009	1.23660930995	-0.0	-2.04213175943	1.04021003799	0.766548485615
-0.0306606606607	1.23660931312	-0.0	-2.04213175421	1.04021006828	0.766548495079
-0.0304204204204	1.23660931629	-0.0	-2.04213175954	1.04021009856	0.766548506436
-0.0301801801802	1.23660931946	-0.0	-2.0421317596	1.04021012885	0.76654852158
-0.0299399399399	1.23660932263	-0.0	-2.04213175333	1.04021006828	0.766548527258
-0.0296996996997	1.2366093258	-0.0	-2.04213174705	1.04021003799	0.76654853483
-0.0294594594595	1.23660932897	-0.0	-2.042131745	1.04021003799	0.766548538616
-0.0292192192192	1.23660933214	-0.0	-2.04213174717	1.04021006828	0.766548544294
-0.028978978979	1.23660933531	-0.0	-2.04213174511	1.04021012885	0.766548559437
-0.0287387387387	1.23660933848	-0.0	-2.04213173884	1.04021009856	0.766548546187
-0.0284984984985	1.23660934165	-0.0	-2.0421317389	1.04021012885	0.766548555652
-0.0282582582583	1.23660934482	-0.0	-2.0421317379	1.04021003799	0.766548578366
-0.028018018018	1.23660934799	-0.0	-2.04213173162	1.04021006828	0.766548576473
-0.0277777777778	1.23660935116	-0.0	-2.04213173062	1.04021012885	0.766548601081
-0.0275375375375	1.23660935433	-0.0	-2.04213173174	1.04021003799	0.766548610545
-0.0272972972973	1.2366093575	-0.0	-0.256131762445	0.276284255506	-0.0430059765335
-0.0270570570571	1.23660935356	-0.0	1.97345928588	-0.677378771161	-1.05363063273
-0.0268168168168	1.23660934786	-0.0	2.4170503637	-0.867116045629	-1.25470072266
-0.0265765765766	1.23660934216	-0.0	2.41705036506	-0.867116015343	-1.2547007132
-0.0263363363363	1.23660933646	-0.0	2.41705037276	-0.867115985056	-1.2547006848
-0.0260960960961	1.23660933076	-0.0	2.4170503794	-0.867116045629	-1.25470065641
-0.0258558558559	1.23660932506	-0.0	2.41705037864	-0.867115985056	-1.25470064505
-0.0256156156156	1.23660931936	-0.0	2.41705038423	-0.867115985056	-1.25470061287
-0.0253753753754	1.23660931366	-0.0	2.41705038664	-0.867116075915	-1.25470059394
-0.0251351351351	1.23660930796	-0.0	2.41705038801	-0.867116045629	-1.25470060909
-0.0248948948949	1.23660930226	-0.0	2.41705039042	-0.867116015343	-1.25470057691
-0.0246546546547	1.23660929656	-0.0	2.41705039073	-0.867116045629	-1.25470053526
-0.0244144144144	1.23660929086	-0.0	2.41705039948	-0.867116075915	-1.2547005258
-0.0241741741742	1.23660928516	-0.0	2.41705040612	-0.867115985056	-1.25470050687
-0.0239339339339	1.23660927946	-0.0	2.41705040114	-0.867116015343	-1.25470050309
-0.0236936936937	1.23660927376	-0.0	2.41705040884	-0.867116015343	-1.25470048605
-0.0234534534535	1.23660926805	-0.0	2.41705041759	-0.867116015343	-1.25470043494
-0.0232132132132	1.23660926235	-0.0	2.41705041578	-0.867116015343	-1.25470042358
-0.022972972973	1.23660925665	-0.0	2.41705041926	-0.867116075915	-1.25470043873
-0.0227327327327	1.23660925095	-0.0	2.41705042378	-0.867116075915	-1.25470040655
-0.0224924924925	1.23660924525	-0.0	2.4170504262	-0.867115985056	-1.25470038383
-0.0222522522523	1.23660923955	-0.0	2.41705042862	-0.867115985056	-1.25470035733
-0.022012012012	1.23660923385	-0.0	2.41705043631	-0.867115985056	-1.25470034219
-0.0217717717718	1.23660922815	-0.0	2.41705043451	-0.867116045629	-1.25470031948
-0.0215315315315	1.23660922245	-0.0	2.41705043692	-0.867116015343	-1.25470029865
-0.0212912912913	1.23660921675	-0.0	2.41705045095	-0.867115985056	-1.25470030055
-0.0210510510511	1.23660921105	-0.0	2.41705044915	-0.867116045629	-1.2547002589
-0.0208108108108	1.23660920535	-0.0	0.360620142791	0.113748931835	-0.0861691894158
-0.0205705705706	1.23660920898	-0.0	-2.58693066481	1.51965576297	1.58872576304
-0.0203303303303	1.23660921666	-0.0	-3.47805116769	1.94469752578	2.09508968766
-0.0200900900901	1.23660922433	-0.0	-3.47805116636	1.94469749549	2.09508973309
-0.0198498498498	1.23660923201	-0.0	-3.47805115871	1.94469749549	2.09508978798
-0.0196096096096	1.23660923968	-0.0	-3.47805115105	1.94469755606	2.09508984666
-0.0193693693694	1.23660924735	-0.0	-3.47805114761	1.94469755606	2.09508989777
-0.0191291291291	1.23660925503	-0.0	-3.47805113889	1.94469749549	2.09508995455
-0.0188888888889	1.2366092627	-0.0	-3.4780511344	1.94469758635	2.09509002459
-0.0186486486486	1.23660927038	-0.0	-3.47805112991	1.94469764692	2.09509007002
-0.0184084084084	1.23660927805	-0.0	-3.47805112542	1.94469752578	2.09509011356
-0.0181681681682	1.23660928573	-0.0	-3.47805112304	1.94469743492	2.0950901817
-0.0179279279279	1.2366092934	-0.0	-3.47805110904	1.94469746521	2.09509022334
-0.0176876876877	1.23660930108	-0.0	-3.47805110455	1.94469746521	2.09509028392
-0.0174474474474	1.23660930875	-0.0	-3.47805110534	1.94469758635	2.09509035963
-0.0172072072072	1.23660931643	-0.0	-3.47805109873	1.94469764692	2.09509040128
-0.016966966967	1.2366093241	-0.0	-3.47805109002	1.94469746521	2.09509044292
-0.0167267267267	1.23660933178	-0.0	-3.47805108553	1.94469749549	2.09509050349
-0.0164864864865	1.23660933945	-0.0	-3.47805108103	1.94469758635	2.09509056785
-0.0162462462462	1.23660934713	-0.0	-3.47805107443	1.94469755606	2.09509062274
-0.016006006006	1.2366093548	-0.0	-3.47805106994	1.94469752578	2.09509067006
-0.0157657657658	1.23660936247	-0.0	-0.0101443939287	-0.50000846195	0.232177132381
-0.0155255255255	1.23660935629	-0.0	5.07505355167	-4.0848262478	-2.49952380289
-0.0152852852853	1.23660934365	-0.0	6.69234483328	-5.22493813678	-3.36831114747
-0.015045045045	1.23660933101	-0.0	6.69234484604	-5.22493813678	-3.36831102443
-0.0148048048048	1.23660931837	-0.0	6.69234486303	-5.22493807621	-3.36831085975
-0.0145645645646	1.23660930573	-0.0	6.69234487368	-5.22493813678	-3.3683107121
-0.0143243243243	1.23660929309	-0.0	6.6923448875	-5.22493810649	-3.36831058339
-0.0140840840841	1.23660928045	-0.0	6.69234490237	-5.22493813678	-3.36831044521
-0.0138438438438	1.23660926781	-0.0	6.69234491408	-5.22493816707	-3.36831029377
-0.0136036036036	1.23660925516	-0.0	6.69234493001	-5.22493804592	-3.36831016695
-0.0133633633634	1.23660924252	-0.0	6.69234494382	-5.22493807621	-3.36831002498
-0.0131231231231	1.23660922988	-0.0	6.69234495447	-5.22493813678	-3.36830986977
-0.0128828828829	1.23660921724	-0.0	6.69234497357	-5.22493813678	-3.36830972969
-0.0126426426426	1.2366092046	-0.0	6.69234498528	-5.22493813678	-3.36830958205
-0.0124024024024	1.23660919196	-0.0	6.69234499909	-5.22493813678	-3.36830944576
-0.0121621621622	1.23660917932	-0.0	6.69234501502	-5.22493816707	-3.36830931705
-0.0119219219219	1.23660916667	-0.0	4.25922138005	-3.26867262529	-1.47705280455
-0.0116816816817	1.23660917035	-0.0	-1.27622860811	1.18190683879	2.8256284448
-0.0114414414414	1.23660919484	-0.0	-4.37855494665	3.67622067024	5.23705341068
-0.0112012012012	1.23660921933	-0.0	-4.37855493939	3.67622060967	5.23705376276
-0.010960960961	1.23660924382	-0.0	-4.37855493213	3.67622070053	5.23705409023
-0.0107207207207	1.23660926831	-0.0	-4.3785549312	3.67622070053	5.23705438552
-0.0104804804805	1.2366092928	-0.0	-4.37855492605	3.67622060967	5.23705472435
-0.0102402402402	1.23660931729	-0.0	-4.37855491456	3.67622063995	5.23705505749
-0.01	1.23660934178	-0.0	-4.37855491258	3.67622063995	5.23705538496
-0.00975975975976	1.23660936626	-0.0	-4.37855490954	3.67622063995	5.23705570108
-0.00951951951952	1.23660939075	-0.0	-4.37855490228	3.67622067024	5.23705601908
-0.00927927927928	1.23660941524	-0.0	-4.37855489924	3.67622063995	5.23705635601
-0.00903903903904	1.23660943973	-0.0	-4.37855489198	3.6762205491	5.23705667591
-0.0087987987988	1.23660946422	-0.0	-0.195488864751	1.22998235356	-1.32809818536
-0.00855855855856	1.23660944677	-0.0	4.29220743166	-1.3944022041	-8.37135774149
-0.00831831831832	1.23660942627	-0.0	4.59683770876	-1.57254868736	-8.84946174165
-0.00807807807808	1.23660940576	-0.0	4.59683771839	-1.57254877822	-8.84946065892
-0.00783783783784	1.23660938526	-0.0	4.59683773119	-1.57254868736	-8.84945960458
-0.0075975975976	1.23660936475	-0.0	4.59683774504	-1.5725485965	-8.84945854835
-0.00735735735736	1.23660934425	-0.0	4.596837761	-1.57254868736	-8.84945748077
-0.00711711711712	1.23660932375	-0.0	4.59683777275	-1.57254871765	-8.84945642075
-0.00687687687688	1.23660930324	-0.0	4.59683778238	-1.57254868736	-8.84945534559
-0.00663663663664	1.23660928274	-0.0	0.0959393826641	1.66889091352	-5.01817941001
-0.0063963963964	1.23660928614	-0.0	-13.1158067833	11.1836752483	6.22798369507
-0.00615615615616	1.23660933581	-0.0	-21.8266543976	17.4570198914	13.6428725814
-0.00591591591592	1.23660938549	-0.0	-21.8266542567	17.4570198914	13.6428749589
-0.00567567567568	1.23660943516	-0.0	-21.826654118	17.4570198914	13.6428773023
-0.00543543543544	1.23660948483	-0.0	-21.8266539793	17.4570198914	13.6428796381
-0.0051951951952	1.2366095345	-0.0	-21.8266538374	17.4570199217	13.6428819758
-0.00495495495495	1.23660958417	-0.0	-21.2212715542	16.8427263415	13.299906508
-0.00471471471471	1.23660963041	-0.0	8.80734346954	-13.6279165553	-3.71273053133
-0.00447447447447	1.23660950986	-0.0	38.2305763268	-43.4842659324	-20.3823886559
-0.00423423423423	1.23660938931	-0.0	38.2305764288	-43.4842659627	-20.3823841167
-0.00399399399399	1.23660926876	-0.0	38.2305765235	-43.4842659021	-20.3823795606
-0.00375375375375	1.23660914821	-0.0	38.2305766223	-43.4842658718	-20.3823749779
-0.00351351351351	1.23660902766	-0.0	17.8221908386	-21.1193466281	-8.09742949853
-0.00327327327327	1.23660903952	-0.0	-26.2221466413	27.1474816292	18.415310846
-0.00303303303303	1.23660920472	-0.0	-49.858097951	53.0493905215	32.6431141459
-0.00279279279279	1.23660936993	-0.0	-49.8580976621	53.0493905821	32.6431264724
-0.00255255255255	1.23660953513	-0.0	-29.0973257371	34.5242141769	21.0052591082
-0.00231231231231	1.23660959192	-0.0	47.1854480946	-33.5441537516	-21.7566074005
-0.00207207207207	1.23660935876	-0.0	102.707453382	-83.0873452749	-52.8805835654
-0.00183183183183	1.2366091256	-0.0	87.7514601066	-69.1711400546	-43.6728203463
-0.00159159159159	1.23660897932	-0.0	-23.297429294	34.157256964	24.6949986821
-0.00135135135135	1.23660939127	-0.0	-119.390322132	123.569448611	83.8551123247
-0.00111111111111	1.23660980321	-0.0	8.39440025734	-6.69392991658	-4.9536994499
-0.000870870870871	1.23660937154	-0.0	137.78778156	-140.833963556	-96.93732901
-0.000630630630631	1.23660888753	-0.0	-122.680653982	102.183841088	63.392544193
-0.00039039039039	1.23660975558	-0.0	27.7138964607	-36.8310668609	-31.2463323345
-0.00015015015015	1.23660846723	-0.0	161.324677679	-172.242989621	-72.1169303184
9.00900900901e-05	1.23660882547	992.769264461	719.423272104	-990.683679462	141.724962459
0.00033033033033	1.23660283899	1451.17044839	1594.48377634	-2180.72091651	253.805461364
0.000570570570571	1.23659618029	1237.06433046	1324.38115157	-1822.98631506	199.957919753
0.000810810810811	1.23659227523	1167.68301214	997.227761068	-1314.71161734	20.1858475906
0.00105105105105	1.23658853948	1107.19978922	978.277881486	-1285.27062321	9.77294134438
0.00129129129129	1.23658480372	1046.71620086	1017.09729814	-1357.85572696	77.0561739789
0.00153153153153	1.2365807618	1017.43009426	1058.94399931	-1436.10135738	149.586875769
0.00177177177177	1.236576696	990.576758577	1061.97123024	-1441.76188383	154.834961321
0.00201201201201	1.23657263019	963.723246312	1061.97113745	-1441.76188383	154.836014903
0.00225225225225	1.23656856439	936.86955746	983.130946552	-1318.77583248	117.424698586
0.00249249249249	1.23656515253	919.169339413	878.991768616	-1156.32473336	68.0077805197
0.00273273273273	1.23656195051	904.406350645	853.692700943	-1116.85968573	56.0028567156
0.00297297297297	1.2365587485	889.643285421	853.692665351	-1116.85968576	56.0031589508
0.00321321321321	1.23655554648	874.880143739	853.692629753	-1116.85968573	56.003461203
0.00345345345345	1.23655234446	860.116925601	853.918952169	-1123.48275415	67.32806574
0.00369369369369	1.23654911102	848.017035858	854.391277432	-1137.30389995	90.9602304799
0.00393393393393	1.23654584342	838.811729589	854.637236668	-1144.50197742	103.268217036
0.00417417417417	1.23654257583	829.606374668	854.637185697	-1144.50197736	103.268767474
0.00441441441441	1.23653930824	820.400971097	854.637134723	-1144.50197726	103.269317903
0.00465465465465	1.23653604065	811.195518875	854.637083752	-1144.50197726	103.269868331
0.00489489489489	1.23653277305	801.990018001	846.522648565	-1133.39891021	100.291870517
0.00513513513514	1.23652956394	793.246186301	794.486016461	-1062.19625453	81.1912729144
0.00537537537538	1.23652667132	787.001541146	750.563779571	-1002.09666575	65.0691014513
0.00561561561562	1.23652377871	780.756866775	750.563741786	-1002.09666572	65.0694077392
0.00585585585586	1.2365208861	774.512163187	750.563704009	-1002.09666566	65.0697140479
0.0060960960961	1.23651799349	768.267430382	750.563666228	-1002.09666563	65.0700203263
0.00633633633634	1.23651510088	762.022668361	750.563628449	-1002.09666578	65.0703266046
0.00657657657658	1.23651220827	755.777877122	750.563590669	-1002.09666575	65.0706329133
0.00681681681682	1.23650931566	749.533056666	741.593219851	-997.218880754	71.9142542398
0.00705705705706	1.23650649018	744.792123755	731.179565616	-991.556286815	79.8589573832
0.0072972972973	1.2365036755	740.293141857	729.736243601	-990.771477565	80.9603770481
0.00753753753754	1.23650086082	735.794139477	729.736199731	-990.771477474	80.9607463747
0.00777777777778	1.23649804614	731.295116614	729.736155864	-990.771477625	80.961115707
0.00801801801802	1.23649523145	726.796073269	729.736111997	-990.771477535	80.961485045
0.00825825825826	1.23649241677	722.29700944	729.736068125	-990.771477474	80.9618543792
0.0084984984985	1.23648960209	717.797925129	729.736024257	-990.771477565	80.9622237324
0.00873873873874	1.23648678741	713.298820335	719.252259828	-966.98055092	75.7023052317
0.00897897897898	1.23648407729	709.552719619	703.860676658	-932.052181204	67.9798081795
0.00921921921922	1.2364814161	706.15912296	698.952819294	-920.914738254	65.5175554636
0.00945945945946	1.23647875492	702.765511694	698.952792332	-920.914738436	65.5178377837
0.0096996996997	1.23647609374	699.37188582	698.95276536	-920.914738314	65.5181201058
0.00993993993994	1.23647343256	695.978245339	698.95273839	-920.914738284	65.5184024505
0.0101801801802	1.23647077138	692.584590249	698.952711422	-920.914738345	65.5186847782
0.0104204204204	1.2364681102	689.190920552	698.952684455	-920.914738254	65.5189670851
0.0106606606607	1.23646544901	685.797236246	698.952657493	-920.914738345	65.5192494261
0.0109009009009	1.23646278783	682.403537333	687.841662526	-913.83564868	67.4626769277
0.0111411411411	1.23646017935	679.536209823	672.21533507	-903.879725208	70.1957752613
0.0113813813814	1.23645759228	676.882785927	667.699973596	-901.002891493	70.985735862
0.0116216216216	1.23645500521	674.229350928	667.699939361	-901.002891432	70.9860330545
0.0118618618619	1.23645241814	671.575904825	667.699905118	-901.002891372	70.9863302376
0.0121021021021	1.23644983106	668.922447619	667.699870884	-901.002891493	70.9866274188
0.0123423423423	1.23644724399	666.268979308	667.699836653	-901.002891523	70.9869246284
0.0125825825826	1.23644465692	663.615499893	667.699802408	-901.002891493	70.9872218058
0.0128228228228	1.23644206985	660.962009375	667.699768173	-901.002891432	70.9875190078
0.0130630630631	1.23643948278	658.308507752	667.086098246	-899.836086733	70.74745984
0.0133033033033	1.23643690344	655.684066911	656.176816255	-879.092569531	66.4746750418
0.0135435435435	1.23643445378	653.54738604	645.881176994	-859.515856938	62.4422217994
0.0137837837838	1.23643200412	651.410696703	645.881150225	-859.515857059	62.4424692961
0.014024024024	1.23642955446	649.273998899	645.881123451	-859.515857089	62.4427167683
0.0142642642643	1.2364271048	647.137292629	645.881096677	-859.515856968	62.442964265
0.0145045045045	1.23642465514	645.000577892	645.881069905	-859.515857028	62.4432117674
0.0147447447447	1.23642220549	642.863854688	645.881043131	-859.515857059	62.4434592471
0.014984984985	1.23641975583	640.727123017	645.881016356	-859.515856998	62.4437067324
0.0152252252252	1.23641730617	638.59038288	645.880989582	-859.515856968	62.4439542216
0.0154654654655	1.23641485651	636.453634275	645.880962807	-859.515856998	62.4442017145
0.0157057057057	1.23641240685	634.316877204	637.327402176	-850.206814121	63.1938031628
0.0159459459459	1.23640999534	632.490347298	627.021734147	-838.99090545	64.0969034454
0.0161861861862	1.23640759165	630.727359112	625.2695999	-837.084039686	64.2506509368
0.0164264264264	1.23640518796	628.964364071	625.269572684	-837.084039625	64.2509007826
0.0166666666667	1.23640278426	627.201362175	625.269545464	-837.084039807	64.2511506283
0.0169069069069	1.23640038057	625.438353424	625.269518244	-837.084039807	64.2514004514
0.0171471471471	1.23639797688	623.675337818	625.269491033	-837.084039686	64.2516502764
0.0173873873874	1.23639557319	621.912315357	625.269463821	-837.084039655	64.2519001354
0.0176276276276	1.23639316949	620.149286042	625.269436601	-837.084039655	64.2521499945
0.0178678678679	1.2363907658	618.386249871	625.269409379	-837.084039746	64.2523998346
0.0181081081081	1.23638836211	616.623206845	623.825495007	-834.574998203	63.9736168846
0.0183483483483	1.23638597045	614.902420519	614.337080756	-818.087034165	62.1402188755
0.0185885885886	1.23638364582	613.417096063	606.292557662	-804.108111609	60.5858426589
0.0188288288288	1.23638132118	611.931766021	606.292535171	-804.10811167	60.5860704885
0.0190690690691	1.23637899655	610.446430395	606.292512686	-804.1081117	60.5862983182
0.0193093093093	1.23637667192	608.961089182	606.292490202	-804.108111609	60.5865261648
0.0195495495495	1.23637434729	607.475742385	606.292467711	-804.108111579	60.5867540002
0.0197897897898	1.23637202266	605.990390001	606.292445225	-804.108111609	60.5869818222
0.02003003003	1.23636969803	604.505032033	606.292422742	-804.10811167	60.5872096632
0.0202702702703	1.2363673734	603.019668478	606.292400253	-804.108111579	60.5874375042
0.0205105105105	1.23636504876	601.534299338	606.292377764	-804.108111579	60.5876653225
0.0207507507508	1.23636272413	600.048924613	604.846519531	-803.350638175	60.5540748554
0.020990990991	1.23636040625	598.594802577	595.073332808	-798.230476509	60.3257051399
0.0212312312312	1.23635812725	597.320708307	586.745977762	-793.867788369	60.1311506356
0.0214714714715	1.23635584825	596.046609339	586.745950467	-793.867788369	60.1313723153
0.0217117117117	1.23635356925	594.772505675	586.745923154	-793.867788399	60.1315939968
0.021951951952	1.23635129024	593.498397313	586.745895851	-793.867788399	60.1318156973
0.0221921921922	1.23634901124	592.224284254	586.745868555	-793.867788399	60.1320373883
0.0224324324324	1.23634673224	590.950166497	586.745841254	-793.86778843	60.1322590623
0.0226726726727	1.23634445324	589.676044044	586.745813953	-793.867788369	60.1324807495
0.0229129129129	1.23634217423	588.401916893	586.745786648	-793.867788369	60.1327024613
0.0231531531532	1.23633989523	587.127785045	586.745759349	-793.867788308	60.1329241523
0.0233933933934	1.23633761623	585.853648499	586.745732048	-793.867788339	60.1331458244
0.0236336336336	1.23633533723	584.579507256	582.228030904	-782.711557694	59.2474897266
0.0238738738739	1.23633312078	583.460308885	577.454063826	-770.922475647	58.3115747251
0.0241141141141	1.23633090788	582.349896115	577.197770865	-770.289624456	58.2615309347
0.0243543543544	1.23632869498	581.23947937	577.197748612	-770.289624516	58.2617394871
0.0245945945946	1.23632648208	580.129058649	577.197726353	-770.289624395	58.2619480604
0.0248348348348	1.23632426918	579.018633954	577.197704097	-770.289624395	58.2621566186
0.0250750750751	1.23632205628	577.908205283	577.197681837	-770.289624425	58.2623651995
0.0253153153153	1.23631984338	576.797772638	577.197659574	-770.289624365	58.2625737747
0.0255555555556	1.23631763048	575.687336017	577.197637324	-770.289624577	58.2627823366
0.0257957957958	1.23631541758	574.576895421	577.197615071	-770.289624577	58.2629909289
0.026036036036	1.23631320468	573.46645085	577.197592803	-770.289624395	58.2631994813
0.0262762762763	1.23631099179	572.356002303	575.528116164	-766.349055069	57.6780309464
0.0265165165165	1.2363088101	571.333061843	573.068244616	-760.542838764	56.8157136465
0.0267567567568	1.23630664318	570.351550094	572.277828193	-758.677191907	56.5387682325
0.026996996997	1.23630447627	569.370034904	572.277808262	-758.677191846	56.5389664195
0.0272372372372	1.23630230935	568.388516273	572.277788332	-758.677191846	56.5391646217
0.0274774774775	1.23630014244	567.406994201	572.277768407	-758.677191937	56.5393628296
0.0277177177177	1.23629797553	566.425468689	572.277748477	-758.677191846	56.5395610204
0.027957957958	1.23629580861	565.443939736	572.277728546	-758.677191846	56.5397592282
0.0281981981982	1.2362936417	564.462407343	572.27770862	-758.677191907	56.5399574361
0.0284384384384	1.23629147479	563.480871508	572.277688691	-758.677191967	56.5401556118
0.0286786786787	1.23628930787	562.499332233	572.277668757	-758.677191846	56.5403538253
0.0289189189189	1.23628714096	561.517789517	566.813800729	-754.295840608	56.5525636394
0.0291591591592	1.2362849941	560.585310067	555.360627085	-745.111785256	56.5779388267
0.0293993993994	1.23628286924	559.706612921	549.371300059	-740.30908096	56.5913005962
0.0296396396396	1.23628074437	558.827912754	549.371277225	-740.309080991	56.5914951224
0.0298798798799	1.2362786195	557.949209567	549.371254383	-740.309081051	56.5916896656
0.0301201201201	1.23627649463	557.070503359	549.371231537	-740.30908087	56.5918841994
0.0303603603604	1.23627436977	556.191794131	549.371208709	-740.30908087	56.5920787369
0.0306006006006	1.2362722449	555.313081882	549.371185873	-740.309081051	56.5922732991
0.0308408408408	1.23627012003	554.434366612	549.371163033	-740.309081021	56.5924678442
0.0310810810811	1.23626799516	553.555648322	549.371140196	-740.309081082	56.5926623894
0.0313213213213	1.2362658703	552.676927011	549.37111736	-740.309081051	56.5928569326
0.0315615615616	1.23626374543	551.79820268	550.580902209	-738.582334945	56.0626206832
0.0318018018018	1.23626162975	550.958653122	553.139556497	-734.930364747	54.9409805832
0.032042042042	1.23625952433	550.162781798	554.488405701	-733.005140595	54.3497665815
0.0322822822823	1.23625741891	549.366907763	554.488387769	-733.005140655	54.3499517247
0.0325225225225	1.23625531349	548.571031017	554.488369835	-733.005140504	54.3501368584
0.0327627627628	1.23625320806	547.77515156	554.488351897	-733.005140443	54.350321994
0.033003003003	1.23625110264	546.979269393	554.488333963	-733.005140595	54.3505071334
0.0332432432432	1.23624899722	546.183384514	554.488316029	-733.005140595	54.3506922974
0.0334834834835	1.2362468918	545.387496925	554.488298094	-733.005140504	54.3508774349
0.0337237237237	1.23624478637	544.591606624	554.488280155	-733.005140474	54.3510625705
0.033963963964	1.23624268095	543.795713613	554.488262219	-733.005140534	54.3512477136
0.0342042042042	1.23624057553	542.999817891	547.657790024	-727.755720024	54.7322158971
0.0344444444444	1.23623851385	542.257442338	539.066159238	-721.152794638	55.211364034
0.0346846846847	1.23623646344	541.528864618	537.30498224	-719.799289853	55.3097283051
0.0349249249249	1.23623441304	540.800284481	537.30496193	-719.799289792	55.3099118091
0.0351651651652	1.23623236263	540.071701928	537.304941626	-719.799289762	55.3100953054
0.0354054054054	1.23623031222	539.343116957	537.304921322	-719.799289762	55.3102788131
0.0356456456456	1.23622826182	538.61452957	537.304901007	-719.799289792	55.3104623284
0.0358858858859	1.23622621141	537.885939766	537.304880698	-719.799289883	55.3106458418
0.0361261261261	1.23622416101	537.157347545	537.304860397	-719.799289762	55.3108293268
0.0363663663664	1.2362221106	536.428752907	537.304840088	-719.799289792	55.3110128269
0.0366066066066	1.23622006019	535.700155852	535.629325081	-717.714487912	54.4316668761
0.0368468468468	1.23621800684	535.002793896	532.68338473	-714.048907714	52.8854235287
0.0370870870871	1.23621595126	534.329115166	531.412939187	-712.468129546	52.2187046995
0.0373273273273	1.23621389568	533.655434195	531.41291912	-712.468129577	52.2188783963
0.0375675675676	1.2362118401	532.981750985	531.41289905	-712.468129486	52.2190521254
0.0378078078078	1.23620978452	532.308065533	531.412878978	-712.468129607	52.219225828
0.038048048048	1.23620772893	531.634377842	531.41285891	-712.468129637	52.2193995381
0.0382882882883	1.23620567335	530.96068791	531.412838835	-712.468129486	52.2195732482
0.0385285285285	1.23620361777	530.286995737	531.412818762	-712.468129546	52.2197469716
0.0387687687688	1.23620156219	529.613301324	531.412798697	-712.468129486	52.2199206988
0.039009009009	1.23619950661	528.93960467	527.760796549	-708.232675771	53.5710155657
0.0392492492492	1.23619750148	528.307048323	523.764984559	-703.59848217	55.049293092
0.0394894894895	1.23619550111	527.678363231	523.421154653	-703.199742102	55.1766519393
0.0397297297297	1.23619350074	527.049676104	523.421134662	-703.199742072	55.1768306107
0.03996996997	1.23619150037	526.420986943	523.421114672	-703.199742193	55.1770092878
0.0402102102102	1.2361895	525.792295747	523.421094688	-703.199742132	55.1771879421
0.0404504504505	1.23618749963	525.163602516	523.421074696	-703.199742132	55.1773666362
0.0406906906907	1.23618549925	524.53490725	523.421054711	-703.199742162	55.1775453095
0.0409309309309	1.23618349888	523.90620995	523.421034721	-703.199742072	55.1777239828
0.0411711711712	1.23618149851	523.277510615	520.517428015	-700.232080333	52.4468727469
0.0414114114114	1.23617948842	522.683477108	517.441094574	-697.087880368	49.553551244
0.0416516516517	1.23617747775	522.091503969	517.268347827	-696.911342111	49.3912507745
0.0418918918919	1.23617546708	521.499528905	517.268327608	-696.911342141	49.3914116357
0.0421321321321	1.23617345642	520.907551915	517.268307393	-696.911342141	49.3915724875
0.0423723723724	1.23617144575	520.315572999	517.268287173	-696.911342141	49.3917333525
0.0426126126126	1.23616943508	519.723592157	517.268266959	-696.91134205	49.3918942194
0.0428528528529	1.23616742441	519.13160939	517.268246741	-696.911342081	49.3920550844
0.0430930930931	1.23616541374	518.539624697	514.242180048	-689.695362848	51.9682597668
0.0433333333333	1.23616344067	517.970577331	510.279205016	-680.24520412	55.3420554109
0.0435735735736	1.23616147923	517.408630514	509.342277266	-678.011024775	56.1398160396
0.0438138138138	1.2361595178	516.846681914	509.342260502	-678.011024745	56.139994533
0.0440540540541	1.23615755637	516.28473153	509.342243725	-678.011024745	56.1401730132
0.0442942942943	1.23615559494	515.722779363	509.342226961	-678.011024775	56.1403514764
0.0445345345345	1.2361536335	515.160825413	509.342210196	-678.011024805	56.1405299472
0.0447747747748	1.23615167207	514.598869679	516.89618436	-683.97400189	53.8625324718
0.045015015015	1.23614969162	514.048185481	533.00099559	-696.686846273	49.0057148946
0.0452552552553	1.23614768963	513.510260505	541.551818199	-703.436713632	46.4270595118
0.0454954954955	1.23614568764	512.972333786	541.551805644	-703.436713602	46.4272105054
0.0457357357357	1.23614368566	512.434405324	541.551793086	-703.436713571	46.4273614801
0.045975975976	1.23614168367	511.896475121	541.55178053	-703.436713511	46.427512451
0.0462162162162	1.23613968169	511.358543175	537.003662036	-700.53831607	47.317692086
0.0464564564565	1.23613769717	510.823419732	505.808998079	-680.65872263	53.4223996084
0.0466966966967	1.236135815	510.304759372	479.162431136	-663.67752654	58.6370929188
0.0469369369369	1.23613393282	509.786097433	479.162407897	-663.67752654	58.6372727865
0.0471771771772	1.23613205065	509.267433915	479.16238466	-663.677526631	58.6374526485
0.0474174174174	1.23613016847	508.748768816	479.162361429	-663.677526661	58.637632484
0.0476576576577	1.2361282863	508.230102139	510.021031117	-677.814187634	50.3011682817
0.0478978978979	1.23612627513	507.723969555	545.576029554	-694.10227492	40.6959471479
0.0481381381381	1.23612424433	507.219743094	550.272337646	-696.253701172	39.4273463663
0.0483783783784	1.23612221353	506.715514977	550.272331578	-696.253701172	39.4274789175
0.0486186186186	1.23612018273	506.211285203	517.878618211	-686.43185238	50.4915046091
0.0488588588589	1.23611830077	505.714749717	471.425271725	-672.347095003	66.3575506856
0.0490990990991	1.2361164834	505.221552968	457.365625873	-668.08418657	71.1597461815
0.0493393393393	1.23611466603	504.728354768	493.737170535	-677.888395089	50.182194807
0.0495795795796	1.23611264558	504.23940497	546.994540536	-692.244288496	19.4654765663
0.0498198198198	1.23611053085	503.752426569	389.417198158	-499.111842567	41.6315291112
0.0500600600601	1.23610974667	-0.0	110.796914569	-142.39394221	35.9379679644
0.0503003003003	1.23610971057	-0.0	-19.9626588401	41.7441050804	-8.21374062929
0.0505405405405	1.23610973911	-0.0	-32.7821897172	41.5168771877	-11.8808483622
0.0507807807808	1.23610976533	-0.0	21.7788843642	-47.3600536788	9.24194491954
0.051021021021	1.23610963148	-0.0	18.2471063053	-42.9347002955	10.271543553
0.0512612612613	1.23610965916	-0.0	-35.9312421603	40.1740706906	-10.7680070771
0.0515015015015	1.23610972281	-0.0	-31.6818044666	33.2011873677	-8.9674473552
0.0517417417417	1.23610973338	-0.0	-2.88797663111	-11.8946915702	2.52092902738
0.051981981982	1.23610968877	-0.0	11.7880031884	-34.8796946865	8.37646128542
0.0522222222222	1.23610964417	-0.0	10.2810143444	-26.9581790219	5.83890342054
0.0524624624625	1.23610963802	-0.0	6.00979195317	-4.50641472053	-1.35323949141
0.0527027027027	1.23610970242	-0.0	3.24555833161	10.0238339767	-6.00782338382
0.0529429429429	1.23610976682	-0.0	3.24555836459	10.0238340373	-6.00782246387
0.0531831831832	1.23610983122	-0.0	4.1278349169	8.24835835601	-5.24928525228
0.0534234234234	1.23610987985	-0.0	9.58597659802	-2.73549665408	-0.556653017952
0.0536636636637	1.23610984669	-0.0	14.161841768	-11.9438759526	3.37744257644
0.0539039039039	1.23610981353	-0.0	14.1618418213	-11.943875892	3.37744285659
0.0541441441441	1.23610978037	-0.0	14.1618418726	-11.9438758012	3.3774431197
0.0543843843844	1.23610974722	-0.0	14.1618419217	-11.943875892	3.37744340363
0.0546246246246	1.23610971406	-0.0	7.71809953853	-6.54851206564	1.78320591665
0.0548648648649	1.23610971253	-0.0	-2.93568162725	2.37192940294	-0.852631775871
0.0551051051051	1.23610973166	-0.0	-7.14572034485	5.89700674227	-1.89423176562
0.0553453453453	1.2361097508	-0.0	-7.14572032642	5.89700671198	-1.8942316899
0.0555855855856	1.23610976993	-0.0	-7.14572031433	5.89700677256	-1.89423158958
0.0558258258258	1.23610978907	-0.0	-7.14572030435	5.8970066817	-1.89423149683
0.0560660660661	1.2361098082	-0.0	-7.14572028171	5.89700671198	-1.89423142301
0.0563063063063	1.23610982734	-0.0	-6.81597727885	5.52464844468	-1.4852503215
0.0565465465465	1.23610983888	-0.0	-5.65624163678	4.21503074804	-0.0468274064133
0.0567867867868	1.23610983132	-0.0	-4.82624898084	3.27777147013	0.982614463959
0.057027027027	1.23610982376	-0.0	-4.82624896994	3.27777159127	0.982614486674
0.0572672672673	1.23610981621	-0.0	-4.82624896327	3.27777147013	0.982614515067
0.0575075075075	1.23610980865	-0.0	-4.82624895871	3.27777143984	0.982614522638
0.0577477477477	1.23610980109	-0.0	-4.82624894781	3.27777150042	0.982614535889
0.057987987988	1.23610979353	-0.0	-4.82624893691	3.2777715307	0.982614577532
0.0582282282282	1.23610978597	-0.0	-4.82624893024	3.27777159127	0.982614604032
0.0584684684685	1.23610977842	-0.0	-4.82624891935	3.27777147013	0.982614624854
0.0587087087087	1.23610977086	-0.0	-3.23286752762	2.08267012667	0.513413237837
0.0589489489489	1.23610976633	-0.0	-0.933235522629	0.357851795889	-0.163757043305
0.0591891891892	1.23610976314	-0.0	-0.22698489755	-0.171865221728	-0.37172592418
0.0594294294294	1.23610975996	-0.0	-0.226984897481	-0.171865191442	-0.371725931751
0.0596696696697	1.23610975677	-0.0	-0.226984897411	-0.171865130869	-0.371725929858
0.0599099099099	1.23610975358	-0.0	-0.226984901564	-0.171865130869	-0.371725943108
0.0601501501502	1.2361097504	-0.0	-0.226984897272	-0.171865191442	-0.371725927965
0.0603903903904	1.23610974721	-0.0	-0.22698489298	-0.171865191442	-0.371725909037
0.0606306306306	1.23610974403	-0.0	-0.226984899244	-0.171865130869	-0.371725929858
0.0608708708709	1.23610974084	-0.0	-0.226984897063	-0.171865130869	-0.371725922287
0.0611111111111	1.23610973766	-0.0	-0.226984896994	-0.1718652823	-0.371725920394
0.0613513513514	1.23610973447	-0.0	-0.226984899036	-0.171865191442	-0.371725927965
0.0615915915916	1.23610973128	-0.0	-0.0881666123388	-0.0637319219095	-0.326695061403
0.0618318318318	1.23610972924	-0.0	0.660393802916	0.519362508021	-0.0838716708245
0.0620720720721	1.23610973223	-0.0	1.27013594008	0.994323910709	0.113920838049
0.0623123123123	1.23610973522	-0.0	1.27013594651	0.994323850136	0.113920813442
0.0625525525526	1.23610973821	-0.0	1.27013594661	0.99432381985	0.113920815335
0.0627927927928	1.2361097412	-0.0	1.27013594881	0.99432381985	0.113920830478
0.063033033033	1.23610974419	-0.0	1.27013595524	0.994323850136	0.113920834264
0.0632732732733	1.23610974718	-0.0	1.27013595111	0.99432381985	0.113920821013
0.0635135135135	1.23610975017	-0.0	1.27013595121	0.994323759278	0.113920828585
0.0637537537538	1.23610975316	-0.0	1.27013595975	0.99432381985	0.113920824799
0.063993993994	1.23610975614	-0.0	1.27013595773	0.99432381985	0.113920809656
0.0642342342342	1.23610975913	-0.0	1.27013595994	0.994323910709	0.113920832371
0.0644744744745	1.23610976212	-0.0	1.27013596637	0.994323850136	0.113920832371
0.0647147147147	1.23610976511	-0.0	1.27013596858	0.994323850136	0.113920817228
0.064954954955	1.2361097681	-0.0	1.27013596656	0.994323880423	0.113920826692
0.0651951951952	1.23610977109	-0.0	1.27013596666	0.99432381985	0.113920836156
0.0654354354354	1.23610977408	-0.0	1.2701359752	0.994323850136	0.113920815335
0.0656756756757	1.23610977707	-0.0	0.784798148394	0.580788440675	0.0386524583348
0.0659159159159	1.23610977548	-0.0	0.270145163847	0.142274872996	-0.0411622224306
0.0661561561562	1.23610977362	-0.0	0.240830020937	0.117296745066	-0.045708546196
0.0663963963964	1.23610977176	-0.0	0.240830027339	0.117296745066	-0.0457085310529
0.0666366366366	1.2361097699	-0.0	0.240830025295	0.117296745066	-0.0457085424102
0.0668768768769	1.23610976804	-0.0	0.240830023252	0.117296805638	-0.0457085480889
0.0671171171171	1.23610976617	-0.0	0.240830025431	0.117296745066	-0.0457085272672
0.0673573573574	1.23610976431	-0.0	0.240830023387	0.11729671478	-0.0457085348387
0.0675975975976	1.23610976245	-0.0	0.240830017121	0.117296805638	-0.0457085575533
0.0678378378378	1.23610976059	-0.0	0.240830023523	0.117296775352	-0.0457085537676
0.0680780780781	1.23610975873	-0.0	0.24083002359	0.117296745066	-0.0457085348387
0.0683183183183	1.23610975687	-0.0	0.240830025769	0.117296745066	-0.0457085196956
0.0685585585586	1.236109755	-0.0	0.240830025837	0.117296745066	-0.0457085405174
0.0687987987988	1.23610975314	-0.0	0.240830021682	0.117296775352	-0.0457085443031
0.069039039039	1.23610975128	-0.0	0.240830025973	0.117296775352	-0.0457085424102
0.0692792792793	1.23610974942	-0.0	0.240830023929	0.117296805638	-0.0457085499818
0.0695195195195	1.23610974756	-0.0	0.240830023997	0.117296775352	-0.0457085405174
0.0697597597598	1.2361097457	-0.0	0.240830024064	0.117296775352	-0.0457085329458
0.07	1.23610974383	-0.0	0.240830022021	0.117296835924	-0.0457085329458
0.0702402402402	1.23610974197	-0.0	0.2408300242	0.11729671478	-0.0457085575533
0.0704804804805	1.23610974011	-0.0	0.240830024268	0.117296684493	-0.0457085556604
0.0707207207207	1.23610973825	-0.0	0.0799922934135	-0.241413209551	-0.0318554251521
0.070960960961	1.23610974133	-0.0	-0.0934502444137	-0.628235153908	-0.0169166318585
0.0712012012012	1.2361097448	-0.0	-0.106055055524	-0.656347173936	-0.0158309633946
0.0714414414414	1.23610974826	-0.0	-0.106055053356	-0.656347204222	-0.0158309861092
0.0716816816817	1.23610975173	-0.0	-0.106055049076	-0.656347204222	-0.0158309936808
0.0719219219219	1.2361097552	-0.0	-0.106055055354	-0.656347204222	-0.0158309766448
0.0721621621622	1.23610975866	-0.0	-0.106055053186	-0.656347173936	-0.0158309785377
0.0724024024024	1.23610976213	-0.0	-0.106055051018	-0.656347113363	-0.0158309842163
0.0726426426426	1.2361097656	-0.0	-0.106055057296	-0.656347113363	-0.0158309842163
0.0728828828829	1.23610976906	-0.0	-0.106055053016	-0.656347204222	-0.0158309861092
0.0731231231231	1.23610977253	-0.0	-0.106055050848	-0.656347264794	-0.0158309747519
0.0733633633634	1.236109776	-0.0	-0.106055055014	-0.656347204222	-0.0158309823235
0.0736036036036	1.23610977946	-0.0	-0.106055050735	-0.656347173935	-0.0158309880021
0.0738438438438	1.23610978293	-0.0	-0.106055050678	-0.656347143649	-0.0158309880021
0.0740840840841	1.2361097864	-0.0	-0.106055054845	-0.656347143649	-0.0158309633946
0.0743243243243	1.23610978986	-0.0	-0.106055052677	-0.656347143649	-0.0158309633946
0.0745645645646	1.23610979333	-0.0	-0.10605505262	-0.656347173935	-0.0158309936808
0.0748048048048	1.2361097968	-0.0	-0.106055052563	-0.656347234508	-0.0158309955737
0.075045045045	1.23610980026	-0.0	-0.106055054618	-0.656347143649	-0.0158309690732
0.0752852852853	1.23610980373	-0.0	-0.10605505245	-0.656347113363	-0.0158309615017
0.0755255255255	1.2361098072	-0.0	-0.106055048171	-0.656347173935	-0.0158309861092
0.0757657657658	1.23610981066	-0.0	-0.106055054449	-0.656347264794	-0.0158309804306
0.076006006006	1.23610981413	-0.0	-0.106055056503	-0.656347234508	-0.015830972859
0.0762462462462	1.2361098176	-0.0	-0.106055052224	-0.656347173936	-0.0158309955737
0.0764864864865	1.23610982106	-0.0	-0.106055050056	-0.656347113363	-0.0158309804306
0.0767267267267	1.23610982453	-0.0	-0.106055052111	-0.656347173935	-0.0158309652875
0.076966966967	1.236109828	-0.0	-0.106055049943	-0.656347204222	-0.0158309880021
0.0772072072072	1.23610983146	-0.0	-0.620232173454	-0.175489507546	-0.0298064916876
0.0774474474474	1.23610983319	-0.0	-1.24426667755	0.408106521991	-0.0467679546546
0.0776876876877	1.23610983454	-0.0	-1.3541240494	0.510844885139	-0.0497539385435
0.0779279279279	1.23610983589	-0.0	-1.35412405045	0.510844945711	-0.0497539480079
0.0781681681682	1.23610983724	-0.0	-1.35412404516	0.510845006284	-0.049753930972
0.0784084084084	1.23610983859	-0.0	-1.35412404198	0.510844854853	-0.0497539385435
0.0786486486486	1.23610983994	-0.0	-1.35412404725	0.510844885139	-0.0497539442222
0.0788888888889	1.2361098413	-0.0	-1.35412403773	0.510844975997	-0.0497539158289
0.0791291291291	1.23610984265	-0.0	-1.35412403456	0.510844945711	-0.0497539366506
0.0793693693694	1.236109844	-0.0	-1.35412404194	0.510844915425	-0.0497539404364
0.0796096096096	1.23610984535	-0.0	-1.35412404298	0.510844915425	-0.0497539234004
0.0798498498498	1.2361098467	-0.0	-1.3541240398	0.510844945711	-0.0497539366506
0.0800900900901	1.23610984805	-0.0	-1.35412403874	0.510844945711	-0.0497539347577
0.0803303303303	1.2361098494	-0.0	-1.35412403767	0.510845006283	-0.0497539423293
0.0805705705706	1.23610985076	-0.0	-1.3541240366	0.510844975997	-0.0497539442222
0.0808108108108	1.23610985211	-0.0	-1.3541240292	0.510844885139	-0.0497539328649
0.0810510510511	1.23610985346	-0.0	-1.35412402391	0.510844945711	-0.0497539252933
0.0812912912913	1.23610985481	-0.0	-1.35412403551	0.510844945711	-0.0497539290791
0.0815315315315	1.23610985616	-0.0	-1.35412403656	0.510844945711	-0.0497539461151
0.0817717717718	1.23610985751	-0.0	-1.35412402705	0.510844915425	-0.0497539423293
0.082012012012	1.23610985887	-0.0	-1.3541240302	0.510844885139	-0.0497539196147
0.0822522522523	1.23610986022	-0.0	-1.35412403125	0.510844975997	-0.0497539215075
0.0824924924925	1.23610986157	-0.0	-1.35412402173	0.510844975997	-0.0497539423293
0.0827327327327	1.23610986292	-0.0	-1.35412402067	0.510844945711	-0.0497539385435
0.082972972973	1.23610986427	-0.0	-1.35412402382	0.510844915425	-0.0497539177218
0.0832132132132	1.23610986562	-0.0	-1.35412402487	0.510844945711	-0.0497539290791
0.0834534534535	1.23610986698	-0.0	-1.3541240238	0.510844945711	-0.0497539480079
0.0836936936937	1.23610986833	-0.0	-1.35412402062	0.510844854853	-0.0497539328649
0.0839339339339	1.23610986968	-0.0	-1.35412402167	0.510844885139	-0.0497539215075
0.0841741741742	1.23610987103	-0.0	-1.35412402271	0.510844945711	-0.0497539385435
0.0844144144144	1.23610987238	-0.0	-1.35412401954	0.510844945711	-0.0497539423293
0.0846546546547	1.23610987373	-0.0	-1.35412401425	0.510844975997	-0.0497539290791
0.0848948948949	1.23610987509	-0.0	-1.35412401318	0.510844945711	-0.049753930972
0.0851351351351	1.23610987644	-0.0	-1.35412401211	0.510844885139	-0.049753930972
0.0853753753754	1.23610987779	-0.0	-1.35412401527	0.510844885139	-0.0497539385435
0.0856156156156	1.23610987914	-0.0	-0.211499589888	0.328756262661	-0.0161845014702
0.0858558558559	1.23610987852	-0.0	0.965035824132	0.141263526803	0.0183812068542
0.0860960960961	1.23610987784	-0.0	0.998946809724	0.135859443708	0.0193774648551
0.0863363363363	1.23610987715	-0.0	0.998946812763	0.135859443708	0.0193774705338
0.0865765765766	1.23610987647	-0.0	0.99894681369	0.135859473994	0.019377483784
0.0868168168168	1.23610987579	-0.0	0.998946810395	0.135859383136	0.019377483784
0.0870570570571	1.23610987511	-0.0	0.998946813434	0.135859352849	0.0193774686409
0.0872972972973	1.23610987443	-0.0	0.998946814362	0.135859473994	0.0193774743195
0.0875375375375	1.23610987375	-0.0	0.998946817401	0.135859413422	0.0193774799982
0.0877777777778	1.23610987307	-0.0	0.99894682044	0.135859413422	0.019377483784
0.088018018018	1.23610987238	-0.0	0.998946815033	0.135859534566	0.019377483784
0.0882582582583	1.2361098717	-0.0	0.998946818072	0.13585950428	0.019377466748
0.0884984984985	1.23610987102	-0.0	0.998946819	0.135859352849	0.0193774743195
0.0887387387387	1.23610987034	-0.0	0.998946819927	0.135859413422	0.019377483784
0.088978978979	1.23610986966	-0.0	0.998946820855	0.13585950428	0.0193774762124
0.0892192192192	1.23610986898	-0.0	0.998946821783	0.135859383136	0.0193774686409
0.0894594594595	1.2361098683	-0.0	0.998946820599	0.135859413422	0.0193774743195
0.0896996996997	1.23610986762	-0.0	0.998946821526	0.135859473994	0.0193774818911
0.0899399399399	1.23610986693	-0.0	0.9989468309	0.135859413422	0.0193774762124
0.0901801801802	1.23610986625	-0.0	0.998946827604	0.135859383136	0.0193774799982
0.0904204204204	1.23610986557	-0.0	0.998946824309	0.135859443708	0.0193774762124
0.0906606606607	1.23610986489	-0.0	0.998946827348	0.135859473994	0.0193774743195
0.0909009009009	1.23610986421	-0.0	0.998946828276	0.135859443708	0.0193774856768
0.0911411411411	1.23610986353	-0.0	0.998946829203	0.135859443708	0.019377483784
0.0913813813814	1.23610986285	-0.0	0.99894682802	0.135859413422	0.0193774818911
0.0916216216216	1.23610986216	-0.0	0.998946837393	0.135859413422	0.0193774743195
0.0918618618619	1.23610986148	-0.0	0.998946834098	0.135859383136	0.0193774705338
0.0921021021021	1.2361098608	-0.0	0.99894682658	0.135859443708	0.0193774724266
0.0923423423423	1.23610986012	-0.0	0.998946833842	0.13585950428	0.0193774762124
0.0925825825826	1.23610985944	-0.0	0.998946836881	0.135859383136	0.019377483784
0.0928228228228	1.23610985876	-0.0	0.998946837808	0.135859413422	0.0193774743195
0.0930630630631	1.23610985808	-0.0	0.998946838736	0.135859443708	0.0193774610693
0.0933033033033	1.23610985739	-0.0	0.998946835441	0.135859473994	0.0193774875697
0.0935435435435	1.23610985671	-0.0	0.998946836368	0.135859443708	0.0193774724266
0.0937837837838	1.23610985603	-0.0	0.998946841519	0.135859473994	0.0193774705338
0.094024024024	1.23610985535	-0.0	0.998946840335	0.135859473994	0.0193774913555
0.0942642642643	1.23610985467	-0.0	0.998946843374	0.135859322563	0.0193774799982
0.0945045045045	1.23610985399	-0.0	0.99894684219	0.135859413422	0.0193774743195
0.0947447447447	1.23610985331	-0.0	0.998946838895	0.135859473994	0.0193774648551
0.094984984985	1.23610985262	-0.0	0.998946848268	0.135859413422	0.019377483784
0.0952252252252	1.23610985194	-0.0	0.998946849196	0.135859443708	0.0193774743195
0.0954654654655	1.23610985126	-0.0	0.998946841678	0.135859413422	0.0193774799982
0.0957057057057	1.23610985058	-0.0	0.998946844717	0.135859383136	0.0193774818911
0.0959459459459	1.2361098499	-0.0	0.998946849867	0.135859473994	0.0193774762124
0.0961861861862	1.23610984922	-0.0	0.907304253282	-0.0153040880832	0.014350881878
0.0964264264264	1.23610984883	-0.0	0.568574248218	-0.574035835416	-0.00422846469519
0.0966666666667	1.23610984922	-0.0	0.321486842184	-0.981604020672	-0.0177811866479
0.0969069069069	1.23610984962	-0.0	0.321486839946	-0.981604050958	-0.0177812036839
0.0971471471471	1.23610985002	-0.0	0.321486839818	-0.981604020671	-0.0177812169341
0.0973873873874	1.23610985041	-0.0	0.321486841803	-0.981603990385	-0.0177812131483
0.0976276276276	1.23610985081	-0.0	0.321486843787	-0.981604050958	-0.0177812131483
0.0978678678679	1.2361098512	-0.0	0.321486841548	-0.981604081244	-0.0177811998981
0.0981081081081	1.2361098516	-0.0	0.321486841421	-0.981603990385	-0.017781201791
0.0983483483483	1.236109852	-0.0	0.321486843405	-0.981603990385	-0.0177812093625
0.0985885885886	1.23610985239	-0.0	0.321486836943	-0.981604020672	-0.0177811923265
0.0988288288288	1.23610985279	-0.0	0.321486838927	-0.981603990385	-0.0177811904337
0.0990690690691	1.23610985319	-0.0	0.321486843023	-0.981604050958	-0.0177812207198
0.0993093093093	1.23610985358	-0.0	0.321486840784	-0.981604081244	-0.0177812112554
0.0995495495495	1.23610985398	-0.0	0.321486840657	-0.981603990385	-0.0177812074696
0.0997897897898	1.23610985437	-0.0	0.321486842641	-0.981603960099	-0.0177812074696
0.10003003003	1.23610985477	-0.0	0.321486836179	-0.981604050958	-0.0177811904337
0.10027027027	1.23610985517	-0.0	0.321486838164	-0.981604050958	-0.0177811942194
0.100510510511	1.23610985556	-0.0	0.321486844371	-0.981604020672	-0.0177812150412
0.100750750751	1.23610985596	-0.0	0.32148684002	-0.981604020672	-0.0177812207198
0.100990990991	1.23610985635	-0.0	0.32148683567	-0.981603990385	-0.0177812074696
0.101231231231	1.23610985675	-0.0	0.321486839766	-0.981604050958	-0.0177811998981
0.101471471471	1.23610985715	-0.0	0.321486839638	-0.981604050958	-0.0177811980052
0.101711711712	1.23610985754	-0.0	0.321486839511	-0.981603960099	-0.0177812074696
0.101951951952	1.23610985794	-0.0	0.321486843607	-0.981604020671	-0.017781201791
0.102192192192	1.23610985834	-0.0	0.321486835034	-0.981604081244	-0.0177811866479
0.102432432432	1.23610985873	-0.0	0.321486834906	-0.981604050958	-0.0177811998981
0.102672672673	1.23610985913	-0.0	0.321486841113	-0.981603990385	-0.0177812150412
0.102912912913	1.23610985952	-0.0	0.321486838875	-0.981604020671	-0.0177812169341
0.103153153153	1.23610985992	-0.0	0.321486834525	-0.981604050958	-0.017781201791
0.103393393393	1.23610986032	-0.0	0.321486836509	-0.981604050958	-0.0177812074696
0.103633633634	1.23610986071	-0.0	0.321486840604	-0.981604020672	-0.0177812055767
0.103873873874	1.23610986111	-0.0	0.321486840477	-0.981603960099	-0.0177811866479
0.104114114114	1.2361098615	-0.0	0.32148684035	-0.981604050958	-0.017781201791
0.104354354354	1.2361098619	-0.0	0.321486838111	-0.981604050958	-0.017781201791
0.104594594595	1.2361098623	-0.0	0.321486833761	-0.981604020672	-0.0177812131483
0.104834834835	1.23610986269	-0.0	0.321486837856	-0.981604050958	-0.0177812112554
0.105075075075	1.23610986309	-0.0	0.321486837729	-0.981603990385	-0.0177811923265
0.105315315315	1.23610986348	-0.0	0.321486837602	-0.981603990385	-0.0177812093625
0.105555555556	1.23610986388	-0.0	0.321486839586	-0.981604050958	-0.0177812150412
0.105795795796	1.23610986428	-0.0	0.321486835236	-0.981604050958	-0.0177812074696
0.106036036036	1.23610986467	-0.0	0.32148683722	-0.981604020671	-0.0177811998981
0.106276276276	1.23610986507	-0.0	0.321486837093	-0.981604020672	-0.0177812074696
0.106516516517	1.23610986547	-0.0	0.321486834854	-0.981604020672	-0.0177812036839
0.106756756757	1.23610986586	-0.0	0.321486836838	-0.981604050958	-0.0177811942194
0.106996996997	1.23610986626	-0.0	0.321486840933	-0.981604020671	-0.0177812112554
0.107237237237	1.23610986665	-0.0	0.321486834472	-0.981603990385	-0.017781201791
0.107477477477	1.23610986705	-0.0	0.321486830122	-0.981603990385	-0.0177811923265
0.107717717718	1.23610986745	-0.0	0.32148683844	-0.981603990385	-0.0177812074696
0.107957957958	1.23610986784	-0.0	0.321486838313	-0.981604020671	-0.0177812131483
0.108198198198	1.23610986824	-0.0	0.321486836074	-0.981604020671	-0.0177812150412
0.108438438438	1.23610986863	-0.0	0.321486833835	-0.981604050958	-0.0177812074696
0.108678678679	1.23610986903	-0.0	0.321486831597	-0.981604050958	-0.0177811866479
0.108918918919	1.23610986943	-0.0	0.321486835692	-0.981604050958	-0.0177811980052
0.109159159159	1.23610986982	-0.0	0.321486839788	-0.981604020671	-0.0177812055767
0.109399399399	1.23610987022	-0.0	0.321486837549	-0.981604020672	-0.0177811998981
0.10963963964	1.23610987061	-0.0	0.321486831088	-0.981603960099	-0.0177812055767
0.10987987988	1.23610987101	-0.0	0.293913832746	-0.928194020435	-0.017534922199
0.11012012012	1.23610987137	-0.0	-0.0716546494981	-0.2200728145	-0.0142696562534
0.11036036036	1.23610987126	-0.0	-0.409650131299	0.434638542629	-0.0112506661139
0.110600600601	1.23610987115	-0.0	-0.409650127056	0.434638512343	-0.0112506755784
0.110840840841	1.23610987104	-0.0	-0.409650124925	0.434638603201	-0.0112506736855
0.111081081081	1.23610987093	-0.0	-0.409650124905	0.434638572915	-0.0112506755784
0.111321321321	1.23610987082	-0.0	-0.409650126997	0.43463845177	-0.0112506850428
0.111561561562	1.23610987072	-0.0	-0.409650131199	0.434638482056	-0.0112506755784
0.111801801802	1.23610987061	-0.0	-0.409650126957	0.434638542629	-0.0112506717926
0.112042042042	1.2361098705	-0.0	-0.409650124825	0.434638542629	-0.0112506736855
0.112282282282	1.23610987039	-0.0	-0.409650129028	0.434638542629	-0.0112506755784
0.112522522523	1.23610987028	-0.0	-0.409650129009	0.434638512343	-0.0112506793641
0.112762762763	1.23610987017	-0.0	-0.409650126877	0.434638572915	-0.0112506907215
0.113003003003	1.23610987006	-0.0	-0.409650124746	0.434638572915	-0.0112506680068
0.113243243243	1.23610986995	-0.0	-0.409650126838	0.434638512343	-0.0112506604353
0.113483483483	1.23610986985	-0.0	-0.409650128929	0.434638542629	-0.0112506831499
0.113723723724	1.23610986974	-0.0	-0.409650128909	0.43463845177	-0.0112506755784
0.113963963964	1.23610986963	-0.0	-0.409650128889	0.434638482056	-0.0112506774713
0.114204204204	1.23610986952	-0.0	-0.409650126758	0.434638572915	-0.0112506850428
0.114444444444	1.23610986941	-0.0	-0.409650126738	0.434638572915	-0.0112506717926
0.114684684685	1.2361098693	-0.0	-0.40965012883	0.434638512343	-0.0112506642211
0.114924924925	1.23610986919	-0.0	-0.409650126698	0.434638482056	-0.0112506736855
0.115165165165	1.23610986908	-0.0	-0.409650126679	0.434638542629	-0.0112506831499
0.115405405405	1.23610986898	-0.0	-0.409650124547	0.434638572915	-0.011250681257
0.115645645646	1.23610986887	-0.0	-0.409650124527	0.434638572915	-0.0112506680068
0.115885885886	1.23610986876	-0.0	-0.40965012873	0.434638512343	-0.0112506736855
0.116126126126	1.23610986865	-0.0	-0.409650130822	0.434638482056	-0.0112506888286
0.116366366366	1.23610986854	-0.0	-0.409650126579	0.434638482056	-0.011250681257
0.116606606607	1.23610986843	-0.0	-0.409650124448	0.434638512343	-0.0112506717926
0.116846846847	1.23610986832	-0.0	-0.409650128651	0.434638572915	-0.0112506680068
0.117087087087	1.23610986821	-0.0	-0.409650128631	0.434638542629	-0.0112506793641
0.117327327327	1.2361098681	-0.0	-0.4096501265	0.434638542629	-0.0112506755784
0.117567567568	1.236109868	-0.0	-0.40965012648	0.434638482056	-0.0112506774713
0.117807807808	1.23610986789	-0.0	-0.40965012646	0.434638482056	-0.0112506698997
0.118048048048	1.23610986778	-0.0	-0.409650128552	0.434638572915	-0.0112506717926
0.118288288288	1.23610986767	-0.0	-0.40965012642	0.434638572915	-0.0112506717926
0.118528528529	1.23610986756	-0.0	-0.409650128512	0.434638572915	-0.0112506680068
0.118768768769	1.23610986745	-0.0	-0.409650128492	0.434638482056	-0.0112506945072
0.119009009009	1.23610986734	-0.0	-0.409650124249	0.434638482056	-0.0112506774713
0.119249249249	1.23610986723	-0.0	-0.409650128452	0.434638572915	-0.0112506623282
0.119489489489	1.23610986713	-0.0	-0.409650126321	0.434638572915	-0.0112506642211
0.11972972973	1.23610986702	-0.0	-0.40965012419	0.434638512343	-0.0112506755784
0.11996996997	1.23610986691	-0.0	-0.409650130504	0.434638482056	-0.0112506850428
0.12021021021	1.2361098668	-0.0	-0.409650126261	0.434638482056	-0.0112506698997
0.12045045045	1.23610986669	-0.0	-0.409650122019	0.434638482056	-0.0112506698997
0.120690690691	1.23610986658	-0.0	-0.409650128333	0.434638572915	-0.011250681257
0.120930930931	1.23610986647	-0.0	-0.409650126202	0.434638603201	-0.0112506774713
0.121171171171	1.23610986636	-0.0	-0.409650126182	0.434638572915	-0.0112506698997
0.121411411411	1.23610986626	-0.0	-0.409650130385	0.434638482056	-0.0112506850428
0.121651651652	1.23610986615	-0.0	-0.409650128254	0.434638482056	-0.0112506755784
0.121891891892	1.23610986604	-0.0	-0.409650124011	0.434638572915	-0.0112506623282
0.122132132132	1.23610986593	-0.0	-0.409650126103	0.434638482056	-0.0112506755784
0.122372372372	1.23610986582	-0.0	-0.409650128194	0.434638482056	-0.0112506888286
0.122612612613	1.23610986571	-0.0	-0.409650126063	0.434638542629	-0.0112506774713
0.122852852853	1.2361098656	-0.0	-0.409650128154	0.434638542629	-0.0112506623282
0.123093093093	1.23610986549	-0.0	-0.409650123912	0.434638512343	-0.0112506755784
0.123333333333	1.23610986538	-0.0	-0.409650126003	0.434638512343	-0.0112506793641
0.123573573574	1.23610986528	-0.0	-0.409650128095	0.434638603201	-0.0112506774713
0.123813813814	1.23610986517	-0.0	-0.409650128075	0.434638542629	-0.0112506661139
0.124054054054	1.23610986506	-0.0	-0.409650128055	0.434638512343	-0.0112506831499
0.124294294294	1.23610986495	-0.0	-0.409650123812	0.434638542629	-0.0112506850428
0.124534534535	1.23610986484	-0.0	-0.409650123792	0.434638512343	-0.0112506698997
0.124774774775	1.23610986473	-0.0	-0.409650127995	0.434638512343	-0.0112506774713
0.125015015015	1.23610986462	-0.0	-0.409650127976	0.434638542629	-0.0112506717926
0.125255255255	1.23610986451	-0.0	-0.409650125844	0.434638512343	-0.0112506642211
0.125495495495	1.23610986441	-0.0	-0.409650125824	0.434638482056	-0.0112506680068
0.125735735736	1.2361098643	-0.0	-0.409650125805	0.434638542629	-0.011250681257
0.125975975976	1.23610986419	-0.0	-0.409650125785	0.434638603201	-0.0112506831499
0.126216216216	1.23610986408	-0.0	-0.409650127876	0.434638542629	-0.0112506680068
0.126456456456	1.23610986397	-0.0	-0.409650127856	0.43463845177	-0.0112506698997
0.126696696697	1.23610986386	-0.0	-0.409650123614	0.434638512343	-0.0112506907215
0.126936936937	1.23610986375	-0.0	-0.409650127817	0.434638542629	-0.0112506869357
0.127177177177	1.23610986364	-0.0	-0.409650123574	0.434638512343	-0.0112506755784
0.127417417417	1.23610986354	-0.0	-0.394020768737	0.423550350479	-0.0104729644988
0.127657657658	1.23610986342	-0.0	-0.0876979730394	0.206231064021	0.00476965400935
0.127897897898	1.23610986324	-0.0	0.202995476307	0.0	0.0192345425091
0.128138138138	1.23610986306	-0.0	0.202995478453	3.0286173569e-08	0.0192345330447
0.128378378378	1.23610986288	-0.0	0.202995478488	0.0	0.0192345500807
0.128618618619	1.2361098627	-0.0	0.202995476411	0.0	0.0192345462949
0.128858858859	1.23610986252	-0.0	0.202995478557	0.0	0.0192345311518
0.129099099099	1.23610986234	-0.0	0.202995478591	-3.0286173569e-08	0.0192345425091
0.129339339339	1.23610986216	-0.0	0.202995478626	0.0	0.0192345462949
0.12957957958	1.23610986198	-0.0	0.202995480772	3.0286173569e-08	0.0192345349376
0.12981981982	1.2361098618	-0.0	0.202995476583	0.0	0.019234544402
0.13006006006	1.23610986162	-0.0	0.202995476618	0.0	0.019234544402
0.1303003003	1.23610986144	-0.0	0.202995478764	0.0	0.0192345519736
0.130540540541	1.23610986126	-0.0	0.202995476687	0.0	0.0192345387234
0.130780780781	1.23610986108	-0.0	0.202995478833	0.0	0.019234544402
0.131021021021	1.2361098609	-0.0	0.202995478867	0.0	0.0192345557593
0.131261261261	1.23610986073	-0.0	0.202995478902	0.0	0.0192345368305
0.131501501502	1.23610986055	-0.0	0.202995478936	0.0	0.0192345368305
0.131741741742	1.23610986037	-0.0	0.202995476859	-3.0286173569e-08	0.0192345406163
0.131981981982	1.23610986019	-0.0	0.202995476894	0.0	0.0192345216874
0.132222222222	1.23610986001	-0.0	0.20299547904	0.0	0.0192345425091
0.132462462462	1.23610985983	-0.0	0.202995479074	0.0	0.019234544402
0.132702702703	1.23610985965	-0.0	0.202995476998	3.0286173569e-08	0.0192345273661
0.132942942943	1.23610985947	-0.0	0.202995477032	0.0	0.0192345481878
0.133183183183	1.23610985929	-0.0	0.202995479178	-3.0286173569e-08	0.0192345330447
0.133423423423	1.23610985911	-0.0	0.202995481324	0.0	0.0192345387234
0.133663663664	1.23610985893	-0.0	0.202995479247	3.0286173569e-08	0.0192345538665
0.133903903904	1.23610985875	-0.0	0.202995475059	0.0	0.0192345538665
0.134144144144	1.23610985857	-0.0	0.202995477205	0.0	0.019234544402
0.134384384384	1.23610985839	-0.0	0.202995481462	0.0	0.0192345311518
0.134624624625	1.23610985821	-0.0	0.202995477274	0.0	0.0192345406163
0.134864864865	1.23610985803	-0.0	0.202995477308	0.0	0.0192345387234
0.135105105105	1.23610985785	-0.0	0.202995479454	0.0	0.0192345349376
0.135345345345	1.23610985767	-0.0	0.202995477377	0.0	0.0192345538665
0.135585585586	1.23610985749	-0.0	0.202995479523	0.0	0.0192345406163
0.135825825826	1.23610985731	-0.0	0.202995479558	0.0	0.0192345330447
0.136066066066	1.23610985713	-0.0	0.202995477481	0.0	0.0192345425091
0.136306306306	1.23610985695	-0.0	0.202995479627	0.0	0.0192345368305
0.136546546547	1.23610985677	-0.0	0.202995479661	0.0	0.0192345387234
0.136786786787	1.23610985659	-0.0	0.202995479696	0.0	0.0192345500807
0.137027027027	1.23610985641	-0.0	0.202995477619	0.0	0.0192345330447
0.137267267267	1.23610985623	-0.0	0.202995477653	0.0	0.0192345254732
0.137507507508	1.23610985605	-0.0	0.202995479799	0.0	0.0192345462949
0.137747747748	1.23610985587	-0.0	0.202995479834	0.0	0.0192345538665
0.137987987988	1.23610985569	-0.0	0.202995477757	0.0	0.019234544402
0.138228228228	1.23610985551	-0.0	0.202995479903	0.0	0.0192345292589
0.138468468468	1.23610985533	-0.0	0.202995479937	0.0	0.019234544402
0.138708708709	1.23610985515	-0.0	0.20299547786	0.0	0.0192345425091
0.138948948949	1.23610985497	-0.0	0.202995480006	0.0	0.0192345387234
0.139189189189	1.23610985479	-0.0	0.202995480041	0.0	0.0192345481878
0.139429429429	1.23610985461	-0.0	0.202995477964	0.0	0.0192345425091
0.13966966967	1.23610985443	-0.0	0.20299548011	0.0	0.0192345387234
0.13990990991	1.23610985425	-0.0	0.202995480144	0.0	0.0192345406163
0.14015015015	1.23610985407	-0.0	0.202995478067	0.0	0.0192345387234
0.14039039039	1.23610985389	-0.0	0.202995478102	0.0	0.0192345292589
0.140630630631	1.23610985371	-0.0	0.202995480248	0.0	0.0192345500807
0.140870870871	1.23610985353	-0.0	0.202995480282	0.0	0.0192345652238
0.141111111111	1.23610985335	-0.0	0.202995478205	0.0	0.019234544402
0.141351351351	1.23610985317	-0.0	0.202995480351	0.0	0.0192345349376
0.141591591592	1.23610985299	-0.0	0.202995480386	0.0	0.0192345235803
0.141831831832	1.23610985281	-0.0	0.202995478309	0.0	0.0192345273661
0.142072072072	1.23610985263	-0.0	0.202995480455	0.0	0.019234544402
0.142312312312	1.23610985245	-0.0	0.202995480489	0.0	0.0192345557593
0.142552552553	1.23610985227	-0.0	0.202995478412	0.0	0.0192345349376
0.142792792793	1.23610985209	-0.0	0.202995480558	0.0	0.0192345292589
0.143033033033	1.23610985191	-0.0	0.202995480593	0.0	0.0192345462949
0.143273273273	1.23610985173	-0.0	0.202995480627	0.0	0.0192345311518
0.143513513514	1.23610985155	-0.0	0.20299547855	0.0	0.019234544402
0.143753753754	1.23610985137	-0.0	0.202995480696	0.0	0.0192345557593
0.143993993994	1.23610985119	-0.0	0.202995478619	0.0	0.0192345576522
0.144234234234	1.23610985101	-0.0	0.202995478654	0.0	0.0192345481878
0.144474474474	1.23610985083	-0.0	0.202995482911	0.0	0.0192345273661
0.144714714715	1.23610985065	-0.0	0.202995478723	0.0	0.0192345387234
0.144954954955	1.23610985047	-0.0	0.202995478757	0.0	0.0192345425091
0.145195195195	1.23610985029	-0.0	0.202995480903	0.0	0.0192345311518
0.145435435435	1.23610985011	-0.0	0.202995478826	0.0	0.0192345481878
0.145675675676	1.23610984993	-0.0	0.202995480972	0.0	0.0192345387234
0.145915915916	1.23610984976	-0.0	0.202995481007	0.0	0.0192345349376
0.146156156156	1.23610984958	-0.0	0.20299547893	0.0	0.0192345462949
0.146396396396	1.2361098494	-0.0	0.202995481076	0.0	0.0192345425091
0.146636636637	1.23610984922	-0.0	0.20299548111	0.0	0.0192345462949
0.146876876877	1.23610984904	-0.0	0.202995479033	0.0	0.0192345330447
0.147117117117	1.23610984886	-0.0	0.202995479068	0.0	0.0192345349376
0.147357357357	1.23610984868	-0.0	0.202995481214	0.0	0.0192345481878
0.147597597598	1.2361098485	-0.0	0.20299548336	0.0	0.0192345481878
0.147837837838	1.23610984832	-0.0	0.202995481283	0.0	0.0192345387234
0.148078078078	1.23610984814	-0.0	0.202995477094	0.0	0.0192345349376
0.148318318318	1.23610984796	-0.0	0.202995481352	0.0	0.0192345462949
0.148558558559	1.23610984778	-0.0	0.202995481386	0.0	0.0192345406163
0.148798798799	1.2361098476	-0.0	0.202995479309	0.0	0.0192345387234
0.149039039039	1.23610984742	-0.0	0.202995483567	0.0	0.0192345368305
0.149279279279	1.23610984724	-0.0	0.20299548149	0.0	0.0192345406163
0.14951951952	1.23610984706	-0.0	0.202995477302	0.0	0.0192345481878
0.14975975976	1.23610984688	-0.0	0.202995481559	0.0	0.019234544402
0.15	1.2361098467	-0.0	0.202995485816	0.0	0.0192345481878
